0.00000000 -0.03759112 -0.08665031 -0.03903452 -0.01858441 0.00136874 0.05871135 0.99810106
0.00000000 -0.06023244 -0.06719948 -0.05281244 -0.01668805 0.00241035 0.07061435 0.99736117
0.00000000 -0.08870690 -0.06642274 -0.06550829 -0.01825528 0.02331000 0.09426453 0.99510682
0.00000000 -0.17938211 -0.12728451 -0.06518398 -0.00505403 0.03706730 0.10800499 0.99344622
0.00000000 -0.20971092 -0.52636517 -0.07157104 -0.07527506 0.03560821 0.21726887 0.97255332
0.00000000 -0.23689355 -0.71831673 -0.06530120 -0.08582395 0.00388762 0.15066891 0.98484416
0.00000000 -0.37154732 -0.85413259 -0.00760277 -0.05754700 -0.02386720 0.05507413 0.99653677
0.00000000 -0.38315887 -0.96402012 0.08490742 0.02385537 0.05175306 0.10144559 0.99320760
0.00000000 -0.45788393 -0.96845930 0.44458333 0.03982721 0.09636192 0.11021317 0.98842361
0.00000000 -0.53064359 -0.92391497 0.70152018 0.00630466 0.18577212 0.06158651 0.98064064
0.00000000 -0.51610357 -0.92209127 0.79140312 0.02234773 0.24397929 0.07104849 0.96691613
0.00000000 -0.50438508 -0.92554946 0.92265319 0.02104862 0.31128693 0.06333472 0.94796947
0.00000000 -0.47739455 -0.89039680 0.98569896 0.00181350 0.37272139 0.09409160 0.92315884
0.00000000 -0.26450403 -0.87291301 1.35892799 -0.00548143 0.40924310 0.07573645 0.90926016
0.00000000 -0.18248804 -0.85374213 1.54325622 -0.01908487 0.46072173 0.07272188 0.88435444
0.00000000 -0.09828680 -0.84436239 1.79940356 -0.01494171 0.46989312 0.06872027 0.87991745
0.00000000 -0.03551266 -0.82510977 1.98045011 -0.00314522 0.42091187 0.07584383 0.90391981
0.00000000 0.02116955 -0.81247127 2.11869389 0.00337772 0.40751701 0.07931242 0.90974063
0.00000000 0.03257707 -0.81578355 2.22231054 -0.00521148 0.38543405 0.07639137 0.91955304
0.00000000 0.02570060 -0.81535997 2.34990843 -0.00449485 0.37923319 0.07517227 0.92223160
0.00000000 0.01388404 -0.82388257 2.53457924 0.00339386 0.38145193 0.07941745 0.92096459
0.00000000 -0.01630880 -0.82818070 2.68081358 0.01395862 0.31383107 0.07986990 0.94601058
0.00000000 -0.04369089 -0.81119571 2.73774177 0.02840431 0.26459401 0.08048058 0.96057591
0.00000000 -0.09099148 -0.81531065 2.79739907 0.04382853 0.19020960 0.08993226 0.97663277
0.00000000 -0.11998731 -0.81083816 2.83425260 0.05331755 0.17103984 0.08705265 0.97996145
0.00000000 -0.13488480 -0.80603100 2.85497329 0.06157095 0.15582372 0.08797894 0.98193059
0.00000000 -0.15233556 -0.80656189 2.87520355 0.06100221 0.13313813 0.09006003 0.98511023
0.00000000 -0.19706140 -0.80218823 2.90704563 0.06622843 0.08978332 0.08659251 0.98997701
0.00000000 -0.20339705 -0.81523855 2.92086335 0.07184406 0.05632794 0.08275304 0.99237973
0.00000000 -0.22440321 -0.81366768 2.93345150 0.07579468 0.03087363 0.09110918 0.99247222
0.00000000 -0.23415692 -0.81604373 2.94050157 0.07435250 0.00711192 0.09292883 0.99286724
0.00000000 -0.24674945 -0.82137722 2.94936351 0.07061366 -0.02956965 0.09275338 0.99274174
0.00000000 -0.27701148 -0.81724212 2.94211986 0.07532662 -0.06689575 0.09103296 0.99073905
0.00000000 -0.29846272 -0.82704717 2.93487896 0.07722663 -0.11523108 0.09205886 0.98604412
0.00000000 -0.31680443 -0.84065312 2.91879215 0.08236611 -0.16824618 0.09727756 0.97746924
0.00000000 -0.33801717 -0.84314454 2.90152266 0.08384081 -0.20990717 0.09900695 0.96907550
0.00000000 -0.36339208 -0.84832225 2.89072109 0.08627358 -0.24811103 0.10063338 0.95962009
0.00000000 -0.40500078 -0.85617926 2.85453625 0.09043047 -0.35307173 0.09909069 0.92592857
0.00000000 -0.40792371 -0.85353498 2.80760141 0.09412366 -0.40425218 0.09787040 0.90451219
0.00000000 -0.42843641 -0.86259216 2.77252559 0.09985559 -0.48689472 0.10103178 0.86183233
0.00000000 -0.43115761 -0.86323560 2.70491441 0.10548272 -0.55510755 0.09547658 0.81952012
0.00000000 -0.42519671 -0.85219021 2.66746630 0.10829063 -0.59643312 0.08872282 0.79036000
0.00000000 -0.41465546 -0.85615450 2.64922791 0.10432757 -0.62685415 0.09270443 0.76653475
0.00000000 -0.41997239 -0.83098557 2.62599324 0.11175102 -0.64906829 0.08605341 0.74754055
0.00000000 -0.41538958 -0.82871387 2.59906241 0.11337661 -0.67546138 0.08376478 0.72379633
0.00000000 -0.40474462 -0.82219064 2.55204107 0.11364677 -0.70746869 0.08032031 0.69290773
0.00000000 -0.39628677 -0.81882971 2.48173947 0.11511576 -0.74491915 0.07853753 0.65243826
0.00000000 -0.38382028 -0.81164901 2.39046058 0.11911345 -0.78614286 0.07633060 0.60163529
0.00000000 -0.35938067 -0.79711098 2.31478027 0.12052363 -0.82321736 0.07098155 0.55022618
0.00000000 -0.32326745 -0.79045146 2.23946721 -0.11746228 0.87043376 -0.07035205 -0.47286178
0.00000000 -0.27967338 -0.77305168 2.20482873 -0.11528856 0.91382165 -0.05547135 -0.38543673
0.00000000 -0.23914524 -0.76765909 2.16591579 -0.11037141 0.95626355 -0.05677019 -0.26486851
0.00000000 -0.23024065 -0.75112225 2.11605672 -0.10999293 0.97982608 -0.04447016 -0.16082543
0.00000000 -0.23894113 -0.72855679 2.10329824 -0.10770584 0.99181306 -0.01932473 -0.06582447
0.00000000 -0.27481781 -0.71248343 1.90821204 -0.05296377 0.99850461 -0.01054869 0.00849181
0.00000000 -0.22334239 -0.56307967 1.11357829 -0.01407857 0.99825698 -0.05337077 -0.02088915
0.00000000 -0.06736562 -0.56028722 0.80649916 -0.01513857 0.99219533 -0.06842541 -0.10313686
0.00000000 -0.09686892 -0.51846993 0.30535308 -0.00616460 0.98259780 -0.07382770 -0.17033210
0.00000000 -0.09836745 -0.61963303 -0.07506722 -0.08761405 0.95316603 -0.06320966 -0.28249394
-0.00781250 -0.12889336 -0.60194093 -0.29260775 -0.09341419 0.93487926 -0.05650776 -0.33775942
0.00000000 -0.20329470 -0.60910006 -0.51923828 -0.08946183 0.90652469 -0.07100770 -0.40640801
0.00000000 -0.22678775 -0.60431313 -0.64633452 -0.08346363 0.87875454 -0.06938912 -0.46476814
0.00000000 -0.23045650 -0.60676997 -0.79284632 0.07075675 -0.83958588 0.07661093 0.53312268
0.00000000 -0.24440461 -0.59993799 -0.86239987 0.06682094 -0.79979250 0.07374328 0.59197031
0.00000000 -0.27830652 -0.50074709 -0.95547367 -0.05250187 -0.78952162 0.11388528 0.60077392
0.00000000 -0.64371531 -0.63521232 -0.91920748 0.04737159 -0.79775130 0.07398812 0.59655222
0.00000000 -0.77703340 -0.64122567 -0.98435866 0.04562899 -0.78260082 0.07237322 0.61661663
0.00000000 -0.86790826 -0.65805242 -1.03782873 0.04521960 -0.76502477 0.07678219 0.63780622
0.00000000 -0.92850848 -0.66272786 -1.06796694 0.04729225 -0.74805704 0.08047605 0.65703707
0.00000000 -0.95894087 -0.66370308 -1.07798601 0.04047751 -0.73765963 0.07911788 0.66929830
0.00000000 -1.03460150 -0.66800088 -1.07530517 0.02955533 -0.73058693 0.06630567 0.67894977
0.00000000 -1.06781847 -0.70260558 -1.07617312 0.02186747 -0.73096177 0.06878282 0.67859091
0.00000000 -1.14769356 -0.71134159 -1.07066287 0.01557555 -0.73363414 0.06996976 0.67575334
0.00000000 -1.29040363 -0.73383030 -1.04691835 0.01159683 -0.73915165 0.07223047 0.66955441
0.00000000 -1.36145602 -0.73617111 -1.03192737 0.01217096 -0.74529715 0.07628928 0.66224162
0.00000000 -1.48954768 -0.73773881 -1.03332337 0.00862017 -0.74291800 0.06334213 0.66632298
0.00000000 -1.63492331 -0.75647064 -1.05271685 0.02474553 -0.74693979 0.06512298 0.66123188
0.00000000 -1.66586825 -0.77044004 -1.05535633 0.02642801 -0.75548550 0.07356661 0.65048534
0.00000000 -1.70161770 -0.77515702 -1.05754456 0.01840425 -0.76177906 0.08333712 0.64219068
0.00000000 -1.73335037 -0.76750632 -1.06657003 0.01358819 -0.77206583 0.08230644 0.63004394
0.00000000 -1.75053301 -0.77936224 -1.07271665 0.00882072 -0.78271199 0.08482270 0.61651378
0.00000000 -1.77579233 -0.76333163 -1.04506437 0.01627717 -0.79591159 0.07950402 0.59994909
0.00000000 -1.78403042 -0.76714011 -1.05506357 0.01684148 -0.80177611 0.08204654 0.59172612
0.00000000 -1.79846349 -0.77423419 -1.05970909 0.01614868 -0.81456818 0.08213687 0.57399602
0.00000000 -1.81340172 -0.77116591 -1.06967593 0.01479104 -0.82338778 0.08592543 0.56074112
0.00000000 -1.83132374 -0.74307145 -1.11000786 0.01459033 -0.83380751 0.09243842 0.54406553
0.00000000 -1.85416034 -0.74603642 -1.11299661 0.01759631 -0.84296559 0.08556843 0.53082712
0.00000000 -1.90077447 -0.75202041 -1.08541420 -0.02349829 0.86746077 -0.07159620 -0.49176582
0.00000000 -1.91149389 -0.75415193 -1.10528528 -0.01747564 0.87181439 -0.07627415 -0.48354578
0.00000000 -1.96776249 -0.75280348 -1.09914891 -0.01920173 0.88139841 -0.07067756 -0.46666136
0.00000000 -2.01959341 -0.75771856 -1.06867309 -0.03317193 0.89241506 -0.05665132 -0.44641417
0.00000000 -2.03749771 -0.77148337 -1.09629334 -0.02759183 0.89543940 -0.06252927 -0.43990574
0.00000000 -2.13269342 -0.79336038 -1.11987265 -0.03236643 0.90684766 -0.06851689 -0.41459037
0.00000000 -2.15011960 -0.79514918 -1.11273893 -0.03395524 0.90821694 -0.07088999 -0.41105186
0.00000000 -2.17613749 -0.79991350 -1.13025577 -0.03919814 0.91230939 -0.06752465 -0.40198943
0.00000000 -2.23680600 -0.79980383 -1.13907991 -0.02781794 0.91578570 -0.06399884 -0.39555892
0.00000000 -2.25402404 -0.80257235 -1.14072612 -0.02552922 0.91901320 -0.06361813 -0.38822123
0.00000000 -2.28759529 -0.80816819 -1.15050752 -0.01997739 0.92836384 -0.06517348 -0.36536818
0.00000000 -2.30359930 -0.81830404 -1.15035810 -0.01575017 0.93504236 -0.05903272 -0.34923180
0.00000000 -2.33402521 -0.82251650 -1.15496099 -0.01866797 0.94465352 -0.05918753 -0.32214604
0.00000000 -2.37296077 -0.82261034 -1.15161006 -0.02741864 0.95360005 -0.05829146 -0.29410417
0.00000000 -2.36037527 -0.80701313 -1.09913131 -0.00801859 0.95981292 -0.06432118 -0.27305248
0.00000000 -2.37052254 -0.81834080 -1.10376712 0.00014358 0.96383303 -0.06484450 -0.25849772
0.00000000 -2.41844902 -0.81332851 -1.10212885 -0.00064566 0.97336633 -0.05891062 -0.22155610
0.00000000 -2.50013017 -0.81509237 -1.09370220 0.00903968 0.97874433 -0.05957356 -0.19603270
0.00000000 -2.54614350 -0.81306310 -1.08879296 0.00898075 0.98071171 -0.06097154 -0.18548951
0.00000000 -2.59922386 -0.81431269 -1.09671859 0.01232789 0.98037361 -0.06345682 -0.18624940
0.00000000 -2.68039813 -0.80987625 -1.12440495 0.00016946 0.98517339 -0.06197684 -0.15997575
0.00000000 -2.69654346 -0.80612113 -1.12889978 -0.00182852 0.98806886 -0.05664484 -0.14320599
0.00000000 -2.77883216 -0.80804351 -1.14286579 0.00204825 0.99144343 -0.06037366 -0.11571843
0.00000000 -2.84469393 -0.81862256 -1.14372748 0.00598351 0.99313081 -0.06455101 -0.09740919
0.00000000 -2.86581592 -0.81666056 -1.14965242 0.00511725 0.99566087 -0.05842145 -0.07225087
0.00000000 -2.90393982 -0.81914008 -1.16757654 0.00154325 0.99737404 -0.05640454 -0.04540021
0.00000000 -2.92809623 -0.81600827 -1.17488636 -0.00208959 0.99722359 -0.06084869 -0.04287401
0.00000000 -2.92377880 -0.80659982 -1.17004896 -0.00163040 0.99743083 -0.05816871 -0.04177895
0.00000000 -2.92062766 -0.80213394 -1.17750036 -0.00535781 0.99809737 -0.05482580 -0.02769606
0.00000000 -2.92020034 -0.80161411 -1.18166583 -0.00918278 0.99826236 -0.05750430 -0.00901039
0.00000000 -2.93083782 -0.80707077 -1.18959997 -0.01221262 0.99746734 -0.06706508 0.02029848
0.00000000 -2.97226640 -0.80639001 -1.20651281 -0.00319767 0.99619458 -0.06629031 0.05649543
0.00000000 -2.98365348 -0.80709986 -1.21124524 -0.00214120 0.99554901 -0.06241868 0.07057969
0.00000000 -3.04812182 -0.80702170 -1.24064957 0.00373445 0.99190419 -0.07051669 0.10554399
0.00000000 -3.12032875 -0.80034170 -1.26666366 -0.00218948 0.98856438 -0.06429697 0.13638758
0.00000000 -3.17038777 -0.81331848 -1.26218845 0.00112218 0.98320844 -0.06826873 0.16923146
0.00000000 -3.18107890 -0.80646049 -1.27080157 -0.00191062 0.98063955 -0.07126498 0.18238344
0.00000000 -3.21387490 -0.80856596 -1.27520864 -0.00162743 0.97399390 -0.06899139 0.21580878
0.00000000 -3.24262539 -0.81656649 -1.34271587 0.00802437 0.97332481 -0.07090523 0.21805247
0.00000000 -3.23079317 -0.82140581 -1.41887585 -0.00154074 0.97690320 -0.07680978 0.19939413
0.00000000 -3.19910504 -0.82400860 -1.48304150 0.00049466 0.98028217 -0.06654877 0.18605880
0.00000000 -3.17811100 -0.82978748 -1.54231298 0.00302247 0.98303958 -0.07050687 0.16927147
0.00000000 -3.16386746 -0.82639641 -1.62066661 -0.00397848 0.98651985 -0.07019284 0.14776918
0.00000000 -3.16466105 -0.82462024 -1.63191917 -0.00503242 0.98654986 -0.06985618 0.14769617
0.00000000 -3.16569313 -0.82435563 -1.64198500 -0.00569815 0.98729193 -0.06880500 0.14313645
0.00000000 -3.16623000 -0.82362820 -1.65281522 -0.00600983 0.98734118 -0.06811893 0.14311218
0.00000000 -3.16403224 -0.82059677 -1.66068463 -0.00788193 0.98750880 -0.06619728 0.14276609
0.00000000 -3.11456856 -0.82700886 -1.77966386 -0.00304179 0.98480828 -0.05828237 0.16354375
0.00000000 -3.07250185 -0.83940403 -2.00193424 -0.00533836 0.97672406 -0.05990875 0.20589451
0.00000000 -3.05911972 -0.83986804 -2.02534540 -0.00514442 0.97368848 -0.05345260 0.22146581
0.00000000 -2.99432461 -0.85969765 -2.15830823 -0.01785262 0.97008405 -0.05304999 0.23622854
0.00000000 -2.93774586 -0.87036401 -2.24520448 -0.02180144 0.96285628 -0.03499625 0.26684779
0.00000000 -2.91583223 -0.88146957 -2.32485624 -0.02260269 0.95330094 -0.04237047 0.29817978
0.00000000 -2.91207757 -0.86715947 -2.39673318 -0.00300322 0.93096432 -0.04044936 0.36285021
0.00000000 -2.88109122 -0.88976891 -2.53957678 0.00051969 0.88094552 -0.04210867 0.47134020
0.00000000 -2.82306160 -0.89302622 -2.67057804 -0.00741043 0.83064489 -0.04471517 0.55495469
0.00000000 -2.72002915 -0.88110417 -2.74591392 -0.01438220 0.81341099 -0.02794352 0.58083980
0.00000000 -2.52402790 -0.88990126 -2.84213762 0.00886207 0.78891639 -0.03470399 0.61345580
0.00000000 -2.37574363 -0.88536571 -2.94572781 0.02468739 0.76811979 -0.02133638 0.63947423
0.00000000 -2.24915593 -0.88851209 -3.05261725 0.02682640 0.74710489 -0.03054321 0.66346193
0.00000000 -1.99477458 -0.87301902 -3.15650215 0.01669236 0.73741008 -0.01830965 0.67499074
0.00000000 -1.82226502 -0.91630954 -3.18054544 0.04394206 0.73448686 -0.02221216 0.67683437
0.00000000 -1.49851781 -0.90668725 -3.28501498 0.05143799 0.72124045 0.00035518 0.69077219
0.00000000 -1.22134940 -0.89900501 -3.36554599 0.03466749 0.69753459 0.00162676 0.71571015
0.00000000 -0.81157966 -0.90828295 -3.35766758 0.04514464 0.71287273 0.00346856 0.69983026
0.00000000 -0.47739614 -0.90219627 -3.38701964 0.05759193 0.70239140 0.00729034 0.70941972
0.00000000 0.11129103 -0.86932046 -3.41709580 0.02987241 0.71788257 -0.03054853 0.69485181
0.00000000 0.35872617 -0.85609107 -3.41973921 0.02825413 0.72240609 -0.01005821 0.69081834
0.00000000 0.54217158 -0.84373823 -3.44155832 0.04107206 0.70971885 -0.00081281 0.70328627
0.00000000 1.12329843 -0.83635451 -3.43727112 0.02407488 0.71109556 -0.01747527 0.70246574
0.00000000 1.31095670 -0.84284728 -3.42469129 0.03154486 0.72904738 -0.02338022 0.68333608
0.00000000 1.42030893 -0.83773014 -3.42203658 0.02321595 0.73705313 -0.01372255 0.67529653
0.00000000 1.58348710 -0.81900602 -3.42393357 0.02175147 0.73081626 -0.00607047 0.68220057
0.00000000 1.69163069 -0.81847735 -3.40779543 0.03520418 0.71839802 0.00312335 0.69473390
0.00000000 2.23551336 -0.80374228 -3.44830904 0.02755117 0.71875832 -0.02786173 0.69415498
0.00000000 2.44644454 -0.80187979 -3.44566822 0.02629079 0.73630078 -0.01996067 0.67584874
0.00000000 2.60407461 -0.78951745 -3.44159066 0.02350262 0.73685479 0.00079129 0.67564193
0.00000000 3.30246655 -0.78475945 -3.46599936 0.02274426 0.72812971 0.00043692 0.68506177
0.00000000 3.43157015 -0.77603592 -3.45128492 0.03316310 0.71687847 -0.00315491 0.69640183
0.00000000 3.93398608 -0.77883768 -3.44097628 0.03214335 0.73171129 -0.01440847 0.68070390
0.00000000 4.17678002 -0.77167992 -3.43555844 0.02614791 0.72700640 0.00607808 0.68610571
0.00000000 4.38914398 -0.76046705 -3.46400417 0.04562309 0.70845451 0.01622340 0.70409342
0.00000000 5.22748326 -0.74176244 -3.50992452 0.02438361 0.70295051 0.01692417 0.71061917
0.00000000 6.10406103 -0.70646680 -3.58027032 0.05096205 0.69998695 0.01186695 0.71223614
0.00000000 6.77344842 -0.70206026 -3.60430470 0.03804175 0.71480341 -0.01601658 0.69810628
0.00000000 6.89113288 -0.70394351 -3.59144998 0.03790295 0.73035280 -0.00952782 0.68195116
0.00000000 7.43685770 -0.67481465 -3.59994868 0.04710199 0.70933591 0.00648427 0.70326519
0.00000000 8.32879394 -0.66995880 -3.60660490 0.03614286 0.72820495 -0.00084239 0.68440524
0.00000000 8.75348543 -0.64002330 -3.60197194 0.04434160 0.72111832 0.01041579 0.69131302
0.00000000 9.05236504 -0.64468922 -3.60829631 0.03751154 0.71144588 0.02061157 0.70143624
0.00000000 9.97634251 -0.64963794 -3.57246499 0.04630968 0.72257935 0.01071268 0.68965189
0.00000000 10.29336457 -0.62478121 -3.57522331 0.05646364 0.70589986 0.01670920 0.70585979
0.00000000 10.95649031 -0.62602270 -3.56257380 0.05026707 0.71406363 0.01265271 0.69815919
0.00000000 11.60143180 -0.61849660 -3.54117828 0.07393224 0.70838117 0.03326769 0.70115862
0.00000000 11.99641296 -0.61800245 -3.55926523 0.06004411 0.70888641 0.03412149 0.70193339
0.00000000 12.35903325 -0.61227728 -3.56313684 0.06519642 0.73122774 0.02860410 0.67840786
0.00000000 12.77504908 -0.58050163 -3.65030172 0.04700906 0.71880346 0.00836237 0.69357177
0.00000000 12.90652331 -0.59075199 -3.59990252 0.07816857 0.70875495 0.05192248 0.69918535
0.00000000 13.57640906 -0.58354135 -3.59649087 0.06866936 0.71823457 0.04715267 0.69079682
0.00000000 14.17156214 -0.57410445 -3.61235048 0.09369984 0.71703094 0.05597548 0.68844297
0.00000000 14.71932700 -0.54988938 -3.66098567 0.05477585 0.72398032 0.01528076 0.68747262
0.00000000 14.90300768 -0.55801474 -3.66315697 0.05434336 0.73986664 0.02351837 0.67014255
0.00000000 15.19761477 -0.53698798 -3.67558005 0.05588394 0.73360118 0.03577995 0.67633282
0.00000000 15.39087972 -0.51878151 -3.69029645 0.06293084 0.72110966 0.04351545 0.68858331
0.00000000 15.61034863 -0.52432325 -3.70224868 0.04964298 0.71017025 0.05357658 0.70023092
0.00000000 15.81093852 -0.53351240 -3.65967402 0.07642177 0.70301704 0.05877286 0.70460805
0.00000000 16.23978295 -0.52236501 -3.68042219 0.05838847 0.70830157 0.04002403 0.70235159
0.00000000 16.35673713 -0.53311042 -3.66306185 0.08647545 0.69467837 0.06293812 0.71132465
0.00000000 16.86384643 -0.51094221 -3.70335903 0.06497461 0.68799465 0.04334795 0.72150025
0.00000000 17.12309746 -0.49240690 -3.70429781 0.06509355 0.69774336 0.02997103 0.71275435
0.00000000 17.31712739 -0.49734695 -3.69280296 0.07216831 0.71063886 0.03534949 0.69895247
0.00000000 17.45371752 -0.52111877 -3.69781456 0.09560775 0.71931907 0.07246797 0.68424237
0.00000000 17.84692363 -0.47992457 -3.73249201 0.07931340 0.70624568 0.03427585 0.70267460
0.00000000 18.12063063 -0.48656332 -3.77671395 0.06938663 0.70677596 0.04329369 0.70269402
0.00000000 18.34491672 -0.47432602 -3.78510555 0.06992898 0.70881413 0.02570924 0.70144957
0.00000000 18.60262196 -0.47837595 -3.79055543 0.06932345 0.72503312 0.02458866 0.68477488
0.00000000 18.84745465 -0.46824142 -3.80730252 0.07427421 0.72103255 0.03089382 0.68821579
0.00000000 19.05751615 -0.45636010 -3.83195556 0.07588837 0.70872224 0.03599876 0.70046973
0.00000000 19.27428410 -0.46258673 -3.84062233 0.07072316 0.70095809 0.03641210 0.70875253
0.00000000 19.48129445 -0.44528305 -3.82644386 0.06930122 0.69652367 0.02895897 0.71359197
0.00000000 19.71379213 -0.43605293 -3.81657686 0.06599803 0.70708991 0.03889821 0.70296163
0.00000000 19.96832549 -0.43195165 -3.83852566 0.06539982 0.71337655 0.04180138 0.69646924
0.00000000 20.14347966 -0.41129736 -3.85505068 0.07821947 0.70483181 0.04891005 0.70335029
0.00000000 20.45234117 -0.41547023 -3.90964908 0.07860711 0.70007662 0.05859687 0.70730478
0.00000000 20.89038413 -0.39441607 -3.88926394 0.07701377 0.70231520 0.03642783 0.70674978
0.00000000 21.06218358 -0.40872829 -3.88057504 0.07023345 0.72009705 0.04523374 0.68882611
0.00000000 21.52590111 -0.39585073 -3.86726311 0.08808417 0.71003073 0.04563964 0.69714745
0.00000000 21.88744469 -0.40637871 -3.82342378 0.08470649 0.69754281 0.05803556 0.70914787
0.00000000 22.30951363 -0.34850275 -3.80310039 0.08499072 0.69927452 0.04686437 0.70823404
0.00000000 22.69390140 -0.35262548 -3.77549427 0.08325570 0.70997404 0.05361296 0.69723095
0.00000000 23.10786545 -0.32222644 -3.77642272 0.09567083 0.69477278 0.05468977 0.71073687
0.00000000 23.62489637 -0.35819778 -3.73761241 0.09063371 0.68727482 0.05433821 0.71866975
0.00000000 23.97829747 -0.35787151 -3.71991833 0.08767685 0.71009172 0.05712117 0.69628995
0.00000000 24.38437087 -0.34588737 -3.72439268 0.10746201 0.70669677 0.05969897 0.69675507
0.00000000 24.99882199 -0.35951668 -3.75274488 0.10631330 0.69492513 0.06737752 0.70798080
0.00000000 25.41905374 -0.33741635 -3.75307870 0.11258925 0.70611420 0.06204072 0.69633134
0.00000000 25.91289387 -0.30976802 -3.77314752 0.12014552 0.69834718 0.06538947 0.70256707
0.00000000 26.44596317 -0.29231058 -3.81252078 0.09303347 0.69083711 0.04829455 0.71537158
0.00000000 26.74271357 -0.27670818 -3.78555560 0.08512856 0.70289368 0.06023674 0.70360865
0.00000000 26.84985390 -0.26887464 -3.85158075 0.10466871 0.70802398 0.08522210 0.69316932
0.00000000 27.34755981 -0.27567605 -3.95513974 0.15301700 0.68849249 0.10240344 0.70148230
0.00000000 27.87182745 -0.29928132 -3.92736754 0.14510488 0.68574384 0.09938899 0.70627317
0.00000000 28.48939745 -0.24847571 -3.79268283 0.10182235 0.70174835 0.06593751 0.70202116
0.00000000 28.65629566 -0.30258568 -3.95596771 0.15739409 0.67251806 0.11113455 0.71455978
0.00000000 29.27095762 -0.23161753 -3.84987014 0.10678229 0.69345358 0.05299940 0.71057072
0.00000000 29.41465142 -0.29165767 -3.99105174 0.14304288 0.68930883 0.09974525 0.70316638
0.00000000 29.89878149 -0.30670681 -4.08961222 0.17992844 0.66446684 0.11961287 0.71540361
0.00000000 30.37890651 -0.23730727 -3.87523866 0.11493962 0.68370256 0.06698797 0.71753210
0.00000000 30.56537461 -0.30559054 -3.99840613 0.16127068 0.68212862 0.11392277 0.70406954
0.00000000 30.94851921 -0.24750012 -3.85263569 0.12446362 0.68802233 0.07120774 0.71138143
0.00000000 31.13389354 -0.26690378 -3.85035053 0.13141701 0.67355148 0.08011811 0.72293780
0.00000000 31.42901107 -0.26347346 -3.85570381 0.12184627 0.67984441 0.07589620 0.71916954
0.00000000 31.55887509 -0.25323915 -3.86144438 0.12868381 0.68836435 0.07004426 0.71041453
0.00000000 31.72013432 -0.24624796 -3.88027810 0.12800594 0.70220669 0.07118264 0.69674477
0.00000000 31.95031399 -0.22718882 -3.88114017 0.12305306 0.70568403 0.08070766 0.69307594
0.00000000 32.12486108 -0.23216330 -3.86405063 0.12856417 0.69339848 0.09097608 0.70313097
0.00000000 32.24870361 -0.23741855 -3.87265861 0.13405873 0.68259251 0.08529012 0.71331712
0.00000000 32.32313309 -0.23497219 -3.86168169 0.12467059 0.67853491 0.08852375 0.71847837
0.00000000 32.47979137 -0.23272007 -3.84182139 0.12101225 0.68350392 0.08812544 0.71443147
0.00000000 32.64222801 -0.23694787 -3.81087738 0.11599654 0.69686630 0.08774368 0.70229852
0.00000000 32.78235999 -0.24740403 -3.78807132 0.11413048 0.70294892 0.09292181 0.69584667
0.00000000 32.95127788 -0.24596052 -3.77144749 0.12110491 0.70049681 0.09162457 0.69731109
0.00000000 33.07481664 -0.23709655 -3.76871093 0.12794528 0.69888411 0.08856553 0.69810254
0.00000000 33.17042343 -0.23911039 -3.76885620 0.12223724 0.69779762 0.09050594 0.69996087
0.00000000 33.27690272 -0.24590877 -3.77272921 0.11968316 0.70178377 0.09246623 0.69615048
0.00000000 33.36268031 -0.24499110 -3.77116847 0.11310456 0.71215386 0.09409934 0.68643248
0.00000000 33.42949066 -0.24197866 -3.76601396 0.10886858 0.72352431 0.09476896 0.67504003
0.00000000 33.50643582 -0.24271367 -3.75608067 0.10718087 0.74049642 0.09126791 0.65715103
0.00000000 33.56124376 -0.24883161 -3.74848113 0.11086285 0.75441077 0.08669253 0.64113822
0.00000000 33.67868716 -0.26191138 -3.73524355 0.11361018 0.78517311 0.09028337 0.60203391
0.00000000 33.76102326 -0.25848237 -3.73358102 0.10624279 0.79951403 0.09348231 0.58373868
0.00000000 33.83851713 -0.24581639 -3.74192270 0.09874526 0.81056623 0.09687084 0.56907627
0.00000000 33.90064746 -0.22787573 -3.76341305 0.09885697 0.82267560 0.09912943 0.55100410
0.00000000 33.93348238 -0.21765049 -3.80601019 0.09967402 0.83185444 0.09389969 0.53783467
0.00000000 34.00333472 -0.20800375 -3.83485253 0.09332840 0.84798062 0.09771282 0.51251427
0.00000000 34.01990986 -0.20458229 -3.84496395 0.08832567 0.85405245 0.10165313 0.50245361
0.00000000 34.03974107 -0.20301161 -3.86765740 0.08285506 0.86616129 0.10572954 0.48137399
0.00000000 34.06085796 -0.20778031 -3.89166669 0.07932275 0.88057686 0.11063585 0.45392951
0.00000000 34.05684059 -0.21588448 -3.92284313 0.07498483 0.89132829 0.11295945 0.43260988
0.00000000 34.04201697 -0.22659991 -3.94288240 0.07486009 0.89715905 0.11737021 0.41919666
0.00000000 34.04509224 -0.23637869 -3.95491480 0.07069654 0.90897494 0.11940547 0.39307619
0.00000000 34.05248948 -0.23102828 -3.95641730 0.06448277 0.92271038 0.11675770 0.36168378
0.00000000 34.04772574 -0.22801773 -3.98223009 0.05790485 0.93362175 0.11913260 0.33287368
0.00000000 34.03923112 -0.22692769 -3.99760931 0.05039510 0.94346912 0.12018038 0.30476716
0.00000000 34.03850035 -0.22678121 -4.00125073 0.04686711 0.95122053 0.11973918 0.28043807
0.00000000 34.02849545 -0.22688230 -4.01323911 0.04422417 0.95546694 0.11889928 0.26643971
0.00000000 34.02095120 -0.22042845 -4.02540781 0.03874858 0.96207925 0.11853863 0.24259156
0.00000000 34.01017973 -0.22255080 -4.04586170 0.02968336 0.97141746 0.11550155 0.20524719
0.00000000 34.00330851 -0.22545629 -4.05255207 0.02226488 0.97795191 0.10990439 0.17616858
0.00000000 33.99214427 -0.22478473 -4.05932032 0.01624812 0.98379630 0.10680206 0.14308793
0.00000000 33.99831486 -0.21512491 -4.06465583 0.00535145 0.98838238 0.10913888 0.10564249
0.00000000 34.01692188 -0.18887559 -4.08456551 -0.01180920 0.99108110 0.11159932 0.07186367
0.00000000 34.06572858 -0.14533691 -4.17825697 -0.01541885 0.99281309 0.11177274 0.03989077
0.00000000 34.08481496 -0.12596434 -4.22520747 -0.01548865 0.99341306 0.11295198 0.01150827
0.00000000 34.12810814 -0.10044541 -4.29856031 -0.01766277 0.99315219 0.11375499 -0.01991355
0.00000000 34.16353642 -0.08627850 -4.34752093 -0.02924147 0.99120056 0.11102379 -0.06587941
0.00000000 34.19880037 -0.08314952 -4.36806215 -0.04724915 0.98478134 0.10789227 -0.12779863
0.00000000 34.25138704 -0.08427091 -4.40208463 -0.05505545 0.97009543 0.10723990 -0.21067359
0.00000000 34.27645213 -0.08520135 -4.41475808 -0.07134960 0.95468937 0.10224800 -0.27022728
0.00000000 34.32140737 -0.07241243 -4.41422096 -0.09198318 0.93429006 0.10224335 -0.32891866
0.00000000 34.33697647 -0.07523066 -4.40092468 -0.09549347 0.91725869 0.10532754 -0.37205323
0.00000000 34.41927076 -0.07442975 -4.40066937 -0.09482609 0.90375539 0.09403606 -0.40668345
0.00000000 34.47935831 -0.08275067 -4.37836433 -0.10077551 0.88377093 0.09804502 -0.44629634
0.00000000 34.49895482 -0.08807926 -4.36736428 -0.11174944 0.85904318 0.09560767 -0.49032240
0.00000000 34.53787581 -0.08974705 -4.38083144 0.13156296 -0.81076903 -0.08473096 0.56406154
0.00000000 34.56728701 -0.09719632 -4.37666733 0.14092061 -0.77084817 -0.07096105 0.61717016
0.00000000 34.54614905 -0.08894478 -4.36048773 0.14123024 -0.72523223 -0.06974293 0.67024485
0.00000000 34.42351676 -0.08467954 -4.35105939 0.12939352 -0.71137440 -0.06880577 0.68736421
0.00000000 34.13816870 -0.09345926 -4.34936927 0.12876746 -0.73259207 -0.06799655 0.66490922
0.00000000 33.86071264 -0.07587105 -4.39304749 0.13941753 -0.71461356 -0.07426347 0.68145077
0.00000000 33.69367665 -0.06326080 -4.40396876 0.13293820 -0.68266994 -0.07336675 0.71477725
0.00000000 32.86419367 -0.09248233 -4.40046028 0.14617117 -0.68794063 -0.07106116 0.70733442
0.00000000 32.57875109 -0.10929630 -4.39722023 0.14705850 -0.67235840 -0.07268604 0.72182042
0.00000000 32.28865391 -0.11334860 -4.37505154 0.14264332 -0.69462333 -0.06293652 0.70227510
0.00000000 32.12846811 -0.12949845 -4.37267578 0.13070928 -0.71755014 -0.06304723 0.68122091
0.00000000 31.62938514 -0.14275285 -4.39826510 0.14773905 -0.70187468 -0.05557374 0.69459101
0.00000000 30.96361159 -0.14411112 -4.42452702 0.13212306 -0.70655638 -0.05755674 0.69282668
0.00000000 30.65321628 -0.12033875 -4.47165692 0.13323922 -0.71425318 -0.06861368 0.68365332
0.00000000 29.74455520 -0.13423872 -4.53689143 0.13389436 -0.72317816 -0.04877436 0.67580079
0.00000000 28.78479612 -0.14648392 -4.59025658 0.14262808 -0.70576323 -0.06068108 0.69128380
0.00000000 27.85171275 -0.15244557 -4.58945140 0.12860253 -0.72411102 -0.05230575 0.67556549
0.00000000 27.43833579 -0.13013801 -4.62116229 0.13061890 -0.70799970 -0.05578486 0.69178261
0.00000000 26.59739051 -0.16023886 -4.62457465 0.12446778 -0.72517201 -0.05049009 0.67533998
0.00000000 25.76729733 -0.17023002 -4.66343167 0.12320230 -0.70327235 -0.04923324 0.69843059
0.00000000 25.33195673 -0.16255214 -4.65492559 0.10699695 -0.71643580 -0.04965234 0.68760893
0.00000000 24.78602244 -0.17898382 -4.64415434 0.11670649 -0.70339861 -0.05206676 0.69921316
0.00000000 24.36504051 -0.19227744 -4.63575993 0.10534190 -0.68685865 -0.05484254 0.71702202
0.00000000 23.95817409 -0.19846979 -4.61188343 0.09289226 -0.71446123 -0.04378971 0.69209728
0.00000000 23.18756259 -0.23003017 -4.63810780 0.09651920 -0.69789736 -0.03061905 0.70900338
0.00000000 22.45213691 -0.25713842 -4.61736081 0.09228056 -0.71083284 -0.03522800 0.69639066
0.00000000 21.99264613 -0.25558860 -4.60579720 0.09490215 -0.69346009 -0.03807146 0.71320211
0.00000000 21.56887117 -0.26105721 -4.58102864 0.08715709 -0.70885920 -0.02781258 0.69939169
0.00000000 21.19611803 -0.28846087 -4.57146526 0.08110942 -0.73199342 -0.03136339 0.67573902
0.00000000 20.83972933 -0.28937935 -4.55248945 0.08502017 -0.70495480 -0.02097250 0.70382559
0.00000000 20.43584712 -0.29537597 -4.53561574 0.07823596 -0.69530329 -0.02382513 0.71404820
0.00000000 20.02105347 -0.31889831 -4.53125710 0.06517984 -0.71138040 -0.02697582 0.69925805
0.00000000 19.19480781 -0.32899840 -4.55501895 0.07232678 -0.71824634 -0.01918607 0.69175352
0.00000000 18.60539451 -0.35520193 -4.55152676 0.08859104 -0.72947319 -0.02654219 0.67772856
0.00000000 18.34848176 -0.37111180 -4.55813025 0.08619858 -0.70866797 -0.01259918 0.70014340
0.00000000 17.92600879 -0.36709844 -4.56287113 0.08006559 -0.72249176 -0.00614313 0.68670038
0.00000000 17.61569585 -0.38557957 -4.58221848 0.07727737 -0.72927316 -0.01439508 0.67969232
0.00000000 17.22487789 -0.39687491 -4.62033307 0.08111809 -0.71865278 -0.00767593 0.69057883
0.00000000 16.90905011 -0.39667010 -4.60581789 0.07421894 -0.71995722 -0.00880993 0.68998228
0.00000000 16.62131955 -0.42936316 -4.58401055 0.06316262 -0.72077746 -0.00202764 0.69027981
0.00000000 16.32373184 -0.41642459 -4.58041282 0.06901910 -0.71594209 -0.00228148 0.69473598
0.00000000 15.99381926 -0.43994198 -4.58780382 0.05963769 -0.71261729 0.00173311 0.69901140
0.00000000 15.66665673 -0.43908650 -4.55329469 0.04757768 -0.71930814 -0.00248496 0.69305555
0.00000000 15.02313128 -0.43382092 -4.58891281 0.08230289 -0.72258206 -0.01221851 0.68625950
0.00000000 15.04167029 -0.45078897 -4.56728020 0.06060549 -0.71685058 -0.00618521 0.69456026
0.00000000 14.51415768 -0.44273557 -4.60458226 0.05118358 -0.72782021 0.00448400 0.68384054
0.00000000 13.96404847 -0.45122136 -4.65142482 0.06750613 -0.73764725 -0.00594358 0.67177685
0.00000000 13.71256677 -0.45909062 -4.67475798 0.06334161 -0.72935353 -0.00221249 0.68119481
0.00000000 13.51386378 -0.47249285 -4.68408238 0.05226721 -0.72126858 0.00882296 0.69062430
0.00000000 13.08248659 -0.47073360 -4.69058043 0.06270754 -0.73404925 -0.00070689 0.67619447
0.00000000 12.28508777 -0.47387544 -4.67638602 0.06441604 -0.72838276 -0.00723709 0.68209732
0.00000000 12.27882124 -0.48828845 -4.69305081 0.05043035 -0.71659512 -0.00031391 0.69566380
0.00000000 11.54154095 -0.50116452 -4.64881458 0.03611782 -0.72310366 0.02143166 0.68946159
0.00000000 10.86602176 -0.52159316 -4.68859066 0.03857198 -0.71258571 0.01551218 0.70035218
0.00000000 10.44333106 -0.50859516 -4.67392195 0.03395345 -0.72927745 0.01951946 0.68309630
0.00000000 9.74394093 -0.52495313 -4.68148610 0.03833979 -0.73528949 0.01287296 0.67654542
0.00000000 8.98878029 -0.54917035 -4.68752816 0.03805217 -0.74733287 0.02631506 0.66283718
0.00000000 8.31235656 -0.55413266 -4.71585171 0.04837338 -0.73940615 0.00665922 0.67148657
0.00000000 8.10604698 -0.57946388 -4.74804927 0.03346973 -0.72481742 0.02754642 0.68757594
0.00000000 7.34594613 -0.60879776 -4.73787718 0.03200841 -0.73804881 0.02627623 0.67347530
0.00000000 6.79193274 -0.61045398 -4.77393283 0.03438614 -0.72644213 0.02095599 0.68604685
0.00000000 6.40551232 -0.60414648 -4.78033583 0.02479011 -0.73978282 0.03195677 0.67162906
0.00000000 5.80379829 -0.63444715 -4.78897270 0.03519535 -0.73020599 0.04675817 0.68071593
0.00000000 5.50574054 -0.66496038 -4.77784148 0.01909111 -0.70422964 0.04290504 0.70841747
0.00000000 4.87997292 -0.68704482 -4.71284934 0.01401179 -0.72231561 0.04463220 0.68997956
0.00000000 4.26149742 -0.71267703 -4.69225058 0.01102077 -0.71045051 0.04376137 0.70229877
0.00000000 3.78846244 -0.71456285 -4.64625746 0.00362898 -0.72920144 0.04611012 0.68273417
0.00000000 3.10628389 -0.75138359 -4.64892061 0.02088318 -0.71815991 0.05028894 0.69374438
0.00000000 2.61707954 -0.76682703 -4.68541819 0.00357011 -0.72835897 0.06940142 0.68166261
0.00000000 2.11670061 -0.73975421 -4.74698312 0.03929248 -0.72870788 0.03464060 0.68281840
0.00000000 1.87262535 -0.84408182 -4.78500402 -0.01707279 -0.71458071 0.07442959 0.69537268
0.00000000 1.41146302 -0.85295278 -4.82979090 -0.02731427 -0.71532021 0.08577284 0.69297471
0.00000000 0.89914795 -0.77937909 -4.91145901 0.01172069 -0.69281170 0.04415400 0.71967006
0.00000000 0.69046986 -0.89909948 -4.92867831 -0.03724596 -0.65943865 0.08611283 0.74588068
0.00000000 0.31995903 -0.93065640 -4.91773888 -0.05174678 -0.65094693 0.10708864 0.74974822
0.00000000 -0.06036942 -0.82847262 -4.94556191 0.01009101 -0.63464726 0.05745098 0.77059743
0.00000000 -0.29463046 -0.97490751 -4.94371144 -0.04955147 -0.60926167 0.10325819 0.78465445
0.00000000 -0.64276343 -0.84122959 -4.97072863 0.01298419 -0.59730293 0.06129232 0.79956480
0.00000000 -0.89073953 -0.83842549 -4.96782538 0.01114764 -0.60073129 0.06481147 0.79674157
0.00000000 -1.11666696 -0.84151567 -4.98516300 0.01510209 -0.57341167 0.05017735 0.81758988
0.00000000 -1.18130241 -0.85050599 -4.99199984 0.02118715 -0.55525499 0.04912999 0.82995738
0.00000000 -1.24993821 -0.86057921 -5.00723753 0.01375839 -0.53614348 0.04700415 0.84270486
0.00000000 -1.35599088 -0.86448173 -5.02280493 0.01420564 -0.51002664 0.05010566 0.85858049
0.00000000 -1.51898375 -0.96008664 -4.99654542 -0.01596559 -0.48986780 0.05554107 0.86987921
0.00000000 -1.90858487 -0.88786973 -5.01622944 0.00583794 -0.44084303 0.04800597 0.89628052
0.00000000 -2.00360642 -0.89672941 -4.99929277 0.00736552 -0.41527749 0.04525131 0.90853876
0.00000000 -2.08669350 -0.89915302 -5.00091382 0.01344617 -0.38288678 0.04803562 0.92244756
0.00000000 -2.15430987 -0.89971188 -4.99416203 0.02011092 -0.35381822 0.04854564 0.93383700
0.00000000 -2.25483743 -0.90198008 -4.99127339 0.00980655 -0.32124808 0.05232379 0.94549761
0.00000000 -2.47070598 -0.90207533 -4.96317105 0.01110693 -0.27756104 0.04879524 0.95940374
0.00000000 -2.62760187 -0.89882318 -4.88680801 0.01109114 -0.23258075 0.04587689 0.97143116
0.00000000 -2.72812708 -0.91321731 -4.84841004 0.01611594 -0.20331512 0.03439422 0.97837635
0.00000000 -2.75215532 -0.91924630 -4.82659568 0.02049853 -0.18033521 0.03035465 0.98292300
0.00000000 -2.77810139 -0.92645441 -4.81625811 0.02140665 -0.15373194 0.02798658 0.98748418
0.00000000 -2.82206266 -0.92881451 -4.80249593 0.03104586 -0.12468309 0.02709719 0.99134052
0.00000000 -2.88472781 -0.92667183 -4.79473903 0.03019545 -0.09249175 0.02506150 0.99493991
0.00000000 -2.94738119 -0.90953174 -4.62385343 0.02937727 -0.07527358 0.01822678 0.99656342
0.00000000 -2.97156568 -0.89605269 -4.53139960 0.02096972 -0.07755002 0.03266753 0.99623245
0.00000000 -2.97678361 -0.89731866 -4.50092807 0.01906680 -0.08351525 0.03675851 0.99564576
0.00000000 -2.98328828 -0.89139563 -4.46580996 0.02036303 -0.08640610 0.03714926 0.99535886
0.00000000 -3.00152253 -0.86788987 -4.38932166 0.01316542 -0.07893399 0.03099935 0.99631076
0.00000000 -3.03558561 -0.86371783 -4.31123781 0.00730297 -0.05743448 0.03111621 0.99783753
0.00000000 -3.04554397 -0.86142267 -4.25886091 0.00730863 -0.04545367 0.03349460 0.99837801
0.00000000 -3.06014634 -0.86238239 -4.21620087 0.00850579 -0.03378502 0.04030172 0.99857999
0.00000000 -3.09599347 -0.86176624 -4.13272879 0.00894396 -0.00773919 0.03504808 0.99931564
0.00000000 -3.04356318 -0.84866630 -4.08854486 0.00496056 0.01430916 0.03582980 0.99924315
0.00000000 -2.98999688 -0.83417936 -4.04320203 0.00311952 0.01411375 0.03448946 0.99930053
0.00000000 -2.98981254 -0.83436936 -4.01527406 0.00153147 0.01594018 0.03495161 0.99926070
0.00000000 -3.00250219 -0.83446974 -3.99554232 0.00018476 0.01822474 0.02992124 0.99938608
0.00000000 -3.00159129 -0.82196005 -3.85131820 0.01362417 0.00245545 0.03296512 0.99936062
0.00000000 -2.99700060 -0.81752761 -3.73481096 0.00743322 -0.02100246 0.03406608 0.99917123
0.00000000 -2.99827340 -0.81174156 -3.62824501 0.00402536 -0.02989268 0.03278903 0.99900706
0.00000000 -3.01352390 -0.79968243 -3.48934890 0.00496257 -0.00635608 0.02396469 0.99968028
0.00000000 -3.02626640 -0.79781157 -3.40859137 0.00836466 0.02583160 0.01818110 0.99946596
0.00000000 -3.03079208 -0.79616438 -3.33243202 0.01284883 0.07014911 0.01422781 0.99735228
0.00000000 -2.97027401 -0.86389425 -3.22500218 0.04188273 0.12626757 0.06238725 0.98914618
0.00000000 -2.87767324 -0.78094817 -2.87888976 -0.00316143 0.20609869 0.01750134 0.97836958
0.00000000 -2.79989676 -0.76603050 -2.73625305 0.01097982 0.30407376 0.01025315 0.95253003
0.00000000 -2.68907768 -0.90006549 -2.75581635 0.04887024 0.38585461 0.09269259 0.91658933
0.00000000 -2.37148366 -0.84347975 -2.57477618 0.02666284 0.45587617 0.09304739 0.88476449
0.00000000 -2.19704438 -0.70416826 -2.35764986 -0.00689507 0.55199648 0.01122722 0.83374234
0.00000000 -1.95152892 -0.78745202 -2.41633675 0.01203658 0.61608008 0.08502850 0.78298826
0.00000000 -1.39556409 -0.68091562 -2.32862481 -0.00210401 0.58655111 0.08523214 0.80541223
0.00000000 -0.91689211 -0.59723294 -2.20616887 0.00002529 0.53383546 0.08030301 0.84176667
0.00000000 -0.72143527 -0.58817271 -2.08614231 0.00227488 0.44162562 0.03307422 0.89658671
0.00000000 -0.52152965 -0.55645913 -1.98744122 0.00445641 0.36116373 0.03320612 0.93190035
0.00000000 -0.38188306 -0.53674821 -1.81124935 0.01279809 0.32291054 0.02773669 0.94593640
0.00000000 -0.32110326 -0.51966811 -1.67783061 0.00862337 0.24980532 0.03057512 0.96777482
0.00000000 -0.24753620 -0.50124105 -1.54949413 0.02399968 0.18401628 0.04487409 0.98160498
0.00000000 -0.15460623 -0.49118297 -1.42927571 0.04650623 0.14117147 0.05470988 0.98737765
0.00000000 -0.05301855 -0.46541381 -1.29596061 0.05727528 0.09765667 0.07700092 0.99058244
0.00000000 0.13804640 -0.44715512 -0.96063541 0.08662124 0.04801434 0.03006898 0.99462920
0.00000000 0.22707740 -0.41754670 -0.87005367 0.10461657 -0.00870788 0.01134712 0.99440977
0.00000000 0.23102710 -0.37666504 -0.83111013 0.02405767 0.01350298 0.06758744 0.99733186
0.00000000 0.25134278 -0.24995335 -0.81253296 0.02783257 0.01506904 0.05585328 0.99793721
0.00000000 0.25966254 -0.06179547 -0.80303271 0.03653716 0.01276460 0.06292525 0.99726752
0.00000000 0.26326709 0.10475385 -0.81525410 -0.00427272 0.02948009 0.12611469 0.99156833
0.00000000 0.25777081 0.20067374 -0.83823406 -0.01386657 0.01255963 0.09721740 0.99508731
0.00000000 0.23916127 0.23033003 -0.87726523 0.01269195 -0.01925210 0.08464638 0.99614420
0.00000000 0.24748948 0.21994508 -0.86561991 0.00934083 -0.01883311 0.08395046 0.99624815
0.00000000 0.24632979 0.21818488 -0.86568275 0.00903187 -0.01853525 0.08525985 0.99614539
0.00000000 0.24699228 0.21960603 -0.86683839 0.00910802 -0.01885124 0.08424270 0.99622530
0.00000000 0.17552087 0.20362569 -0.84832428 0.01567981 0.00035343 0.10531746 0.99431497
0.00000000 0.17291027 0.20225593 -0.84888186 0.01491943 -0.00029474 0.11090493 0.99371898
0.00000000 0.08451561 0.17800341 -0.78353931 0.01405054 0.00672220 0.11025827 0.99378092
0.00000000 0.08479260 0.17515557 -0.78385590 0.01340740 0.00674956 0.10974264 0.99384669
0.00000000 0.12463225 0.18148483 -0.78036293 0.01157973 0.00155861 0.11367269 0.99344955
0.00000000 0.16223554 0.18623246 -0.75565735 0.01274720 -0.00312070 0.11719400 0.99302232
0.00000000 0.19036585 0.18845706 -0.72422964 0.02090527 -0.00911561 0.12313577 0.99212774
0.00000000 0.21262336 0.17888221 -0.70653539 0.01614122 -0.00779733 0.12000960 0.99261088
0.00000000 0.23343054 0.17782675 -0.69891995 0.01091308 -0.00715049 0.11152303 0.99367620
0.00000000 0.29245152 0.18350679 -0.67734248 0.00558415 -0.01354576 0.09381207 0.99548211
0.00000000 0.28146535 0.19294572 -0.69061973 0.00519441 -0.01194746 0.09279700 0.99559982
0.00000000 0.27779078 0.19403882 -0.69054498 0.00630502 -0.00915432 0.08559206 0.99626826
0.00000000 0.28057980 0.19313116 -0.69164801 0.00496990 -0.01184614 0.09289148 0.99559336
