0.00000000 0.00000000 0.00000000 0.00000000 0.00000000 0.00000000 0.00000000 1.00000000
0.00000000 0.00152949 0.00018422 0.00071353 -0.00019112 -0.00010567 -0.00003741 0.99999998
-0.00781250 -0.03616811 0.00070679 0.00539972 -0.00072008 -0.00746034 -0.00956249 0.99992619
0.00000000 -0.08472658 -0.10989487 0.01536072 -0.00280067 0.00187169 0.00783083 0.99996366
-0.00781250 -0.10214509 -0.21618974 0.01795336 0.00802746 0.01226234 0.00282681 0.99988860
0.00000000 -0.13146688 -0.35618171 0.01438456 0.03248793 0.01807077 0.00632382 0.99928874
0.00000000 -0.15639740 -0.57321075 -0.01075737 0.03559527 0.02149004 -0.04435478 0.99815019
0.00000000 -0.15923679 -0.65941175 -0.04914291 0.10143904 0.02111473 -0.00020429 0.99461764
0.00000000 -0.24487080 -0.73068063 0.11208887 0.08868541 0.05789699 0.00641874 0.99435488
0.00000000 -0.28646755 -0.82291546 0.29193357 0.04646326 0.01560909 0.02006335 0.99859651
0.00000000 -0.23588516 -0.83912699 0.66456080 0.07559456 0.03147868 0.00234295 0.99663888
0.00000000 -0.21064156 -0.81760618 0.87551282 0.07288205 0.11195016 0.00676481 0.99101443
0.00000000 -0.18906754 -0.81201281 1.01799264 0.07484553 0.15951811 -0.00193263 0.98435176
0.00000000 -0.14552965 -0.79213062 1.37158584 0.06273037 0.15825393 0.01103765 0.98534195
0.00000000 -0.11076023 -0.80098997 1.54163586 0.07594382 0.14533307 0.00584641 0.98644648
0.00000000 -0.06891178 -0.79921011 1.89641071 0.07034287 0.14156063 -0.00405123 0.98741889
0.00000000 -0.07692287 -0.81365745 2.09110219 0.08539298 0.14422669 -0.01276160 0.98577068
0.00000000 -0.08257587 -0.81050196 2.27471352 0.07460731 0.14331918 0.00395148 0.98685245
0.00000000 -0.06452778 -0.80323411 2.33389434 0.06597559 0.11982119 0.00322142 0.99059564
0.00000000 -0.08073693 -0.76802966 2.49475088 0.07740960 0.08116542 0.00392945 0.99368229
0.00000000 -0.08766691 -0.76334603 2.56003717 0.07057833 0.06479064 0.00112473 0.99539922
0.00000000 -0.07286793 -0.75960901 2.61515453 0.09054649 0.05064872 -0.01079814 0.99454484
0.00000000 -0.05393078 -0.75560095 2.68293867 0.08144672 0.02885320 -0.00321103 0.99625479
0.00000000 -0.09952822 -0.73867337 2.81527288 0.07565846 0.01158422 -0.00548753 0.99705140
0.00000000 -0.12760633 -0.73531335 2.89625425 0.07567361 -0.00059654 -0.00544157 0.99711762
0.00000000 -0.11328988 -0.73031849 2.93321535 0.07862337 -0.02539884 -0.00285250 0.99657670
0.00000000 -0.10240293 -0.72648137 2.96393935 0.08936822 -0.04253308 -0.00005289 0.99509007
0.00000000 -0.13107960 -0.73683266 2.99724444 0.09642051 -0.05016177 0.00384916 0.99406844
0.00000000 -0.15100510 -0.74255602 3.01918553 0.09424681 -0.06097136 0.00889746 0.99364021
0.00000000 -0.15838363 -0.74609195 3.03652819 0.09374042 -0.07748748 0.01122455 0.99251319
0.00000000 -0.18460543 -0.74807649 3.06130516 0.10197145 -0.09420849 0.01303631 0.99023060
0.00000000 -0.20787580 -0.75327775 3.07816055 0.10015512 -0.11185491 0.01677038 0.98852222
0.00000000 -0.22393897 -0.75388899 3.09211860 0.09639554 -0.13454451 0.01630704 0.98607290
0.00000000 -0.23708690 -0.75478830 3.11793588 0.09865743 -0.16612708 0.01348653 0.98106402
0.00000000 -0.23938451 -0.75550284 3.12934106 0.09860589 -0.18235140 0.01459997 0.97816752
0.00000000 -0.25212121 -0.75610218 3.15978398 0.09421901 -0.25159820 0.01660503 0.96309158
0.00000000 -0.26012935 -0.75579696 3.18490839 0.10425949 -0.32341421 0.01075044 0.94043481
0.00000000 -0.26340150 -0.75501626 3.20395911 0.09152692 -0.39539673 -0.00141695 0.91393777
0.00000000 -0.25162295 -0.76111993 3.21385303 0.09433663 -0.45926793 0.00530094 0.88325844
0.00000000 -0.24692592 -0.76569864 3.20855648 0.08389424 -0.53564410 0.01065029 0.84019863
0.00000000 -0.23685742 -0.77596192 3.11449462 0.08266146 -0.60516197 0.03339868 0.79109456
0.00000000 -0.21619802 -0.76365972 3.04444060 0.08391618 -0.63527912 0.02863367 0.76717575
0.00000000 -0.20384935 -0.75724683 3.00623902 0.08311794 -0.65575326 0.02874518 0.74983517
0.00000000 -0.18265736 -0.76370882 2.96680718 0.08255270 -0.67000559 0.02882133 0.73718851
0.00000000 -0.16503210 -0.75468214 2.93414419 0.08195116 -0.69933224 0.03164204 0.70937804
0.00000000 -0.14231021 -0.74431429 2.87466133 0.07681230 -0.74550843 0.02911653 0.66141461
0.00000000 -0.10483356 -0.74483312 2.82368416 0.07431089 -0.77954230 0.02653146 0.62135962
0.00000000 -0.08006903 -0.73765760 2.77011291 0.07074958 -0.81839881 0.02480805 0.56973893
0.00000000 -0.05204826 -0.72531454 2.70877708 -0.05929060 0.86493302 -0.01728019 -0.49807318
0.00000000 -0.03333828 -0.71715840 2.65440420 -0.05517528 0.90130103 -0.00782359 -0.42959392
0.00000000 -0.01107256 -0.70483251 2.59914664 -0.04259058 0.93797282 0.00695117 -0.34401265
0.00000000 0.00894547 -0.70138422 2.53758490 -0.03249172 0.97676877 0.00128383 -0.21181455
0.00000000 0.04030216 -0.70343621 2.48652472 -0.02250787 0.99247471 0.00370257 -0.12030644
0.00000000 0.06542784 -0.70358277 2.47293608 -0.00740434 0.99927234 0.00971976 0.03613168
0.00000000 0.10251740 -0.71423169 2.51160707 -0.00047112 0.98999765 0.00292917 0.14105266
0.00000000 0.03153178 -0.68233825 2.26689774 -0.01432794 0.99982652 0.01150491 0.00304610
0.00000000 -0.00747072 -0.67197357 2.08259555 -0.02542653 0.99372216 -0.00669167 -0.10874274
0.00000000 -0.08456736 -0.63557190 1.77551294 -0.01276845 0.98176206 0.01481744 -0.18910491
0.00000000 -0.09133651 -0.59979671 1.34045566 -0.03492979 0.97108065 0.00852552 -0.23602880
-0.00781250 -0.06663363 -0.54499379 1.02697815 -0.04124231 0.95764944 0.01105581 -0.28475323
0.00000000 -0.17553144 -0.51672399 0.66203806 -0.03699774 0.95610546 0.01819222 -0.29010784
0.00000000 -0.27424971 -0.48968927 0.39894978 -0.05919171 0.93777610 0.01092698 -0.34198380
-0.00781250 -0.33184024 -0.47999239 0.19888621 -0.05545087 0.92866873 0.01501394 -0.36643440
-0.00781250 -0.40675435 -0.44525107 -0.04637580 -0.05256818 0.91510319 0.01282154 -0.39957271
0.00000000 -0.46775329 -0.42977781 -0.21148431 -0.05404513 0.89926030 0.01048544 -0.43393559
0.00000000 -0.49418568 -0.41631057 -0.36423295 -0.05287610 0.89236561 0.02583584 -0.44745978
0.00000000 -0.53339172 -0.41331244 -0.46124916 -0.05085823 0.86859406 0.01747525 -0.49259762
0.00000000 -0.55766210 -0.41774136 -0.51904657 0.05469203 -0.84850885 -0.00052481 0.52634707
0.00000000 -0.58049815 -0.41048932 -0.57223349 0.05291808 -0.83671471 -0.01497296 0.54487062
0.00000000 -0.69011676 -0.39011392 -0.66847951 0.05147714 -0.83633920 -0.02274748 0.54531587
0.00000000 -0.93237478 -0.39587053 -0.76016311 0.05483573 -0.85203573 -0.00857318 0.52053305
0.00000000 -1.01846593 -0.39534171 -0.79479762 0.04693723 -0.85606493 -0.02184390 0.51426897
0.00000000 -1.09817083 -0.39495203 -0.82364990 0.04526920 -0.85147987 -0.02094128 0.52200976
0.00000000 -1.24273073 -0.38484976 -0.89489518 0.05341439 -0.84986921 -0.02562405 0.52365317
0.00000000 -1.34072483 -0.39078915 -0.93722577 0.06570183 -0.84566375 -0.01999454 0.52927904
0.00000000 -1.42064266 -0.38730662 -0.96979131 0.05396306 -0.84642362 -0.02268394 0.52928298
0.00000000 -1.43974256 -0.38389908 -0.97689558 0.04853460 -0.84746629 -0.02842854 0.52786087
0.00000000 -1.49479411 -0.37574432 -0.99784227 0.04286345 -0.85085920 -0.04603291 0.52161510
0.00000000 -1.51412111 -0.37607474 -1.00411966 0.04306090 -0.85336382 -0.04507839 0.51757500
0.00000000 -1.52716756 -0.37582760 -1.00830083 0.04346466 -0.85484431 -0.04383707 0.51519932
0.00000000 -1.54659272 -0.37438672 -1.01432022 0.04338645 -0.85750374 -0.04304886 0.51083436
0.00000000 -1.56628702 -0.37308422 -1.01987730 0.04023436 -0.86219448 -0.04551763 0.50292149
0.00000000 -1.58938202 -0.36982479 -1.02441834 -0.03824148 0.86876985 0.04779167 -0.49141886
0.00000000 -1.61529892 -0.36767299 -1.02572709 -0.03529446 0.87378741 0.05300580 -0.48212058
0.00000000 -1.63317638 -0.36623793 -1.02425137 -0.03227849 0.87599191 0.05878186 -0.47764104
0.00000000 -1.66421714 -0.36288822 -1.02972769 -0.02638483 0.87688145 0.06714691 -0.47526209
0.00000000 -1.70423854 -0.36098273 -1.02880749 -0.02127684 0.87707676 0.07258381 -0.47435772
0.00000000 -1.74053170 -0.36094295 -1.03048845 -0.02518009 0.87789257 0.06821022 -0.47330537
0.00000000 -1.76635120 -0.36058677 -1.03029051 -0.03211232 0.87771385 0.06468691 -0.47371172
0.00000000 -1.78991833 -0.36046147 -1.02978045 -0.03236577 0.87679461 0.06490095 -0.47536464
0.00000000 -1.81239286 -0.36029141 -1.02706679 -0.02617007 0.87655715 0.06700963 -0.47589117
0.00000000 -1.82505196 -0.35488609 -1.03376554 -0.02199668 0.87552855 0.07132101 -0.47736695
0.00000000 -1.85145080 -0.35632278 -1.02926525 -0.02108888 0.87675553 0.07632299 -0.47437306
0.00000000 -1.88314899 -0.35230307 -1.02982324 -0.03048505 0.87505262 0.06985375 -0.47798958
0.00000000 -1.90198641 -0.35510095 -1.03002931 -0.03311846 0.87389859 0.06257030 -0.48092555
0.00000000 -1.92140775 -0.35592251 -1.03283657 -0.03048030 0.87307882 0.05818962 -0.48313382
0.00000000 -1.97836227 -0.35848711 -1.05071013 -0.03556718 0.87509667 0.05111106 -0.47992548
0.00000000 -2.01838380 -0.35671601 -1.06597732 -0.04058425 0.87946181 0.05303150 -0.47126161
0.00000000 -2.06149996 -0.35217680 -1.08637342 -0.05247342 0.88161649 0.05862328 -0.46536246
0.00000000 -2.11043921 -0.35181161 -1.10928936 -0.05353059 0.88635861 0.06494812 -0.45528522
0.00000000 -2.14402936 -0.34823325 -1.13192936 -0.06475135 0.89328836 0.05691610 -0.44113912
0.00000000 -2.17539710 -0.35495929 -1.14583636 -0.06271979 0.90219489 0.05856689 -0.42270620
0.00000000 -2.18114166 -0.35783873 -1.14703603 -0.06027699 0.90425362 0.05868512 -0.41862648
0.00000000 -2.19937722 -0.36184357 -1.15133752 -0.05759016 0.90903982 0.05365119 -0.40920843
0.00000000 -2.22697238 -0.36803090 -1.15658189 -0.05503464 0.91625485 0.04496757 -0.39424124
0.00000000 -2.24099926 -0.37019754 -1.16051357 -0.05029039 0.91990072 0.04786614 -0.38595643
0.00000000 -2.25006199 -0.37180012 -1.16282351 -0.04802816 0.92398242 0.04785866 -0.37637658
0.00000000 -2.25358116 -0.37920843 -1.17120186 -0.04705516 0.92618032 0.04985101 -0.37079739
0.00000000 -2.26654466 -0.38007965 -1.17202523 -0.04525861 0.93124899 0.04632607 -0.35858175
0.00000000 -2.27559947 -0.38473898 -1.17575018 -0.04539871 0.93592973 0.04274566 -0.34662272
0.00000000 -2.28286447 -0.38736074 -1.17869052 -0.04618207 0.94491588 0.03993182 -0.32156904
0.00000000 -2.28070637 -0.38696179 -1.18049370 -0.03737466 0.95162042 0.04478555 -0.30168852
0.00000000 -2.29231865 -0.40074363 -1.16002381 -0.03207973 0.95795589 0.05722194 -0.27931533
0.00000000 -2.30514794 -0.39865290 -1.15401789 -0.03292935 0.96076849 0.05769078 -0.26927931
0.00000000 -2.33754812 -0.39823727 -1.14694730 -0.02784934 0.96716804 0.05746231 -0.24598472
0.00000000 -2.37554947 -0.39414075 -1.14054894 -0.02330982 0.97359305 0.06035466 -0.21893045
0.00000000 -2.39550578 -0.39108203 -1.13787785 -0.02100373 0.97593904 0.06498485 -0.20707197
0.00000000 -2.42972573 -0.39399312 -1.13382401 -0.02431131 0.97994996 0.05783403 -0.18910915
0.00000000 -2.49352715 -0.38686816 -1.13797576 -0.01429290 0.98108632 0.05708102 -0.18441016
0.00000000 -2.50496999 -0.38367050 -1.14483539 -0.01489774 0.98137580 0.05906421 -0.18218400
0.00000000 -2.57157458 -0.37390995 -1.20329693 -0.02366056 0.98303798 0.04884573 -0.17518735
0.00000000 -2.60660659 -0.37054852 -1.24492284 -0.02118319 0.98574495 0.04836087 -0.15974788
0.00000000 -2.63187480 -0.37090458 -1.27264141 -0.02773683 0.98611820 0.03959075 -0.15885257
0.00000000 -2.66631306 -0.36583033 -1.31008211 -0.02461658 0.98683074 0.04165388 -0.15435045
0.00000000 -2.69738743 -0.36335115 -1.35240582 -0.02643023 0.98950325 0.04056132 -0.13615998
0.00000000 -2.72113806 -0.35864087 -1.38013983 -0.02254874 0.99152731 0.04101687 -0.12117249
0.00000000 -2.74377056 -0.35061054 -1.40209862 -0.02175153 0.99337311 0.04094629 -0.10516717
0.00000000 -2.77205617 -0.34820165 -1.42577067 -0.02056248 0.99658715 0.03318005 -0.07273459
0.00000000 -2.82649518 -0.34245057 -1.46437641 -0.01834870 0.99874545 0.02988157 -0.03574821
0.00000000 -2.85546138 -0.34020530 -1.48299393 -0.01740983 0.99933180 0.02877274 -0.01431731
0.00000000 -2.88687045 -0.33356513 -1.50357427 -0.01649351 0.99948634 0.02631885 0.00789535
0.00000000 -2.91698904 -0.32653861 -1.52252542 -0.01464255 0.99917290 0.02737873 0.02625863
0.00000000 -2.93674736 -0.32224232 -1.54579804 -0.00922793 0.99890935 0.02529518 0.03814594
0.00000000 -2.97230518 -0.31904728 -1.59397017 0.00025702 0.99778715 0.03228992 0.05812140
0.00000000 -2.98788929 -0.31375036 -1.61655303 0.00176109 0.99754456 0.03374315 0.06134449
0.00000000 -2.99477260 -0.31106812 -1.71394738 -0.00949800 0.99734415 0.02891956 0.06616714
0.00000000 -3.01372115 -0.29637173 -1.75394678 -0.01120163 0.99673137 0.02857314 0.07473068
0.00000000 -3.02405483 -0.28661172 -1.89413656 -0.00490428 0.99324867 0.02524364 0.11311850
0.00000000 -3.00925312 -0.28811120 -1.91199163 0.00083599 0.99046262 0.02524805 0.13544605
0.00000000 -3.00871049 -0.28987181 -1.91541763 0.00249027 0.98647146 0.02579120 0.16187240
0.00000000 -3.00691756 -0.28913118 -1.91375473 0.00452736 0.98110527 0.02464355 0.19184538
0.00000000 -3.00376429 -0.29005258 -1.93407924 0.01617108 0.97519592 0.02623974 0.21918686
0.00000000 -2.99727780 -0.29525941 -1.98946570 0.01698845 0.96521588 0.02785100 0.25941091
0.00000000 -2.92664252 -0.29318806 -2.13555037 0.02116655 0.96124358 0.01387908 0.27453619
0.00000000 -2.89804584 -0.28917521 -2.25580315 0.03508836 0.94961584 0.01472779 0.31109750
0.00000000 -2.86191506 -0.26412250 -2.40432245 0.04726847 0.93078949 -0.00960899 0.36235932
0.00000000 -2.80135895 -0.26358117 -2.58808807 0.03513556 0.88165383 -0.01259366 0.47041834
-0.00781250 -2.55790384 -0.24900587 -2.79587556 0.07648678 0.84399657 -0.01291107 0.53070978
0.00000000 -2.55153856 -0.23122814 -2.85088723 0.08501670 0.81010861 -0.01786917 0.57980763
0.00000000 -2.52351975 -0.21551273 -2.95834705 0.09036694 0.76554228 -0.01865126 0.63673461
0.00000000 -2.48458604 -0.20566095 -3.03347971 0.10161397 0.73331529 -0.01519140 0.67208073
0.00000000 -2.21294202 -0.20402671 -3.15825777 0.10589014 0.73491507 -0.03279425 0.66903786
0.00000000 -1.99168371 -0.17375100 -3.28516829 0.10845675 0.71036955 -0.01795722 0.69519045
0.00000000 -1.74072956 -0.17487994 -3.38452105 0.10455097 0.68657136 -0.00249424 0.71950166
0.00000000 -1.36773337 -0.19185608 -3.41980278 0.10972663 0.70519382 0.00144561 0.70047102
0.00000000 -1.03077240 -0.18162785 -3.49305265 0.11068201 0.68835973 0.00588331 0.71685129
0.00000000 -0.60060625 -0.19864609 -3.57035869 0.11788607 0.69669604 -0.01697640 0.70741028
0.00000000 -0.28289472 -0.21313018 -3.59868613 0.11629185 0.70966881 -0.00402801 0.69485981
0.00000000 0.16783359 -0.22476353 -3.68101608 0.12499893 0.69206850 -0.00708949 0.71089113
0.00000000 0.42432863 -0.22179931 -3.67684582 0.11378934 0.70600395 -0.01744770 0.69878894
0.00000000 0.60457246 -0.23436730 -3.66815773 0.11067095 0.72221411 -0.01438848 0.68260655
0.00000000 0.76027336 -0.23390657 -3.67311780 0.10680759 0.71702027 0.00012150 0.68882077
0.00000000 0.95485047 -0.22015799 -3.69712849 0.11459365 0.69983589 0.00141055 0.70505037
0.00000000 1.17901577 -0.23840790 -3.72157849 0.10803733 0.68570641 -0.00464031 0.71980076
0.00000000 1.58251820 -0.23534850 -3.74394435 0.09533431 0.69891493 -0.00501672 0.70880472
0.00000000 2.07022968 -0.24371296 -3.76033814 0.10771133 0.69802504 -0.00406784 0.70791438
0.00000000 2.31571358 -0.26835648 -3.78153043 0.10968296 0.68562254 0.00020766 0.71964667
0.00000000 2.64268973 -0.26798877 -3.76835167 0.09811672 0.70086399 -0.01029280 0.70643955
0.00000000 2.82625442 -0.29125512 -3.77339948 0.10314763 0.71933684 -0.01163230 0.68686226
0.00000000 3.10028730 -0.28260926 -3.77304070 0.10503067 0.71114535 0.00417583 0.69514273
0.00000000 3.57695936 -0.31183367 -3.81950000 0.10950807 0.69593475 -0.00653297 0.70967607
0.00000000 3.97404760 -0.32412658 -3.80868964 0.10176716 0.71197343 -0.01567521 0.69461613
0.00000000 4.40982716 -0.30539184 -3.82904995 0.12000055 0.69556863 -0.00835069 0.70831801
0.00000000 5.06330539 -0.33666624 -3.82227311 0.10929657 0.68449993 -0.01173996 0.72067765
0.00000000 5.28662940 -0.34867511 -3.81290144 0.11103820 0.70410763 -0.00678394 0.70132514
0.00000000 5.82788439 -0.35183134 -3.83572491 0.10966215 0.69598024 0.00141160 0.70963633
0.00000000 6.54939512 -0.38276920 -3.84825063 0.10188735 0.70886950 -0.01133996 0.69784985
0.00000000 7.12468399 -0.39179874 -3.86561691 0.12103292 0.69119068 -0.00684820 0.71243215
0.00000000 7.86798704 -0.42797186 -3.89029317 0.10652716 0.70241031 -0.01189334 0.70365493
0.00000000 8.04900218 -0.44582095 -3.88755878 0.11312987 0.71537889 -0.00646634 0.68948739
0.00000000 8.47840240 -0.44435443 -3.91723746 0.12195982 0.69886360 -0.00866682 0.70472715
0.00000000 8.72193401 -0.46525989 -3.92382890 0.11539875 0.68674767 -0.01211075 0.71757515
0.00000000 9.04394671 -0.46263763 -3.94078850 0.10911038 0.69617120 -0.01220875 0.70943043
0.00000000 9.32819042 -0.48676523 -3.97079662 0.11269494 0.71609006 -0.00648400 0.68881988
0.00000000 9.67243660 -0.47057805 -4.06153418 0.10798792 0.70644627 0.00189208 0.69947745
0.00000000 10.00785675 -0.48166703 -4.17355997 0.10804206 0.71149886 -0.01435722 0.69418309
0.00000000 10.30949405 -0.49880491 -4.21908439 0.11400081 0.69516636 -0.03444805 0.70891528
0.00000000 10.36817558 -0.50458699 -4.21040919 0.12357730 0.65506040 -0.03494985 0.74458245
0.00000000 10.36748269 -0.48602908 -4.22499436 0.13025275 0.58175535 -0.03175027 0.80223865
0.00000000 10.37420048 -0.48166995 -4.22486058 0.13586255 0.51437577 -0.03545432 0.84599168
0.00000000 10.37384943 -0.48653371 -4.21582587 0.12951689 0.45981163 -0.03659182 0.87775833
0.00000000 10.37487455 -0.49198222 -4.19880139 0.12089552 0.42501706 -0.03426516 0.89642104
0.00000000 10.31680242 -0.52984122 -4.13968954 0.10732775 0.34284447 -0.04895824 0.93195575
