0.00000000 -0.01337810 -0.01277339 -0.02905037 -0.01652083 -0.00148025 0.08255607 0.99644838
0.00000000 -0.01686938 -0.00690892 -0.03512948 -0.01769101 -0.00159216 0.09459244 0.99535761
-0.00781250 -0.07046530 0.02203575 -0.05463324 -0.02875521 0.01478801 0.18421912 0.98235318
-0.00781250 -0.22292518 -0.01399834 -0.10722775 -0.03932843 -0.00928151 0.33359231 0.94185100
-0.00781250 -0.18679902 -0.15636405 -0.06623198 -0.05506851 0.00245680 0.34624262 0.93652414
-0.00781250 -0.11313697 -0.31181626 -0.04379752 -0.08405491 -0.01898955 0.33536623 0.93813840
0.00000000 -0.15209823 -0.55311518 0.01329700 -0.04018122 -0.02910213 0.09845984 0.99390351
0.00000000 -0.03844931 -0.63441145 0.13912260 -0.06090238 -0.01280505 0.37390170 0.92537800
-0.00781250 -0.18122221 -0.66026333 0.58186349 -0.00275973 -0.05488182 0.10164824 0.99330157
0.00000000 -0.00293804 -0.57142066 0.89476704 -0.02282821 0.01824578 0.35299726 0.93516785
0.00000000 -0.22890142 -0.63633605 1.37442327 0.02243616 -0.00449583 0.12524410 0.99186205
0.00000000 -0.20933252 -0.64387764 1.64438972 0.02666832 -0.02558240 0.12334612 0.99167539
0.00000000 -0.22110631 -0.62629342 1.95849411 0.04324481 -0.01785081 0.11811642 0.99189704
0.00000000 -0.20854549 -0.62240386 2.18296061 0.03089492 0.00496090 0.12314098 0.99189576
0.00000000 -0.18272967 -0.60586643 2.49575366 0.03510487 -0.01337966 0.13951525 0.98950701
0.00000000 -0.16902075 -0.59572946 2.62574163 0.02871897 -0.03551408 0.13695392 0.98952392
0.00000000 -0.14217773 -0.58492169 2.86853615 0.04470167 -0.05245410 0.12808357 0.98936592
0.00000000 -0.15633350 -0.58179103 3.01303034 0.06446505 -0.05205898 0.13189287 0.98779471
0.00000000 -0.18810664 -0.60374451 3.14548742 0.05436576 -0.06474426 0.13107557 0.98776097
0.00000000 -0.20384923 -0.61798216 3.18275189 0.05504907 -0.08168164 0.13636981 0.98574895
0.00000000 -0.21726037 -0.61702426 3.20292768 0.06420392 -0.09507048 0.13741151 0.98384833
0.00000000 -0.23597042 -0.62094582 3.21683936 0.06955693 -0.10910931 0.13782218 0.98196845
0.00000000 -0.24119811 -0.62049724 3.23093144 0.07477582 -0.12518365 0.13810852 0.97962425
0.00000000 -0.25998699 -0.62565794 3.24269118 0.08308902 -0.15550251 0.13640772 0.97483748
0.00000000 -0.25883935 -0.63013577 3.26429302 0.08656618 -0.19166469 0.14914749 0.96619148
0.00000000 -0.27085619 -0.63402876 3.27938248 0.09505089 -0.22811580 0.14728914 0.95772356
0.00000000 -0.27960511 -0.63213726 3.28995333 0.10155058 -0.25905605 0.14560594 0.94940842
0.00000000 -0.29552095 -0.63239612 3.29336259 0.09935087 -0.28673979 0.14255665 0.94211852
0.00000000 -0.30163808 -0.64502686 3.30037958 0.09234087 -0.32697030 0.14744753 0.92888256
0.00000000 -0.30547036 -0.63539915 3.32530335 0.10800440 -0.37241159 0.14431215 0.91039478
0.00000000 -0.30077222 -0.64231657 3.33242347 0.10790765 -0.42497896 0.14843514 0.88640613
0.00000000 -0.29202755 -0.65277057 3.32392751 0.11115867 -0.48260212 0.14642301 0.85632894
0.00000000 -0.28721453 -0.64236975 3.30967296 0.11865425 -0.52355869 0.14537437 0.83106784
0.00000000 -0.27423860 -0.65517888 3.23939079 0.12572523 -0.57264790 0.14663210 0.79672240
0.00000000 -0.25990589 -0.65074706 3.19186140 0.12778507 -0.59732068 0.14440250 0.77847730
0.00000000 -0.22635060 -0.65333345 3.12515773 0.12800708 -0.63386721 0.14614163 0.74864489
0.00000000 -0.21567948 -0.65677054 3.09702788 0.12859278 -0.64814506 0.14879212 0.73568525
0.00000000 -0.19857705 -0.65207890 3.06336107 0.13420616 -0.67108909 0.14847430 0.71385119
0.00000000 -0.17785031 -0.65345009 3.01301516 0.13458847 -0.70247475 0.15181690 0.68217798
0.00000000 -0.15079541 -0.63839004 2.98014370 0.13861647 -0.72646649 0.14868554 0.65644841
0.00000000 -0.12896960 -0.63632598 2.94395720 0.13734183 -0.75579449 0.14092027 0.62454254
0.00000000 -0.10215963 -0.62911241 2.91732448 0.13866899 -0.78040668 0.13690444 0.59413256
0.00000000 -0.09579407 -0.62690307 2.89300392 0.14146533 -0.80498709 0.13320406 0.56057116
0.00000000 -0.08514670 -0.62057172 2.85359636 -0.13819972 0.85949628 -0.12441775 -0.47611680
0.00000000 -0.06941584 -0.61457780 2.83374968 -0.15216820 0.90468399 -0.11406423 -0.38128869
0.00000000 -0.03872370 -0.59780905 2.83691958 -0.15550359 0.93554966 -0.09726922 -0.30183467
0.00000000 -0.01717071 -0.58906659 2.85677137 -0.15626120 0.95713775 -0.10538808 -0.21991618
0.00000000 0.02234067 -0.59922343 2.83375442 -0.15003449 0.97312414 -0.11459099 -0.13186340
0.00000000 0.10389365 -0.59541640 2.61573639 -0.16085710 0.97119101 -0.13937230 -0.10718384
0.00000000 0.02283019 -0.65014865 2.25522299 -0.15051595 0.97535576 -0.14840860 -0.06325323
0.00000000 0.03194120 -0.65351731 1.95095571 -0.15638916 0.96967187 -0.15483843 -0.10632006
0.00000000 0.06599413 -0.65140605 1.70118098 -0.15305506 0.97300947 -0.13659352 -0.10568319
0.00000000 0.11078236 -0.57348711 1.63213137 0.00600118 0.98151727 -0.17292215 -0.08176649
0.00000000 0.14434665 -0.61295931 1.10424988 -0.14987038 0.96723163 -0.15496821 -0.13411445
0.00000000 0.17715863 -0.63037724 0.91941662 -0.13790594 0.96057111 -0.16662556 -0.17470263
0.00000000 0.14677148 -0.64426634 0.59174865 -0.12566267 0.96314207 -0.15459840 -0.18073623
0.00000000 0.12470178 -0.64405435 0.50095226 -0.12844858 0.96690323 -0.14662645 -0.16462015
0.00000000 0.07476825 -0.64625536 0.34902720 -0.12323173 0.96369415 -0.14130529 -0.19010615
0.00000000 0.04755098 -0.66274866 0.15966308 -0.11461969 0.95803506 -0.15370691 -0.21308527
0.00000000 -0.00402195 -0.67803234 -0.07163512 -0.11445167 0.95342871 -0.15466121 -0.23228093
0.00000000 -0.02451215 -0.71105579 -0.19269380 -0.10226323 0.94930090 -0.17893532 -0.23738617
0.00000000 -0.02313392 -0.71914697 -0.24090148 -0.10602343 0.94415374 -0.17371157 -0.25914676
0.00000000 -0.02107380 -0.72013406 -0.26586062 -0.11046312 0.93689116 -0.17660038 -0.28079381
0.00000000 -0.01856076 -0.71641474 -0.29012088 -0.11431877 0.92808036 -0.17958102 -0.30553023
0.00000000 -0.01155288 -0.71230375 -0.32530084 -0.11153074 0.91539160 -0.17864397 -0.34308228
0.00000000 0.00150002 -0.71102109 -0.37644147 -0.10456658 0.89918427 -0.17543671 -0.38698248
0.00000000 0.00200668 -0.70949693 -0.40702344 -0.10264764 0.88794135 -0.17435803 -0.41306524
0.00000000 -0.01030074 -0.71612134 -0.43800163 -0.10268590 0.87929495 -0.17424311 -0.43120220
0.00000000 -0.03685186 -0.71509834 -0.48541640 -0.10484972 0.88378857 -0.16657574 -0.42447240
0.00000000 -0.04431558 -0.72941913 -0.53381364 -0.10353639 0.87291976 -0.16366040 -0.44777962
0.00000000 -0.05267513 -0.73014436 -0.56124062 -0.10310642 0.85652397 -0.17784887 -0.47339786
0.00000000 -0.05861000 -0.72907731 -0.59743616 0.09959860 -0.83768392 0.18363473 0.50462268
0.00000000 -0.05857939 -0.73227353 -0.61995445 0.09308400 -0.82694113 0.18977786 0.52104520
0.00000000 -0.05905542 -0.73768092 -0.64220410 0.09089978 -0.81757171 0.17941461 0.53955920
0.00000000 -0.04715289 -0.74494949 -0.72533149 0.08785213 -0.79694731 0.17798376 0.57050747
0.00000000 -0.07966366 -0.75693924 -0.86194292 0.08507584 -0.78696684 0.16457970 0.58852257
0.00000000 -0.24787070 -0.79619728 -0.92632652 0.08380043 -0.77744541 0.18561312 0.59506629
0.00000000 -0.32966051 -0.80321115 -0.95691285 0.08405990 -0.76658305 0.20136522 0.60393411
0.00000000 -0.40804299 -0.81264534 -1.00445490 0.08353068 -0.75527674 0.19147448 0.62122234
0.00000000 -0.41984931 -0.83072977 -1.00152642 0.08937602 -0.74974027 0.18336604 0.62950644
0.00000000 -0.42569037 -0.82840940 -1.00638829 0.08760893 -0.74575439 0.18452540 0.63413361
0.00000000 -0.45408303 -0.83267367 -1.02683171 0.09236916 -0.73146887 0.19012541 0.64828509
0.00000000 -0.49158329 -0.84927192 -1.05061680 0.09348813 -0.71473592 0.19492041 0.66514553
0.00000000 -0.54165505 -0.85305576 -1.07374667 0.08512912 -0.70884554 0.18721566 0.67471574
0.00000000 -0.58046768 -0.86029850 -1.08474742 0.09353969 -0.72363077 0.17531487 0.66096409
0.00000000 -0.59830299 -0.84764917 -1.08118040 0.08833760 -0.73699332 0.18201361 0.64490957
0.00000000 -0.61697636 -0.85386305 -1.06502068 0.08690323 -0.75189111 0.18615699 0.62646082
0.00000000 -0.63153009 -0.85473687 -1.05599568 0.08873069 -0.76478917 0.18794266 0.60983764
0.00000000 -0.65333175 -0.84565327 -1.02996813 0.09523211 -0.78073721 0.18725852 0.58848492
0.00000000 -0.68350778 -0.86480487 -0.98945929 0.09203601 -0.80115223 0.17441566 0.56503421
0.00000000 -0.70425305 -0.85292514 -0.94811177 0.08693052 -0.81929068 0.17310816 0.53966603
0.00000000 -0.74038690 -0.87829144 -0.91278700 0.08334559 -0.83997386 0.16159883 0.51125654
0.00000000 -0.83447411 -0.91447966 -0.91473623 -0.09702966 0.84987188 -0.16088046 -0.49236218
-0.00781250 -0.88034110 -0.91222971 -0.90402470 -0.09750466 0.86592719 -0.17290482 -0.45909352
0.00000000 -0.89504974 -0.91251387 -0.88718121 -0.09122232 0.87816272 -0.15931475 -0.44173243
0.00000000 -0.92668221 -0.91405385 -0.84206050 -0.08859753 0.89583776 -0.14779838 -0.40961058
0.00000000 -0.95085358 -0.88094036 -0.83398474 -0.07843671 0.90664469 -0.14370169 -0.38883533
0.00000000 -0.93866967 -0.86884618 -0.86302977 -0.05487955 0.90628324 -0.13521391 -0.39668138
0.00000000 -0.92431549 -0.83679013 -0.89568853 -0.04487426 0.89389006 -0.14079475 -0.42323008
0.00000000 -0.92675898 -0.82200674 -0.90414347 -0.03321821 0.89317704 -0.13226269 -0.42852993
0.00000000 -0.93320264 -0.80496987 -0.91936075 -0.02842469 0.88870877 -0.12687611 -0.43964896
0.00000000 -0.93433924 -0.79583690 -0.92504344 -0.02028346 0.88740139 -0.11483798 -0.44600403
0.00000000 -0.93771067 -0.77948080 -0.92825986 -0.00884023 0.88637375 -0.09973551 -0.45201355
0.00000000 -0.93970570 -0.76658599 -0.93668676 -0.00529882 0.88514625 -0.08806031 -0.45687352
0.00000000 -0.94496399 -0.74444079 -0.94544035 -0.00592527 0.88345169 -0.07207986 -0.46290658
0.00000000 -0.94465436 -0.72588286 -0.94886676 0.00706120 0.88316941 -0.06634830 -0.46428422
0.00000000 -0.94747904 -0.70132046 -0.95836212 0.01681907 0.88204957 -0.05352390 -0.46780430
0.00000000 -0.94268968 -0.66916987 -0.97192524 0.02390103 0.88134995 -0.03597767 -0.47048551
0.00000000 -0.94134289 -0.64723388 -0.97883140 0.03491818 0.87999354 -0.02531018 -0.47302377
0.00000000 -0.95972248 -0.63968909 -1.00425514 0.03065992 0.87028343 -0.01061031 -0.49148157
0.00000000 -0.99969469 -0.65325649 -1.04600289 -0.02419370 -0.86065030 0.01521229 0.50839386
0.00000000 -1.07848763 -0.67111277 -1.05919492 -0.02601416 -0.85694080 0.02612732 0.51409443
0.00000000 -1.15090651 -0.69508360 -1.06887786 -0.02652428 -0.85659308 0.03914257 0.51382159
0.00000000 -1.20955804 -0.72329386 -1.07775768 -0.02138910 -0.85673271 0.04769837 0.51310470
0.00000000 -1.25472398 -0.76154537 -1.10308451 -0.01608975 -0.84988449 0.05497938 0.52384610
0.00000000 -1.27574514 -0.75732473 -1.11620372 -0.00979407 -0.84261974 0.05825850 0.53525881
0.00000000 -1.28667009 -0.76452039 -1.12134104 -0.00747515 -0.83957048 0.06031772 0.53984007
0.00000000 -1.31388974 -0.78728829 -1.14007813 0.00119709 -0.83481240 0.06786426 0.54633439
0.00000000 -1.34161871 -0.82252451 -1.16126133 0.01362369 -0.82995423 0.06542364 0.55381415
0.00000000 -1.34744058 -0.84097260 -1.17650515 0.01302223 -0.82942051 0.07578864 0.55330654
0.00000000 -1.35110076 -0.86783778 -1.18972579 0.00822414 -0.83708743 0.08626560 0.54016225
0.00000000 -1.35367835 -0.86720457 -1.19915608 0.01635021 -0.84207979 0.09042450 0.53146751
0.00000000 -1.35866308 -0.85731998 -1.19902169 0.02046145 -0.84396129 0.09271677 0.52793397
0.00000000 -1.36170023 -0.86122693 -1.19015797 0.02087666 -0.84854870 0.09478716 0.52013908
0.00000000 -1.36139109 -0.86497916 -1.19105851 0.01934690 -0.84998652 0.09670364 0.51749107
0.00000000 -1.36452408 -0.86460536 -1.19366641 0.02497521 -0.85195513 0.09454191 0.51440307
0.00000000 -1.36209177 -0.86496735 -1.19299910 -0.02025606 0.86024717 -0.10246413 -0.49906472
0.00000000 -1.36287970 -0.86117204 -1.19136654 -0.01851614 0.86621212 -0.10875934 -0.48734497
0.00000000 -1.36952719 -0.86107389 -1.18520248 -0.02486999 0.87553312 -0.11270104 -0.46917131
0.00000000 -1.35998319 -0.88104327 -1.17650994 -0.02333160 0.88033626 -0.11143840 -0.46048364
0.00000000 -1.37637449 -0.87850962 -1.17149619 -0.02546778 0.88667816 -0.11670044 -0.44669256
0.00000000 -1.37749103 -0.88924871 -1.17185936 -0.02559332 0.88857904 -0.11398445 -0.44359870
0.00000000 -1.38041326 -0.89568472 -1.17295355 -0.03167739 0.88993361 -0.10784654 -0.44202244
0.00000000 -1.39343441 -0.88963658 -1.16390749 -0.02048919 0.89241582 -0.11787020 -0.43506415
0.00000000 -1.40375873 -0.89212293 -1.15689566 -0.02174759 0.89468427 -0.11372414 -0.43143241
0.00000000 -1.40303806 -0.89487004 -1.16268953 -0.02362373 0.89420458 -0.11126960 -0.43296555
0.00000000 -1.41306819 -0.88428744 -1.15869264 -0.01466156 0.89595348 -0.12111512 -0.42706384
0.00000000 -1.40986771 -0.89136904 -1.16182644 -0.02411507 0.89508850 -0.11213702 -0.43088321
0.00000000 -1.41226656 -0.88870018 -1.16025086 -0.02200547 0.89526656 -0.11342652 -0.43028824
0.00000000 -1.41244552 -0.88995975 -1.16267669 -0.02511477 0.89511007 -0.11067402 -0.43115945
0.00000000 -1.41304145 -0.88974613 -1.16067928 -0.01848349 0.89613297 -0.11311452 -0.42872971
0.00000000 -1.41307654 -0.89028110 -1.16120809 -0.02313509 0.89592478 -0.11150291 -0.42936074
0.00000000 -1.41409527 -0.89013422 -1.16191917 -0.02233477 0.89609054 -0.11433779 -0.42831036
0.00000000 -1.41282121 -0.89115056 -1.16355356 -0.02385534 0.89609896 -0.11385918 -0.42833825
34929925634094056.00000000 -1.41438189 -0.88741364 -1.16421234 -0.02061173 0.89660414 -0.11783253 -0.42637035
0.00000000 -1.41295602 -0.89015214 -1.16450560 -0.02403386 0.89607108 -0.11463011 -0.42818096
0.00000000 -1.41522740 -0.88840339 -1.16247007 -0.01811163 0.89693565 -0.11892436 -0.42548256
54138183933.72855377 -1.41266579 -0.89102477 -1.16479770 -0.02416253 0.89547608 -0.11484455 -0.42935939
0.00000000 -1.41308330 -0.88921303 -1.16458403 -0.01911083 0.89615980 -0.11984270 -0.42681391
0.00000000 -1.41203326 -0.89113143 -1.16442211 -0.02605879 0.89493925 -0.11506043 -0.43030892
0.00000000 -1.41312017 -0.88664824 -1.16623261 -0.02086266 0.89576607 -0.11999628 -0.42751467
0.00000000 -1.41082747 -0.89196527 -1.16393342 -0.02766936 0.89460202 -0.11679836 -0.43044137
0.00000000 -1.41466239 -0.88840213 -1.16000818 -0.01843027 0.89682408 -0.12407303 -0.42423198
0.00000000 -1.40948354 -0.89123113 -1.16273722 -0.02388056 0.89516316 -0.12186218 -0.42809139
0.00000000 -1.40650905 -0.89053984 -1.16490436 -0.02565119 0.89412417 -0.12138773 -0.43028944
0.00000000 -1.40915589 -0.89108163 -1.15941904 -0.02647356 0.89485319 -0.12088138 -0.42886433
0.00000000 -1.40802981 -0.89151038 -1.15687053 -0.02925281 0.89481162 -0.11983449 -0.42906425
232657071980948.31250000 -1.40795947 -0.89020725 -1.15656842 -0.02762051 0.89526991 -0.12141321 -0.42777064
45535568143.89608002 -1.40659262 -0.89046466 -1.15569289 -0.02842963 0.89525873 -0.12256972 -0.42741107
0.00000000 -1.40641259 -0.89066542 -1.15562546 -0.02790866 0.89553898 -0.12288282 -0.42676792
0.00000000 -1.40464319 -0.88611279 -1.15820867 -0.01881400 0.89601575 -0.13106773 -0.42381961
0.00000000 -1.40481355 -0.89103835 -1.15584210 -0.02793521 0.89565088 -0.12290211 -0.42652574
0.00000000 -1.40353252 -0.88926946 -1.15506726 -0.01907283 0.89707603 -0.12801364 -0.42249655
0.00000000 -1.40465859 -0.89051745 -1.15463340 -0.02844543 0.89596747 -0.12297673 -0.42580497
0.00000000 -1.40383984 -0.89135553 -1.15440972 -0.02787594 0.89604210 -0.12307910 -0.42565599
0.00000000 -1.40389958 -0.89049049 -1.15453927 -0.02764774 0.89611357 -0.12327644 -0.42546327
264652073068190848.00000000 -1.40418454 -0.89016941 -1.15492065 -0.02772513 0.89614568 -0.12323144 -0.42540362
0.00000000 -1.40396223 -0.89062471 -1.15465649 -0.02857542 0.89612488 -0.12305572 -0.42544206
263898357847519488.00000000 -1.40420728 -0.88548662 -1.15643577 -0.02005305 0.89663328 -0.12632334 -0.42389746
246147.78202775 -1.40350043 -0.89074618 -1.15549193 -0.02800530 0.89607778 -0.12313283 -0.42555683
0.00000000 -1.40768820 -0.88387887 -1.15688684 -0.02283584 0.89714251 -0.12859911 -0.42199066
0.00000000 -1.40257723 -0.89074986 -1.15499203 -0.03001138 0.89572457 -0.12331579 -0.42611036
0.00000000 -1.40041586 -0.89319487 -1.15635031 -0.03103130 0.89547374 -0.12152508 -0.42707785
0.00000000 -1.40278740 -0.89029927 -1.15426041 -0.02880235 0.89595518 -0.12286990 -0.42583768
0.00000000 -1.40497447 -0.88874636 -1.15244227 -0.02826553 0.89632417 -0.12371086 -0.42485252
0.00000000 -1.40279316 -0.89001544 -1.15277987 -0.02946243 0.89582720 -0.12320602 -0.42596463
0.00000000 -1.39972587 -0.89640453 -1.15277782 -0.03723616 0.89473941 -0.11723839 -0.42931342
0.00000000 -1.40131472 -0.89639748 -1.15018034 -0.03440919 0.89555778 -0.11926927 -0.42727873
0.00000000 -1.40254562 -0.89002861 -1.15164029 -0.02991561 0.89583049 -0.12350746 -0.42583881
317220447756882560.00000000 -1.40217115 -0.89165456 -1.15119666 -0.02962952 0.89580674 -0.12322674 -0.42599009
0.00000000 -1.40180523 -0.89105535 -1.15093088 -0.02960746 0.89567552 -0.12366267 -0.42614118
0.00000000 -1.40347263 -0.89035737 -1.14890611 -0.02938671 0.89592599 -0.12326461 -0.42574508
0.00000000 -1.40076961 -0.89057606 -1.15062587 -0.02942497 0.89549833 -0.12058156 -0.42740730
0.00000000 -1.40035645 -0.89046867 -1.15025541 -0.02922762 0.89545144 -0.12176986 -0.42718213
0.00000000 -1.39948600 -0.88896277 -1.15117044 -0.02776904 0.89525202 -0.12232385 -0.42753899
0.00000000 -1.39867540 -0.88865257 -1.14972865 -0.02827073 0.89497643 -0.12420514 -0.42754069
0.00000000 -1.39734598 -0.88386909 -1.15052141 -0.01827285 0.89595744 -0.12908740 -0.42457368
0.00000000 -1.39535392 -0.88669101 -1.15094143 -0.02398065 0.89476657 -0.12653427 -0.42755911
0.00000000 -1.39673331 -0.88918424 -1.14778916 -0.02907050 0.89439959 -0.12410578 -0.42872140
0.00000000 -1.39872552 -0.88511347 -1.14684393 -0.02545361 0.89493146 -0.12746424 -0.42685203
0.00000000 -1.39557441 -0.89119705 -1.14754337 -0.03097236 0.89409057 -0.12357266 -0.42938626
0.00000000 -1.39586858 -0.88761929 -1.14937716 -0.02722808 0.89458663 -0.12912750 -0.42696544
0.00000000 -1.40061020 -0.88809389 -1.14732108 -0.02790171 0.89576394 -0.12907490 -0.42446216
0.00000000 -1.39999671 -0.89036376 -1.14978115 -0.02971736 0.89709085 -0.12906273 -0.42153019
0.00000000 -1.40129898 -0.89082558 -1.15039862 -0.02840685 0.89860769 -0.12521924 -0.41954429
0.00000000 -1.40461765 -0.89707482 -1.14966444 -0.03327287 0.90068444 -0.11932256 -0.41644038
0.00000000 -1.41253942 -0.88564902 -1.15634732 -0.02454308 0.90273917 -0.12781412 -0.41002826
0.00000000 -1.41079959 -0.89430407 -1.15499439 -0.02926691 0.90343770 -0.12317287 -0.40960007
0.00000000 -1.41434670 -0.89867472 -1.15754082 -0.03375445 0.90524304 -0.12061447 -0.40601456
0.00000000 -1.42172988 -0.89851791 -1.16095931 -0.03245942 0.90648800 -0.12158600 -0.40304186
0.00000000 -1.42605004 -0.89952546 -1.16431001 -0.03146132 0.90744686 -0.12243990 -0.40069795
0.00000000 -1.43121299 -0.90548795 -1.16543751 -0.03328724 0.90811498 -0.12038056 -0.39965944
0.00000000 -1.43765619 -0.90448154 -1.16920943 -0.03190366 0.90946929 -0.12223724 -0.39611340
0.00000000 -1.44167970 -0.90126870 -1.17206591 -0.02961251 0.91047630 -0.12589321 -0.39281919
0.00000000 -1.44166283 -0.90787904 -1.17157068 -0.03242850 0.91036856 -0.12284945 -0.39380896
0.00000000 -1.44962450 -0.89551362 -1.17456238 -0.02407467 0.91208379 -0.13247632 -0.38726426
0.00000000 -1.44220529 -0.91114812 -1.17200835 -0.03355327 0.91175877 -0.12450303 -0.38996041
0.00000000 -1.45153113 -0.89046754 -1.17486293 -0.02420642 0.91392605 -0.13556052 -0.38180698
0.00000000 -1.44232125 -0.90480077 -1.17496620 -0.03045141 0.91585993 -0.12764528 -0.37944694
0.00000000 -1.43882965 -0.91341123 -1.17118308 -0.03580952 0.91817454 -0.11814460 -0.37645059
0.00000000 -1.44775763 -0.89429885 -1.16834696 -0.02946637 0.92632745 -0.12722527 -0.35335949
0.00000000 -1.45179540 -0.89057837 -1.16845145 -0.02668571 0.93041815 -0.13169792 -0.34097743
0.00000000 -1.44856394 -0.89466853 -1.17193074 -0.02657271 0.93204373 -0.12979670 -0.33725539
0.00000000 -1.44478134 -0.89980217 -1.16875768 -0.03031966 0.93211164 -0.12827167 -0.33733513
0.00000000 -1.44212831 -0.90282094 -1.16935355 -0.03107703 0.93385562 -0.12535808 -0.33351649
0.00000000 -1.44461157 -0.89611094 -1.16675390 -0.02553795 0.93576168 -0.13039147 -0.32664346
0.00000000 -1.44150752 -0.90150367 -1.16037188 -0.03236081 0.93774162 -0.12675694 -0.32175475
0.00000000 -1.44562836 -0.89043534 -1.16106517 -0.03059620 0.93888136 -0.13354347 -0.31580344
0.00000000 -1.44179438 -0.89426481 -1.16021791 -0.03459423 0.94140852 -0.13525076 -0.30701868
0.00000000 -1.44240337 -0.89580812 -1.15769667 -0.03309493 0.94577087 -0.13427458 -0.29392605
0.00000000 -1.43470876 -0.90521184 -1.15842180 -0.04300419 0.94722305 -0.12627972 -0.29150053
0.00000000 -1.43537075 -0.91046698 -1.15318359 -0.03534191 0.95093985 -0.13194933 -0.27758552
0.00000000 -1.43899707 -0.91397268 -1.14897793 -0.04005686 0.95219220 -0.12915768 -0.27394114
0.00000000 -1.45525506 -0.92720864 -1.15474929 -0.04602518 0.95241619 -0.12940603 -0.27210140
0.00000000 -1.46497674 -0.94343314 -1.15531560 -0.04933483 0.95299976 -0.12913196 -0.26959685
0.00000000 -1.47590879 -0.94133907 -1.16313815 -0.05249156 0.95385201 -0.13147915 -0.26480977
0.00000000 -1.49293400 -0.96301788 -1.17807843 -0.06510193 0.95685458 -0.11596440 -0.25834726
0.00000000 -1.50227704 -0.95905351 -1.17420770 -0.06094673 0.95885205 -0.11616751 -0.25178036
0.00000000 -1.52575329 -0.95960139 -1.17102155 -0.06702138 0.95808032 -0.12441832 -0.24921943
0.00000000 -1.53531115 -0.96382113 -1.15901391 -0.06459449 0.95723657 -0.14041328 -0.24456043
0.00000000 -1.54271207 -0.95983950 -1.15412496 -0.05919517 0.95656325 -0.15958665 -0.23667440
0.00000000 -1.54754175 -0.96861672 -1.13699616 -0.04776005 0.96074736 -0.16785432 -0.21565812
-0.00781250 -1.55013917 -0.98746040 -1.12305871 -0.04853113 0.96304685 -0.16567402 -0.20673078
0.00000000 -1.57602049 -0.97764114 -1.11731765 -0.04738402 0.96632019 -0.16921281 -0.18800817
0.00000000 -1.60045786 -0.98233131 -1.12177460 -0.05028733 0.96673211 -0.18359917 -0.17085538
0.00000000 -1.62793697 -0.98969881 -1.13368594 -0.05237016 0.97144495 -0.18358560 -0.14088437
0.00000000 -1.72036262 -1.00279265 -1.15607833 -0.06852889 0.97599364 -0.17565731 -0.10901704
0.00000000 -1.75006439 -1.00730435 -1.16543039 -0.06703948 0.97547505 -0.17821019 -0.11043215
0.00000000 -1.78815993 -1.01871468 -1.17066932 -0.06392778 0.97525398 -0.18166420 -0.10858650
0.00000000 -1.82161042 -1.02388052 -1.17374496 -0.06073953 0.97551949 -0.17942937 -0.11170286
0.00000000 -1.86020254 -1.03146136 -1.17648996 -0.06424166 0.97508232 -0.17937079 -0.11363799
0.00000000 -1.90621756 -1.03841464 -1.18476011 -0.06536808 0.97556741 -0.17643251 -0.11343198
0.00000000 -1.93750974 -1.04056064 -1.18601333 -0.06699855 0.97488453 -0.17586443 -0.11909261
0.00000000 -1.98249367 -1.04216597 -1.17617956 -0.06027390 0.97551920 -0.17830977 -0.11373199
0.00000000 -2.01584248 -1.04333776 -1.18403225 -0.05723601 0.97694397 -0.18856619 -0.08214205
0.00000000 -2.04022044 -1.04977904 -1.19905558 -0.05699088 0.97928849 -0.18630953 -0.05508957
0.00000000 -2.07380113 -1.06686306 -1.24839541 -0.07129159 0.98135634 -0.16980429 -0.05498862
0.00000000 -2.09079726 -1.03853202 -1.27333825 -0.05575138 0.98050983 -0.18423860 -0.03934972
0.00000000 -2.11730988 -1.04701296 -1.29393389 -0.05589176 0.98069004 -0.18511067 -0.02927784
0.00000000 -2.15534980 -1.05655898 -1.30377189 -0.05368075 0.97985220 -0.19048874 -0.02687161
0.00000000 -2.20266304 -1.05306206 -1.32916303 -0.05458541 0.97965857 -0.19298604 -0.00677492
0.00000000 -2.23354711 -1.06370259 -1.33612835 -0.05115526 0.97913320 -0.19548752 0.02158566
0.00000000 -2.26747267 -1.06251005 -1.33664647 -0.05041402 0.97698252 -0.20101380 0.05056716
0.00000000 -2.32226074 -1.08187248 -1.32361013 -0.04907901 0.97602966 -0.19636993 0.07997628
0.00000000 -2.37696918 -1.08833429 -1.32271524 -0.05060204 0.97186440 -0.20913657 0.09581710
0.00000000 -2.40018481 -1.08439684 -1.31718804 -0.04729601 0.97199938 -0.21214590 0.08929951
-0.00781250 -2.42708840 -1.08361566 -1.31497578 -0.04628011 0.97272428 -0.21186191 0.08234174
0.00000000 -2.47477312 -1.08399702 -1.31046725 -0.03717438 0.97378240 -0.21201684 0.07358503
0.00000000 -2.53125886 -1.08532566 -1.30778260 -0.03769809 0.97419195 -0.21288390 0.06487940
0.00000000 -2.56879917 -1.08214901 -1.32152222 -0.03384075 0.97556805 -0.20865820 0.05986266
0.00000000 -2.60071571 -1.07467176 -1.33885657 -0.03358877 0.97786662 -0.19934591 0.05394333
0.00000000 -2.61767365 -1.07520217 -1.35395808 -0.03106999 0.97934308 -0.19462836 0.04518391
0.00000000 -2.61959567 -1.07414928 -1.36740391 -0.02780949 0.97963445 -0.19427208 0.04244207
0.00000000 -2.61981848 -1.07880780 -1.38776150 -0.02529408 0.97913247 -0.19745743 0.04087029
0.00000000 -2.62007060 -1.06884090 -1.40072740 -0.01463847 0.97900116 -0.19855739 0.04378811
0.00000000 -2.61995818 -1.07892670 -1.41957408 -0.03301809 0.98028327 -0.19109759 0.03789747
0.00000000 -2.62238732 -1.08580499 -1.42703184 -0.03898826 0.98031002 -0.18970856 0.03850765
0.00000000 -2.61436390 -1.07263123 -1.44780310 -0.02403599 0.98018615 -0.19259284 0.03956479
0.00000000 -2.61105449 -1.08315095 -1.46866151 -0.03028836 0.97983294 -0.19462310 0.03364318
0.00000000 -2.60801785 -1.08754559 -1.49597126 -0.02400304 0.98059966 -0.19246700 0.02836576
0.00000000 -2.60059594 -1.09654403 -1.52078522 -0.02870743 0.97984211 -0.19659783 0.02084772
0.00000000 -2.59816586 -1.10617469 -1.53610035 -0.03403777 0.97940061 -0.19840874 0.01580659
0.00000000 -2.59529909 -1.10699570 -1.54586689 -0.02869247 0.97921652 -0.20029753 0.01388008
0.00000000 -2.59489577 -1.11399058 -1.55602203 -0.03769990 0.97864907 -0.20170693 0.01179109
0.00000000 -2.58186569 -1.11527331 -1.57515613 -0.03612396 0.97816095 -0.20440815 0.01065513
0.00000000 -2.57832398 -1.11487933 -1.58631256 -0.04901214 0.97825931 -0.20134755 0.00810576
0.00000000 -2.58450417 -1.11404478 -1.58912326 -0.04143445 0.97900634 -0.19919829 0.01224019
0.00000000 -2.59222040 -1.12965335 -1.59419026 -0.05471800 0.97917046 -0.19516938 0.01183504
0.00000000 -2.58270517 -1.11902867 -1.61523160 -0.03975918 0.97920448 -0.19863632 0.01101807
0.00000000 -2.59763827 -1.12785063 -1.62123802 -0.05064860 0.97928802 -0.19567865 0.01181360
0.00000000 -2.60392903 -1.11956330 -1.59024322 -0.04135431 0.97956752 -0.19568799 0.02105946
