0.00000000 0.00000000 0.00000000 0.00000000 0.00000000 0.00000000 0.00000000 1.00000000
0.00000000 0.00043813 -0.00027839 0.00059027 -0.00047766 -0.00006783 0.00007774 0.99999988
0.00000000 -0.03859938 -0.00069539 -0.00416364 -0.00065884 -0.01729347 -0.00005524 0.99985024
-0.00781250 -0.07180915 -0.02649871 -0.00684229 -0.04792659 -0.02844905 0.01830575 0.99827781
0.00000000 -0.10696110 -0.12323975 0.00324695 -0.04546758 -0.01650309 0.02655439 0.99847644
0.00000000 -0.14934924 -0.24716444 0.00052555 -0.03025714 -0.02424211 0.02353761 0.99897087
0.00000000 -0.21003797 -0.41678599 -0.01760960 -0.01013166 -0.01533374 0.01773468 0.99967380
0.00000000 -0.31571477 -0.60156505 -0.05458362 -0.01039148 -0.01368749 -0.00991164 0.99980320
0.00000000 -0.50324272 -0.72592111 -0.10229556 -0.02855382 -0.03212191 0.01360249 0.99898340
0.00000000 -0.68411772 -0.78131834 0.21374878 0.03048637 -0.02668572 -0.01036241 0.99912515
0.00000000 -0.72276477 -0.79384360 0.43385807 0.02604578 0.05303093 -0.00930325 0.99820979
0.00000000 -0.80513201 -0.80540859 0.70682509 0.03882488 0.10579605 -0.00766431 0.99360006
0.00000000 -0.69347042 -0.78194547 1.06377997 0.03129354 0.15182272 -0.00019228 0.98791221
0.00000000 -0.58727031 -0.78547872 1.24829074 0.02771181 0.21159917 -0.02260587 0.97670201
0.00000000 -0.52033597 -0.78763703 1.34709247 0.02632481 0.27013255 -0.01709827 0.96231131
0.00000000 -0.46015260 -0.79214267 1.45533922 0.04142260 0.33430019 -0.00745939 0.94152637
0.00000000 -0.41910535 -0.79806278 1.54420472 0.04029989 0.39376609 -0.00395031 0.91831834
0.00000000 -0.36399349 -0.80866265 1.62609883 0.03670926 0.44885160 -0.00479122 0.89283913
0.00000000 -0.26277888 -0.81901840 1.75674746 0.03895739 0.49763059 -0.00828803 0.86647413
0.00000000 -0.06722060 -0.82343773 2.05307947 0.03798375 0.49754705 -0.01563982 0.86646383
0.00000000 -0.03998789 -0.82705579 2.18068432 0.03739872 0.48091230 -0.00266726 0.87596666
0.00000000 -0.04413188 -0.83884707 2.28900635 0.04145479 0.45786335 -0.00090475 0.88805508
0.00000000 -0.05524474 -0.85176787 2.37773008 0.03862561 0.42668038 0.00863057 0.90353607
0.00000000 -0.06547682 -0.86162942 2.48059081 0.05470453 0.38112333 0.02045006 0.92267774
0.00000000 -0.09630446 -0.84114085 2.58581275 0.06174018 0.31147427 0.01597404 0.94811221
0.00000000 -0.11421306 -0.82919873 2.65676589 0.06346110 0.23972288 0.02095728 0.96853829
0.00000000 -0.14669376 -0.80946589 2.71064192 0.07656709 0.19750378 0.02366758 0.97702077
0.00000000 -0.17627496 -0.80775361 2.75067354 0.08423998 0.15867452 0.02553151 0.98339929
0.00000000 -0.20209605 -0.81250049 2.77760989 0.08173108 0.12898941 0.02392532 0.98798246
0.00000000 -0.23105948 -0.80196215 2.80496016 0.08226888 0.11105360 0.02276390 0.99014177
0.00000000 -0.29489622 -0.78584835 2.84505515 0.09323923 0.07919510 0.02433645 0.99219067
0.00000000 -0.34160779 -0.78040277 2.86479445 0.10017316 0.05762452 0.02117545 0.99307419
0.00000000 -0.35291927 -0.77688246 2.87835756 0.10084150 0.03856993 0.01727929 0.99400442
0.00000000 -0.37390383 -0.77722555 2.90112729 0.09112435 0.00695437 0.01337497 0.99572541
0.00000000 -0.40372036 -0.77853150 2.91544469 0.08412472 -0.01089616 0.01290629 0.99631207
0.00000000 -0.44511853 -0.77027941 2.92862354 0.07491394 -0.03471609 0.01232816 0.99650926
0.00000000 -0.46463807 -0.76775510 2.94112392 0.07383628 -0.05267366 0.01159375 0.99581086
0.00000000 -0.47672103 -0.76819992 2.95309961 0.07198802 -0.06798445 0.01218418 0.99501125
0.00000000 -0.50149608 -0.76660779 2.96248138 0.07195999 -0.08808491 0.01265882 0.99342970
0.00000000 -0.53420771 -0.76259865 2.96484536 0.07249930 -0.10568276 0.01366668 0.99165933
0.00000000 -0.56310572 -0.76354327 2.96537213 0.07810348 -0.11942275 0.01786745 0.98960538
0.00000000 -0.59866866 -0.76815712 2.96585026 0.07399080 -0.13943350 0.02393132 0.98717321
0.00000000 -0.63286741 -0.77056078 2.97162099 0.07428029 -0.17197067 0.02038629 0.98208601
0.00000000 -0.66190142 -0.76987852 2.97006157 0.06892838 -0.20264514 0.01700539 0.97667530
0.00000000 -0.68422339 -0.76872282 2.96474607 0.06589600 -0.22658951 0.01577720 0.97163058
0.00000000 -0.71621697 -0.77252664 2.96590255 0.05663212 -0.25790830 0.01682775 0.96436141
0.00000000 -0.76576284 -0.76958094 2.96387954 0.05933342 -0.30717577 0.01663013 0.94965574
0.00000000 -0.81802439 -0.77644845 2.97598096 0.06022269 -0.40539122 0.01787637 0.91198225
0.00000000 -0.85817225 -0.78429445 2.97710130 0.05895187 -0.50220621 0.01999014 0.86250449
0.00000000 -0.87407262 -0.78696195 2.96623828 0.05410874 -0.56676560 0.01768547 0.82191011
0.00000000 -0.87069550 -0.78432648 2.94411715 0.05470600 -0.61200487 0.01424765 0.78883096
0.00000000 -0.86279238 -0.77872291 2.92986632 0.05589062 -0.65227535 0.01287530 0.75580906
0.00000000 -0.85753043 -0.77489203 2.91587461 0.05572673 -0.68544970 0.01058375 0.72590717
0.00000000 -0.84791867 -0.76807956 2.89856062 0.04958676 -0.72785809 0.00815957 0.68388389
0.00000000 -0.82998543 -0.76907848 2.87407738 0.04384924 -0.76914149 0.00892699 0.63750994
0.00000000 -0.80483677 -0.77305303 2.83108912 0.04048379 -0.80075774 0.00652023 0.59758313
0.00000000 -0.78046067 -0.77190215 2.79793750 0.04120898 -0.82129558 0.00894964 0.56894226
0.00000000 -0.73646981 -0.77133568 2.73295162 0.03669199 -0.85089663 0.00822164 0.52398571
0.00000000 -0.67666710 -0.76409612 2.64078384 -0.03489925 0.88275848 -0.00603728 -0.46849018
0.00000000 -0.63720937 -0.75835761 2.58688599 -0.02903558 0.89974778 -0.00765138 -0.43537606
0.00000000 -0.59259845 -0.74937972 2.51472883 -0.02287331 0.92215633 -0.00456229 -0.38611358
0.00000000 -0.52771470 -0.73480668 2.38988067 -0.01701474 0.94991582 0.01178636 -0.31181969
0.00000000 -0.48196393 -0.71911609 2.26648432 -0.01946032 0.97384483 0.03066521 -0.22429262
0.00000000 -0.47085528 -0.70121249 2.10548457 -0.01304738 0.98971433 0.03421989 -0.13829067
0.00000000 -0.43048562 -0.69809632 1.82893700 -0.00263932 0.99801924 0.03375211 -0.05302292
0.00000000 -0.33121002 -0.65760027 1.49668325 -0.01195354 0.99896539 0.01958021 -0.03926674
0.00000000 -0.30234809 -0.63771947 1.28767766 0.00399653 0.99925645 0.03234933 -0.02059362
0.00000000 -0.26676263 -0.60581491 0.76362381 -0.01862379 0.99933771 0.03094042 0.00447141
0.00000000 -0.21637860 -0.58700045 0.54876171 -0.02654070 0.99763703 0.03061598 -0.05548521
0.00000000 -0.19610954 -0.57456088 0.39215136 -0.02905603 0.99211400 0.03889811 -0.11555302
0.00000000 -0.20515431 -0.53321119 0.16372944 -0.02984694 0.98325128 0.03695331 -0.17595603
0.00000000 -0.23362507 -0.53356926 -0.01665832 -0.03238201 0.97395502 0.02211437 -0.22332481
0.00000000 -0.23629587 -0.52482630 -0.14983264 -0.05055120 0.95913950 0.03629609 -0.27600467
0.00000000 -0.26054930 -0.51373782 -0.27921119 -0.05312096 0.93013618 0.02868393 -0.36221827
0.00000000 -0.26454400 -0.51890936 -0.33034198 -0.03673591 0.91312017 0.03795350 -0.40425433
0.00000000 -0.29395249 -0.51983733 -0.42484453 -0.04200241 0.88747236 0.03869108 -0.45730910
0.00000000 -0.40033192 -0.49773453 -0.59779726 -0.03894266 0.86969824 0.03540154 -0.49076999
0.00000000 -0.50077513 -0.49213778 -0.67228846 0.02726951 -0.85374261 -0.03715609 0.51865147
0.00000000 -0.60569048 -0.48533056 -0.75792858 0.04184161 -0.83824357 -0.04313712 0.54197434
0.00000000 -0.72402899 -0.48254716 -0.86995373 0.05019808 -0.81579276 -0.03275221 0.57523006
0.00000000 -0.78503853 -0.47759552 -0.93284923 0.04862411 -0.79884336 -0.03720411 0.59841527
0.00000000 -0.83731840 -0.48181475 -0.97947499 0.05432030 -0.78427187 -0.02707868 0.61744124
0.00000000 -0.89635833 -0.47838486 -1.01628806 0.05354352 -0.76736713 -0.03464985 0.63802835
0.00000000 -1.01049794 -0.46991442 -1.06242668 0.05090337 -0.75452278 -0.03440169 0.65339172
0.00000000 -1.17159990 -0.46212904 -1.09454128 0.04369149 -0.75491214 -0.03021069 0.65367120
0.00000000 -1.25037762 -0.46479989 -1.09325067 0.04277186 -0.75384927 -0.03248658 0.65484843
0.00000000 -1.32654726 -0.46239418 -1.09278192 0.05399064 -0.75003740 -0.03109642 0.65845419
0.00000000 -1.41160672 -0.46716325 -1.09567993 0.05391709 -0.75135448 -0.02964066 0.65702422
0.00000000 -1.46426235 -0.47137210 -1.09772273 0.04877903 -0.75224264 -0.02950043 0.65641552
0.00000000 -1.53760753 -0.47080945 -1.09909006 0.04768734 -0.75962819 -0.02942014 0.64793934
0.00000000 -1.59442167 -0.47091873 -1.10490293 0.05092709 -0.76427261 -0.02588621 0.64235793
0.00000000 -1.67792502 -0.47487779 -1.11462990 0.05864836 -0.76198447 -0.02585143 0.64441582
0.00000000 -1.76568445 -0.47584091 -1.11961813 0.06451443 -0.76093443 -0.02744377 0.64502986
0.00000000 -1.87589086 -0.46821333 -1.11687840 0.05664861 -0.76867294 -0.02832637 0.63649860
0.00000000 -1.92116990 -0.46431937 -1.11328474 0.05418979 -0.77334752 -0.03052490 0.63092418
0.00000000 -1.94885665 -0.46208195 -1.11277229 0.05275882 -0.77705108 -0.03088913 0.62646148
0.00000000 -2.00186107 -0.46582706 -1.12069634 0.04986173 -0.78370008 -0.02839979 0.61848318
0.00000000 -2.03809073 -0.46647252 -1.12551409 0.05063842 -0.78962807 -0.02729959 0.61088296
0.00000000 -2.09280206 -0.46974125 -1.13002069 0.04923661 -0.79497678 -0.03462720 0.60364611
0.00000000 -2.16291705 -0.47849524 -1.13227428 0.05126314 -0.79867991 -0.03378201 0.59861613
0.00000000 -2.19963590 -0.47922248 -1.13246481 0.05662056 -0.80500766 -0.03096854 0.58974378
0.00000000 -2.22465608 -0.48054565 -1.14087380 0.05265334 -0.80876642 -0.03438284 0.58475835
0.00000000 -2.25483009 -0.47876243 -1.14645138 0.04902128 -0.81473883 -0.03874709 0.57645141
35.19525929 -2.26632965 -0.48196183 -1.15156129 0.04890035 -0.81557072 -0.03989475 0.57520568
0.00000000 -2.30483737 -0.48555800 -1.16835018 0.04725136 -0.81881789 -0.03877716 0.57078972
0.00000000 -2.32079284 -0.48076109 -1.17469526 0.04672271 -0.82157745 -0.03651227 0.56700470
0.00000000 -2.33537139 -0.48198185 -1.18103632 0.04815250 -0.82458533 -0.03545647 0.56256840
0.00000000 -2.35388187 -0.48403852 -1.18934417 0.05003862 -0.83055246 -0.03602944 0.55351660
0.00068595 -2.36470377 -0.48517611 -1.19386852 0.04954559 -0.83396311 -0.03612885 0.54840266
0.00000000 -2.38056807 -0.48664152 -1.20087085 0.04832209 -0.83851994 -0.03740232 0.54143361
0.00000000 -2.40312942 -0.48883063 -1.21068845 0.04732506 -0.84226050 -0.03958024 0.53552871
0.00000000 -2.42263728 -0.49073443 -1.21898321 0.04880120 -0.84640917 -0.04227367 0.52860467
0.00000000 -2.44966868 -0.49341256 -1.23081434 0.05148398 -0.85387992 -0.04260423 0.51616215
0.00000000 -2.46313745 -0.49472890 -1.23682973 0.05206216 -0.85768838 -0.04048037 0.50992304
0.00000000 -2.48239265 -0.49659622 -1.24519519 -0.05310694 0.86374793 0.03838721 -0.49964546
0.00000000 -2.49877748 -0.50533282 -1.23779868 -0.05229643 0.86783927 0.03974604 -0.49248384
0.00000000 -2.51663385 -0.51090499 -1.24569410 -0.05452346 0.87270076 0.03788427 -0.48372033
0.00000000 -2.52753978 -0.51472144 -1.25120272 -0.05494225 0.87625475 0.03797456 -0.47719691
0.00000000 -2.53825502 -0.51269936 -1.25570751 -0.05439117 0.88005639 0.03782688 -0.47022492
0.00000000 -2.55774890 -0.51955423 -1.26058343 -0.04984584 0.88920226 0.04287165 -0.45276567
0.00000000 -2.56914900 -0.52255793 -1.26710800 -0.04650820 0.89548783 0.04441085 -0.44041595
0.00000000 -2.58200389 -0.51410133 -1.28088100 -0.04451780 0.90099366 0.04111053 -0.42957946
0.00000000 -2.59564993 -0.51631752 -1.28701006 -0.03936916 0.90738701 0.04313735 -0.41621875
0.00000000 -2.61457318 -0.52389697 -1.29697663 -0.03298723 0.91763912 0.04803875 -0.39311902
0.00000000 -2.62354473 -0.52543404 -1.29799338 -0.03182274 0.92162524 0.04920272 -0.38363176
0.00000000 -2.63658915 -0.52198394 -1.30633898 -0.03079695 0.92940697 0.04768242 -0.36466509
0.00000000 -2.64913177 -0.51599022 -1.31332015 -0.03158914 0.93751930 0.04622159 -0.34339955
0.00000000 -2.65324057 -0.51479821 -1.31539007 -0.03186605 0.93936945 0.04566651 -0.33835508
0.00000000 -2.66657897 -0.51995056 -1.31845413 -0.03064735 0.94485787 0.04576194 -0.32281602
0.00000000 -2.68074185 -0.51590999 -1.32162553 -0.03289162 0.95297443 0.04904742 -0.29724104
0.00000000 -2.70149879 -0.51533156 -1.32900908 -0.03505099 0.95912740 0.05680667 -0.27498919
0.00000000 -2.71377660 -0.51561733 -1.33203633 -0.03455669 0.96279344 0.05859627 -0.26153603
0.00000000 -2.72928975 -0.51639998 -1.33444773 -0.03238622 0.96727306 0.05755107 -0.24499355
0.00000000 -2.75304652 -0.51642340 -1.33788373 -0.02852958 0.97287884 0.05667825 -0.22244193
0.00000000 -2.76356349 -0.51578905 -1.33872064 -0.02774704 0.97561121 0.05566227 -0.21051031
0.00000000 -2.78912524 -0.51249779 -1.34638408 -0.02514028 0.98080976 0.05679381 -0.18480977
0.00000000 -2.82242684 -0.50446736 -1.35960046 -0.01856832 0.98585044 0.05935784 -0.15566236
0.00000000 -2.86200907 -0.49882526 -1.39829869 0.00050627 0.99032856 0.06065088 -0.12478205
0.00000000 -2.89201401 -0.47593942 -1.44714997 0.00704749 0.99265069 0.05741379 -0.10629488
0.00000000 -2.90466677 -0.46603793 -1.46796878 0.00720077 0.99313359 0.05687937 -0.10197330
0.00000000 -2.93769144 -0.44687453 -1.60721093 -0.00614001 0.99553806 0.04649640 -0.08188019
0.00000000 -2.95729205 -0.43236515 -1.66850780 0.00706201 0.99618515 0.03660902 -0.07889904
0.00000000 -3.10803456 0.03063341 -1.79986976 -0.05699612 0.99820316 -0.01772028 0.00527974
0.00000000 -3.32638913 0.49868453 -1.93799914 -0.10468504 0.99341665 -0.04533342 0.01045409
0.00000000 -3.52246425 0.92661411 -2.17297754 -0.11238495 0.98503948 -0.12155504 0.04786672
0.00000000 -3.73628691 1.26276442 -2.39983393 -0.12462165 0.97928066 -0.14988164 0.05490290
0.00000000 -3.72914567 1.25459442 -2.43295962 -0.12861182 0.97825714 -0.14838743 0.06673188
-nan -3.74836355 1.23077409 -2.48791100 -0.13206637 0.97782645 -0.13479759 0.09079378
0.00000000 -3.75244358 1.21240810 -2.52999923 -0.13672341 0.97409852 -0.13935947 0.11409523
0.00000000 -3.74788352 1.20101440 -2.56705291 -0.13768414 0.97170479 -0.13444367 0.13695907
0.00000000 -3.73443444 1.19391158 -2.59600451 -0.13874518 0.97013492 -0.12514613 0.15468183
0.00000000 -3.70803035 1.14471356 -2.70777289 -0.13277014 0.97052888 -0.13058264 0.15295083
0.00000000 -3.68231313 1.11107240 -2.78594916 -0.12485309 0.96946767 -0.15596121 0.14219792
0.00000000 -3.55595760 1.03314308 -3.07284916 -0.10729913 0.97065763 -0.14639918 0.15772745
0.00000000 -3.52298316 1.02306773 -3.11338346 -0.10787492 0.96548719 -0.15305546 0.18102902
0.00000000 -3.49067227 1.01444234 -3.14097643 -0.11140588 0.96235762 -0.14611815 0.20026488
0.00000000 -3.46723476 1.01933087 -3.15859165 -0.12507678 0.95311800 -0.15685646 0.22653458
0.00000000 -3.44253781 1.00568750 -3.19710370 -0.13374069 0.94417223 -0.14123854 0.26590205
0.00000000 -3.42479873 0.98527238 -3.23489063 -0.14309520 0.93388115 -0.12045171 0.30476407
0.00000000 -3.31779367 0.99590807 -3.33135841 -0.14865418 0.90400899 -0.10294340 0.38739171
0.00000000 -3.16422800 1.00959241 -3.42296142 -0.14208517 0.86567847 -0.09754635 0.46999713
0.00000000 -3.03928643 1.01532086 -3.49001966 -0.14045780 0.82977882 -0.08145238 0.53395151
0.00000000 -2.99608536 0.93539730 -3.47172108 -0.14914064 0.75178582 -0.05831029 0.63966794
0.00000000 -3.04888708 0.85006356 -3.39990323 -0.14979898 0.75152779 -0.06011915 0.63964985
0.00000000 -3.03331893 0.85430339 -3.39921999 -0.15744918 0.73633291 -0.05731918 0.65554414
0.00000000 -2.99073155 0.85654044 -3.42378057 -0.15591699 0.71810361 -0.05960658 0.67562131
0.00000000 -2.95959358 0.85822293 -3.44178132 -0.15671271 0.70734959 -0.04824659 0.68758269
0.00000000 -2.88085641 0.87674177 -3.47487473 -0.15676991 0.69053571 -0.03921616 0.70501470
0.00000000 -2.56731526 0.94629056 -3.49878285 -0.13403202 0.68366526 -0.04345446 0.71606490
0.00000000 -2.45872538 0.97621963 -3.50591604 -0.15088925 0.69024570 -0.03816410 0.70663768
0.00000000 -2.08634237 1.07026766 -3.54144263 -0.14616713 0.68174845 -0.02768596 0.71630141
0.00000000 -1.74740371 1.13254495 -3.54130989 -0.14089652 0.66883964 -0.02680620 0.72944029
0.00000000 -1.37153345 1.22401862 -3.54433761 -0.13786052 0.68077466 -0.03481553 0.71855983
0.00000000 -1.01279696 1.31305420 -3.58429360 -0.14042469 0.68843024 -0.03306918 0.71081020
0.00000000 -0.79991701 1.35872157 -3.61085536 -0.14737565 0.67775015 -0.02927979 0.71977625
0.00000000 -0.45752150 1.41431885 -3.63107500 -0.14515268 0.66376959 -0.03082034 0.73306939
0.00000000 -0.18456301 1.49991960 -3.62977798 -0.15773724 0.66824796 -0.02865869 0.72645875
0.00000000 0.17951776 1.58312355 -3.59300076 -0.15178896 0.66273736 -0.02583974 0.73285169
0.00000000 0.46564020 1.66258535 -3.58754028 -0.15180874 0.65568562 -0.01455816 0.73947180
0.00000000 0.73457207 1.72073718 -3.55168990 -0.15587428 0.64556280 -0.00897398 0.74757698
0.00000000 1.10613968 1.85039622 -3.50308193 -0.15386460 0.66477747 -0.01368287 0.73089629
0.00000000 1.57578731 1.94876756 -3.44567285 -0.13755283 0.67648979 -0.02162578 0.72316879
0.00000000 1.81394659 2.02482807 -3.42054044 -0.13825100 0.66515917 -0.01086755 0.73371100
0.00000000 2.12732982 2.09266858 -3.38729699 -0.14192255 0.64702320 -0.01036468 0.74907379
0.00000000 2.58007854 2.24804027 -3.33979397 -0.14858798 0.65201484 -0.02397905 0.74311726
0.00000000 2.95130292 2.33959054 -3.32723157 -0.14667100 0.65752764 -0.01623039 0.73883801
0.00000000 3.21408980 2.40983565 -3.33437137 -0.14481249 0.64499547 -0.01053977 0.75026602
0.00000000 3.62123569 2.49220083 -3.30638065 -0.14190492 0.64503334 -0.02024308 0.75058991
0.00000000 4.00121690 2.60298222 -3.27141716 -0.14183769 0.66289133 -0.02508015 0.73472997
0.00000000 4.51007999 2.74274056 -3.22866824 -0.14304735 0.66900522 -0.01888059 0.72911796
0.00000000 4.82776241 2.83703086 -3.20037057 -0.14923529 0.65503914 -0.01709382 0.74051358
0.00000000 5.05921665 2.88532407 -3.16017727 -0.16136080 0.64446186 -0.01001672 0.74734949
0.00000000 5.59792295 3.04057789 -3.07420560 -0.14033604 0.65069225 -0.02768674 0.74574717
0.00000000 5.92680969 3.12163437 -3.03475976 -0.14099663 0.66410899 -0.02099950 0.73391976
0.00000000 6.47851653 3.27205353 -3.00348085 -0.15762829 0.66590384 -0.00435544 0.72918203
0.00000000 6.99074822 3.43362781 -2.94253251 -0.15266317 0.66852630 -0.02119530 0.72754196
0.00000000 7.53705880 3.58241095 -2.90460898 -0.15321241 0.66391312 -0.01539894 0.73178426
0.00000000 7.74081327 3.63981491 -2.90125569 -0.16443391 0.65446190 -0.00588293 0.73797460
0.00000000 8.31591929 3.76262958 -2.86080619 -0.16286207 0.65324113 -0.02560264 0.73898341
0.00000000 8.84049252 3.88637699 -2.80182941 -0.14644435 0.66852959 -0.01493426 0.72897134
0.00000000 9.19677172 4.00725864 -2.78032804 -0.16058885 0.65278913 -0.01977502 0.74005845
0.00000000 9.36300842 4.03597364 -2.76416376 -0.16778411 0.65827408 -0.00423969 0.73382951
0.00000000 9.62530502 4.11926564 -2.72774283 -0.15851239 0.64567809 -0.01275904 0.74686735
0.00000000 9.81916566 4.19355044 -2.70483590 -0.17215606 0.65412268 -0.01312323 0.73641944
0.00000000 10.26837364 4.29977870 -2.66284857 -0.15933514 0.66094947 0.00378275 0.73331017
0.00000000 10.55826049 4.37949279 -2.65757145 -0.16214452 0.64661782 0.00310320 0.74537569
0.00000000 10.88797599 4.43894204 -2.62029251 -0.16892079 0.64441803 -0.00346373 0.74577421
0.00000000 11.32818844 4.56355281 -2.56302860 -0.15434875 0.65519176 -0.02885694 0.73896380
-0.00781250 11.73999607 4.67406875 -2.54127656 -0.14595891 0.66116119 -0.02113729 0.73560526
0.00000000 12.18254233 4.77238893 -2.51809061 -0.15627859 0.65679054 -0.00576928 0.73767872
0.00000000 12.65322640 4.91408937 -2.48103182 -0.15534643 0.65807304 -0.03166412 0.73607387
0.00000000 12.98260301 4.98096618 -2.46817467 -0.14434591 0.67032851 -0.02546665 0.72744443
0.00000000 13.28345930 5.07572759 -2.46945390 -0.13351713 0.65218651 -0.02085023 0.74591635
0.00000000 13.53963453 5.11938833 -2.45281462 -0.14405608 0.64480313 -0.00753539 0.75061307
0.00000000 13.85522178 5.22301842 -2.43924457 -0.14477474 0.64354899 -0.02947011 0.75101030
0.00000000 14.25360249 5.31307090 -2.40127921 -0.15692317 0.65675378 -0.02490782 0.73717650
0.00000000 14.50987616 5.39897608 -2.41105405 -0.14433202 0.65349074 -0.04003951 0.74196696
0.00000000 14.69242094 5.44741951 -2.40192907 -0.15072677 0.64477666 -0.01784986 0.74915011
0.00000000 14.93218168 5.49714324 -2.37464860 -0.16615460 0.64358694 -0.00577201 0.74709784
0.00000000 15.15394206 5.57228497 -2.34455165 -0.15987129 0.64004601 -0.01702645 0.75132707
0.00000000 15.41402460 5.64874278 -2.29065665 -0.15315289 0.64166673 -0.02607979 0.75108445
0.00000000 15.65150328 5.69696088 -2.25555546 -0.15228893 0.64924483 -0.02504236 0.74475641
0.00000000 15.87113771 5.78145168 -2.23774936 -0.14865586 0.64535425 -0.03035300 0.74866415
0.00000000 15.99797781 5.82178032 -2.22707053 -0.15318266 0.63760430 -0.01713423 0.75478623
0.00000000 16.25388149 5.87141387 -2.19028311 -0.16675876 0.63777202 -0.01133183 0.75187097
0.00000000 16.42035722 5.91907532 -2.16416485 -0.15551099 0.63291426 -0.02303226 0.75809325
0.00000000 16.64399086 5.99799007 -2.12287905 -0.15153134 0.63879914 -0.03346475 0.75356089
0.00000000 16.85549716 6.03939050 -2.09096817 -0.15436882 0.64468069 -0.03192860 0.74802248
0.00000000 17.01130353 6.08558187 -2.08256399 -0.14357915 0.65196428 -0.03123436 0.74387635
0.00000000 17.28436400 6.17159520 -2.06631005 -0.13575416 0.64211347 -0.03197587 0.75381605
0.00000000 17.44732399 6.21172746 -2.05316176 -0.14814870 0.64443634 -0.03320224 0.74943404
0.00000000 17.73123419 6.27860333 -2.02804720 -0.14764134 0.63232740 -0.02965081 0.75992429
0.00000000 17.93780421 6.34752088 -2.02125025 -0.14238972 0.64061660 -0.03795883 0.75358786
0.00000000 18.12217671 6.38887303 -2.00633483 -0.15326554 0.64478384 -0.03343203 0.74809476
0.00000000 18.36205042 6.44578419 -1.99872930 -0.15814274 0.64726782 -0.02913750 0.74510821
0.00000000 18.57939402 6.51753041 -1.97247027 -0.14898022 0.64647826 -0.02948421 0.74766398
0.00000000 18.79764058 6.57526980 -1.93490121 -0.15553201 0.63922145 -0.01363868 0.75300711
0.00000000 19.06898520 6.65067429 -1.91976155 -0.15606302 0.63768989 -0.01230914 0.75421775
0.00000000 19.34310004 6.74045650 -1.87713445 -0.14853320 0.63976844 -0.02835420 0.75354513
0.00000000 19.47608066 6.78674449 -1.85732337 -0.14856059 0.64679022 -0.04055763 0.74695866
0.00000000 19.75579041 6.84652697 -1.82271145 -0.15468313 0.65814836 -0.03093717 0.73617712
0.00000000 19.95645320 6.89762809 -1.80648419 -0.14355083 0.65987310 -0.03086953 0.73689058
0.00000000 20.18013729 6.96330354 -1.80096695 -0.13835083 0.65005849 -0.04353081 0.74591426
0.00000000 20.34175686 7.01227575 -1.79780769 -0.14507912 0.63738676 -0.02747026 0.75626420
0.00000000 20.60682209 7.06492020 -1.76666476 -0.15551526 0.63033800 -0.02155676 0.76027910
0.00000000 21.03529877 7.20050026 -1.71905119 -0.15645170 0.63019113 -0.03284813 0.75980458
0.00000000 21.31427629 7.26957773 -1.69358114 -0.16182369 0.63532335 -0.01607037 0.75492985
0.00000000 21.49516336 7.32858681 -1.67068103 -0.15919582 0.63910361 -0.01040227 0.75239289
0.00000000 21.78992182 7.42225970 -1.65698944 -0.15657096 0.62936045 -0.01574320 0.76101452
0.00000000 22.14231496 7.50940869 -1.61209690 -0.16580988 0.62711834 -0.00611757 0.76104681
0.00000000 22.45548269 7.62035172 -1.56238521 -0.16253850 0.62832285 -0.02842537 0.76025235
0.00000000 22.69048326 7.67790194 -1.53026887 -0.17493099 0.63290068 -0.02405986 0.75382823
0.00000000 22.99918910 7.76088804 -1.49359921 -0.15984824 0.63839331 -0.01222574 0.75283003
0.00000000 23.20110360 7.82207717 -1.47337124 -0.15621013 0.63502136 -0.01218196 0.75643761
0.00000000 23.41815700 7.87607536 -1.45960078 -0.16091045 0.64031006 -0.01520382 0.75091924
0.00000000 23.64056239 7.93466047 -1.41971874 -0.15816359 0.63020804 -0.01867927 0.75991657
0.00000000 23.84391010 7.99834309 -1.37642858 -0.15880512 0.63109788 -0.03520962 0.75845678
0.00000000 24.21449478 8.08817197 -1.32145700 -0.16381850 0.64126451 -0.01463512 0.74948592
0.00000000 24.58946566 8.21297651 -1.30384381 -0.15363674 0.63074387 -0.01559610 0.76047004
0.00000000 24.91636457 8.28339466 -1.27311968 -0.15999062 0.62360109 -0.01067967 0.76512131
0.00000000 25.27866096 8.40201110 -1.22810897 -0.16073946 0.63085173 -0.02748483 0.75857334
0.00000000 25.64906434 8.48220699 -1.20885462 -0.15570110 0.64208826 -0.01403226 0.75052177
0.00000000 25.88496142 8.57163043 -1.20743437 -0.16369153 0.62678121 -0.01795404 0.76159572
0.00000000 26.19932771 8.63171304 -1.17589567 -0.16931190 0.61873194 -0.00521419 0.76712259
0.00000000 26.33891391 8.66175213 -1.16242525 -0.15704802 0.61785620 -0.02054055 0.77017383
0.00000000 26.59063184 8.74146308 -1.13783174 -0.15933084 0.63404497 -0.02479662 0.75629742
0.00000000 26.90886424 8.80769055 -1.11019280 -0.15056580 0.64879460 -0.02038023 0.74564076
0.00000000 27.28091376 8.91690915 -1.09380336 -0.15869661 0.64036254 -0.01768092 0.75129128
0.00000000 27.53829210 8.95636360 -1.05434999 -0.15821061 0.63635164 -0.01328952 0.75488369
0.00000000 27.94017136 9.08874521 -0.99924706 -0.15919437 0.65613559 -0.02946066 0.73707212
0.00000000 28.29903951 9.18640792 -0.95476786 -0.15949413 0.65390938 -0.03309521 0.73882938
0.00000000 28.47478432 9.23664347 -0.93130756 -0.16373269 0.64450859 -0.01927445 0.74661153
0.00000000 28.68165873 9.27119209 -0.90053987 -0.16078319 0.64198875 -0.01716010 0.74946964
0.00000000 28.99487813 9.38765216 -0.84516316 -0.16560345 0.65592074 -0.02995258 0.73583036
0.00000000 29.18076203 9.42036080 -0.81173869 -0.15074036 0.67195940 -0.03075850 0.72443207
0.00000000 29.42016847 9.50207745 -0.79067033 -0.14991946 0.68677408 -0.04157402 0.71002614
0.00000000 29.54621852 9.54488437 -0.79683015 -0.15079276 0.69921489 -0.04653280 0.69727669
0.00000000 29.67094739 9.57128075 -0.83183621 -0.14805804 0.72462765 -0.04345181 0.67164390
0.00000000 29.77809762 9.59178518 -0.82770946 -0.14409995 0.74227945 -0.05242081 0.65231011
0.00000000 29.87841604 9.63060546 -0.81723199 -0.14267313 0.76583952 -0.07136524 0.62292954
0.00000000 29.95452199 9.64908826 -0.80792220 -0.14123666 0.78532784 -0.08580156 0.59661586
0.00000000 30.02930898 9.65714051 -0.78663782 -0.13044228 0.80431808 -0.09460875 0.57193218
0.00000000 30.10347713 9.67413228 -0.77441442 -0.13367649 0.81862126 -0.10374854 0.54884066
0.00000000 30.22185552 9.70304011 -0.77541178 -0.13308521 0.83675674 -0.11244879 0.51911633
0.00000000 30.30565400 9.72051860 -0.79429462 -0.12867986 0.84873477 -0.12672769 0.49702200
0.00000000 30.37810966 9.72508581 -0.80559795 -0.12374615 0.86472749 -0.12583890 0.47021040
0.00000000 30.48564206 9.72517015 -0.83169008 -0.13050834 0.88686952 -0.12517224 0.42516107
0.00000000 30.52144151 9.72821916 -0.84518181 -0.13580051 0.89654897 -0.12704125 0.40201827
0.00000000 30.58515497 9.73353976 -0.87256357 -0.13720749 0.91553686 -0.13596416 0.35281740
0.00000000 30.65265544 9.73850923 -0.90052780 -0.13019100 0.93493356 -0.15825023 0.28966601
0.00000000 30.70940791 9.74993327 -0.92429298 -0.12383245 0.95139341 -0.17398184 0.22191537
0.00000000 30.74634837 9.75536773 -0.95729618 -0.12093134 0.96209698 -0.17517239 0.17046892
0.00000000 30.77336901 9.73921136 -1.07403872 -0.11826420 0.96853656 -0.18244727 0.12109293
0.00000000 30.77664908 9.72963662 -1.12199786 -0.11315603 0.97310425 -0.17945151 0.08978301
0.00000000 30.79871362 9.72558908 -1.17523414 -0.10205412 0.97681938 -0.18527706 0.03288251
0.00000000 30.82669883 9.73117808 -1.19911936 -0.09568772 0.97629423 -0.19246406 -0.02551530
0.00000000 30.83490540 9.72461038 -1.21618279 -0.08925709 0.97154091 -0.19669109 -0.09723194
0.00000000 30.82863394 9.71124236 -1.22544860 -0.08794596 0.96932698 -0.19733844 -0.11716766
0.00000000 30.82280796 9.70431344 -1.23273176 -0.08556371 0.96630865 -0.19983972 -0.13780615
0.00000000 30.80873625 9.69089931 -1.24314579 -0.08593741 0.96350137 -0.20130143 -0.15413499
0.00000000 30.81011544 9.68621325 -1.25907977 -0.08050528 0.95808216 -0.20167996 -0.18687610
0.00000000 30.78252958 9.67290733 -1.27448149 -0.07385557 0.93940209 -0.20627956 -0.26366232
0.00000000 30.77071080 9.66907250 -1.27531935 -0.07326447 0.93084508 -0.20725767 -0.29189725
0.00000000 30.74901628 9.66304995 -1.27241205 -0.06962672 0.92023429 -0.20921173 -0.32334414
0.00000000 30.73272101 9.66498305 -1.26173621 -0.06840149 0.91012791 -0.21081314 -0.35006605
0.00000000 30.71156995 9.66141180 -1.25158205 -0.06757997 0.89734684 -0.21369464 -0.38017918
0.00000000 30.70136803 9.65970529 -1.24488132 -0.06625583 0.89125482 -0.21500820 -0.39375943
0.00000000 30.68971064 9.65719597 -1.23799023 -0.06653706 0.88398063 -0.21749538 -0.40846889
0.00000000 30.67180040 9.65579515 -1.22663019 -0.06448331 0.87133909 -0.21880441 -0.43443610
0.00000000 30.65043074 9.65545710 -1.21338403 -0.05831862 0.85671076 -0.21620760 -0.46465029
0.00000000 30.63536833 9.65603797 -1.20502844 -0.05272727 0.84635093 -0.21531070 -0.48430490
0.00000000 30.58821622 9.65255446 -1.18350124 0.03799249 -0.82468478 0.21778600 0.52059663
0.00000000 30.52634255 9.64852007 -1.16068116 0.03227413 -0.80349851 0.21299838 0.55495965
0.00000000 30.44953153 9.64366476 -1.12845751 0.02426715 -0.78159896 0.21050802 0.58668606
0.00000000 30.36840086 9.63895678 -1.10422625 0.01807640 -0.76380687 0.20985689 0.61010851
0.00000000 30.25454148 9.61055707 -1.12811118 0.00322551 -0.75745665 0.19395192 0.62340330
0.00000000 30.14752996 9.58766049 -1.15829659 0.00109872 -0.73570866 0.19100726 0.64980596
0.00000000 30.03027823 9.55940827 -1.18341599 -0.00293409 -0.70633226 0.18811087 0.68242248
0.00000000 29.82371054 9.50916734 -1.24467484 -0.00530364 -0.70895480 0.17534776 0.68308721
0.00000000 29.67803501 9.46911855 -1.29253046 0.00649918 -0.73030374 0.18710659 0.65696677
0.00000000 29.51270618 9.40809520 -1.33314665 0.01021124 -0.74524834 0.19999964 0.63600376
0.00000000 29.04648858 9.28942114 -1.43952903 0.00293853 -0.72876430 0.19854164 0.65534355
0.00000000 28.91294147 9.25994561 -1.45057029 -0.00944168 -0.71665481 0.19158674 0.67053058
0.00000000 28.32494970 9.13097227 -1.49724899 -0.01609358 -0.72595273 0.19490857 0.65935141
0.00000000 28.13836628 9.07465656 -1.54007310 -0.00163982 -0.73973614 0.19287081 0.64466162
0.00000000 27.48299727 8.89799623 -1.67300081 0.00011243 -0.73953755 0.20304285 0.64176148
0.00000000 27.13382812 8.82907530 -1.72972554 -0.00034848 -0.75074139 0.20074682 0.62935519
0.00000000 26.26507706 8.61368479 -1.89164829 0.00982417 -0.74043944 0.19534249 0.64303518
0.00000000 25.61585561 8.47637106 -1.99701190 -0.01932458 -0.74456239 0.19439852 0.63832799
0.00000000 25.09148658 8.34102504 -2.09494355 -0.00129044 -0.73449956 0.20324320 0.64745728
0.00000000 24.47447815 8.16091039 -2.24556357 -0.01170095 -0.74274134 0.20827273 0.63625534
0.00000000 24.19981560 8.11247662 -2.29755916 -0.01275222 -0.75907613 0.19804388 0.62001567
0.00000000 23.65758054 7.96785746 -2.40061894 0.01732613 -0.75546565 0.20006679 0.62365434
0.00000000 23.42217664 7.89601532 -2.44963813 0.02366890 -0.74008938 0.20495022 0.64008039
0.00000000 22.60043202 7.69576702 -2.57101932 0.01709680 -0.74334844 0.19993977 0.63809474
0.00000000 21.90894037 7.51839481 -2.70478897 0.01455190 -0.73523748 0.19771330 0.64816937
0.00000000 21.37174709 7.41291288 -2.76856663 -0.00945225 -0.73813894 0.20177718 0.64369833
0.00000000 20.82768114 7.28673685 -2.83821043 -0.00343694 -0.72616584 0.18799963 0.66130742
0.00000000 20.46651732 7.18179499 -2.87489451 -0.01697744 -0.71059072 0.18859094 0.67764744
0.00000000 19.87131894 7.05685867 -2.91612011 -0.03432630 -0.71272805 0.19195000 0.67379198
0.00000000 19.33726947 6.93950540 -2.98931421 -0.02958902 -0.69734086 0.18477260 0.69188099
0.00000000 18.99427349 6.82658940 -3.03118480 -0.02862132 -0.70462370 0.20051698 0.68005824
0.00000000 18.77780926 6.79502034 -3.06057705 -0.01928346 -0.71819123 0.20127942 0.66581987
0.00000000 18.50140627 6.71413885 -3.08959279 -0.03076251 -0.73465548 0.18948389 0.65071564
0.00000000 18.00651497 6.59932763 -3.19192241 -0.00774194 -0.72184228 0.18333942 0.66728587
0.00000000 17.54318552 6.49112352 -3.27693664 -0.01299112 -0.72721953 0.19304378 0.65857201
-0.00781250 17.04562938 6.35077545 -3.37180008 -0.01372541 -0.73432533 0.18822200 0.65203558
0.00000000 16.83304510 6.30191273 -3.42506352 -0.01156168 -0.71802411 0.17695211 0.67304952
0.00000000 16.43379105 6.18330712 -3.50443974 -0.01403953 -0.70169601 0.18738816 0.68724907
0.00000000 15.92303319 6.04348268 -3.56793178 -0.01733607 -0.70128549 0.18610993 0.68793983
0.00000000 15.42110688 5.92770416 -3.66410990 -0.02103489 -0.69203646 0.17210102 0.70073127
0.00000000 14.96343233 5.84456219 -3.69571752 -0.04183196 -0.69950742 0.18060977 0.69015909
0.00000000 14.75548768 5.78146692 -3.70949968 -0.03257137 -0.70776777 0.17581841 0.68344113
0.00000000 14.40023964 5.70472950 -3.74121755 -0.02081432 -0.69242113 0.17841769 0.69877527
0.00000000 14.21754576 5.64410793 -3.75629152 -0.01753868 -0.70033041 0.17770066 0.69112386
0.00000000 14.06175868 5.59926529 -3.77267003 -0.02214651 -0.71424488 0.18549199 0.67450464
0.00000000 13.95176512 5.57859204 -3.78931857 -0.01443390 -0.72774007 0.19031864 0.65876010
0.00000000 13.83698102 5.55771043 -3.80639428 -0.00157976 -0.74439199 0.19467558 0.63873272
0.00000000 13.66615273 5.50473981 -3.82963542 0.00236265 -0.76704298 0.19470533 0.61133406
0.00000000 13.53172596 5.45534721 -3.85236427 -0.01144267 -0.78793672 0.19015603 0.58554716
0.00000000 13.40366788 5.42702909 -3.88450665 0.00206842 -0.80135337 0.18880637 0.56760959
0.00000000 13.09518401 5.34867924 -3.96433973 0.00550068 -0.80639934 0.18795748 0.56067980
0.00000000 12.68512692 5.25493168 -4.00252476 0.00029401 -0.81543681 0.19660798 0.54443368
0.00000000 12.25473060 5.14435716 -4.05542092 -0.00646430 -0.82743909 0.18975917 0.52848294
0.00000000 11.91557828 5.06254757 -4.13551570 0.00586014 -0.82311868 0.17946044 0.53873485
0.00000000 11.75356964 5.00964123 -4.16771189 0.00108628 -0.81683173 0.18710193 0.54569003
0.00000000 11.44428004 4.93682435 -4.22133404 0.00581439 -0.81382118 0.20138596 0.54507336
0.00000000 11.01097528 4.82150526 -4.26633792 -0.00667102 -0.81423902 0.19791781 0.54570950
0.00000000 10.67362965 4.74998010 -4.34589952 0.02265005 -0.80601955 0.19473898 0.55847667
0.00000000 10.51513774 4.70356022 -4.37033133 0.02364423 -0.79351281 0.19990721 0.57429563
0.00000000 10.32334178 4.65281304 -4.38705188 -0.00040920 -0.78681133 0.20251135 0.58302394
0.00000000 9.55528267 4.46937245 -4.46023926 -0.00293125 -0.78144273 0.20556484 0.58913646
0.00000000 9.38274498 4.44752793 -4.48223374 0.01521873 -0.76700462 0.20506967 0.60779827
0.00000000 9.17798274 4.40101015 -4.49206216 0.00671048 -0.74606024 0.20262545 0.63426494
0.00000000 8.88682363 4.35286789 -4.47757483 -0.02035701 -0.72342802 0.20510116 0.65891654
0.00000000 8.38686010 4.24758001 -4.46515920 -0.01660611 -0.72875826 0.20852954 0.65203609
0.00000000 7.96828484 4.17916366 -4.49359435 0.00155301 -0.71303039 0.20651336 0.67002797
0.00000000 7.75241184 4.12619489 -4.48598085 -0.00510498 -0.69736611 0.21679745 0.68312028
0.00000000 7.17433231 4.04098351 -4.47950892 -0.01743396 -0.70502714 0.21194665 0.67654372
0.00000000 6.94704620 3.97707390 -4.47250614 -0.02271082 -0.71967520 0.20489913 0.66299938
0.00000000 6.33745402 3.83329216 -4.52575369 0.00087358 -0.72132409 0.19571960 0.66436784
0.00000000 5.82271358 3.74488471 -4.55112952 -0.02018423 -0.73082393 0.21009002 0.64911568
0.00000000 5.21987769 3.58801827 -4.59983220 -0.02707944 -0.71636407 0.20483961 0.66643076
0.00000000 4.74681848 3.44952187 -4.67333299 -0.02644983 -0.70200201 0.20225835 0.68233800
0.00000000 4.50152869 3.40736145 -4.71362367 -0.01639487 -0.71117942 0.20514954 0.67221180
0.00000000 4.34357348 3.36612366 -4.74499085 -0.01294475 -0.73100303 0.19999120 0.65228102
0.00000000 4.11407941 3.28738698 -4.79970562 -0.00518596 -0.74414843 0.19611241 0.63855786
0.00000000 3.62570968 3.15692129 -4.94465211 -0.00092183 -0.72687335 0.18915300 0.66020862
0.00000000 3.13960766 3.03512111 -5.07146793 -0.00724115 -0.73358198 0.19433642 0.65118231
0.00000000 2.85425042 2.93353669 -5.13876205 -0.00815044 -0.74037211 0.18391967 0.64649537
0.00000000 2.39217354 2.80522385 -5.27859373 -0.00099299 -0.72557143 0.18741487 0.66213351
0.00000000 2.24320848 2.75397929 -5.31892094 -0.01662718 -0.71086005 0.19247461 0.67628030
0.00000000 1.83566061 2.66694872 -5.38738636 -0.02607523 -0.72432554 0.18947013 0.66239993
0.00000000 1.43385944 2.54037051 -5.45185440 -0.00375393 -0.72682593 0.19408227 0.65881867
0.00000000 1.20232519 2.48446706 -5.50467833 -0.00505789 -0.70954392 0.20000185 0.67566345
0.00000000 0.69534377 2.38060133 -5.55314725 -0.01314867 -0.70486790 0.19541179 0.68176432
0.00000000 0.52292875 2.33458086 -5.56862329 -0.00993868 -0.71612228 0.19280988 0.67074172
0.00000000 0.26022155 2.24615436 -5.59785154 -0.00694743 -0.72375172 0.19528241 0.66181566
0.00000000 -0.08172963 2.16733544 -5.67476676 0.00105839 -0.70659310 0.19840926 0.67923401
0.00000000 -0.42398373 2.08969200 -5.71434825 -0.01639989 -0.69871966 0.19463964 0.68821311
0.00000000 -0.88466203 1.96533385 -5.78538805 -0.00773995 -0.70386355 0.18830915 0.68487653
0.00000000 -1.07738614 1.92340037 -5.82886178 -0.00247687 -0.69922822 0.19134332 0.68881166
0.00000000 -1.21244994 1.89377687 -5.86303710 -0.00721283 -0.69270938 0.18453811 0.69717098
0.00000000 -1.36639163 1.83857959 -5.89318195 -0.00911138 -0.68326702 0.18887911 0.70525729
0.00000000 -1.47479455 1.80556699 -5.90956756 -0.00831616 -0.67289851 0.19550230 0.71338439
0.00000000 -1.67851739 1.77769900 -5.93081630 -0.00674755 -0.66186485 0.20313770 0.72154312
0.00000000 -1.82379527 1.74091943 -5.94681137 -0.01119269 -0.65560670 0.21320216 0.72429235
0.00000000 -1.95573079 1.70420850 -5.96723593 -0.01106137 -0.65019346 0.19900809 0.73315885
0.00000000 -2.16978964 1.66378900 -6.01237580 -0.00219081 -0.63014284 0.18723201 0.75356444
0.00000000 -2.26152334 1.64517660 -6.02642868 -0.00154856 -0.61594571 0.18250080 0.76635628
0.00000000 -2.36956302 1.61672034 -6.03325586 -0.00001972 -0.59894309 0.18923921 0.77811034
0.00000000 -2.48561909 1.58442325 -6.04023822 -0.00939943 -0.58337039 0.18387483 0.79106301
0.00000000 -2.60165640 1.56722386 -6.03941049 -0.01525164 -0.57556638 0.18321770 0.79681993
0.00000000 -2.74420717 1.55525437 -6.03745821 -0.00922414 -0.57288956 0.18467401 0.79850358
0.00000000 -2.90175424 1.52579093 -6.02716941 -0.01537770 -0.56464322 0.17355910 0.80673341
0.00000000 -3.03923863 1.49967165 -6.02592098 -0.02005956 -0.54714158 0.16118989 0.82112820
0.00000000 -3.14320056 1.48301891 -6.02555572 -0.01896569 -0.51519713 0.15663124 0.84242440
0.00000000 -3.21802311 1.46342565 -6.02558710 -0.02084997 -0.48245454 0.15505887 0.86183504
0.00000000 -3.29183492 1.44328696 -6.02350329 -0.03043854 -0.45040249 0.15520311 0.87870535
0.00000000 -3.34269131 1.42963857 -6.01654833 -0.03279847 -0.42759325 0.15832500 0.88939387
0.00000000 -3.41531636 1.41957745 -6.00318295 -0.04385349 -0.40445338 0.15064466 0.90099973
0.00000000 -3.53090286 1.40374588 -5.94823031 -0.05541357 -0.37624098 0.14046195 0.91413484
0.00000000 -3.58007552 1.40216960 -5.92410786 -0.05952846 -0.36659297 0.13339939 0.91884196
0.00000000 -3.61753642 1.39881430 -5.90361788 -0.06114735 -0.35808455 0.13229294 0.92224456
0.00000000 -3.64157193 1.39728628 -5.88561538 -0.06568458 -0.34634490 0.13674194 0.92576044
0.00000000 -3.68202551 1.39375710 -5.87778325 -0.06799943 -0.34103412 0.15369470 0.92490526
0.00000000 -3.72376235 1.39190767 -5.83461797 -0.06134630 -0.32647752 0.13526172 0.93346308
0.00000000 -3.72123084 1.37716219 -5.87277438 -0.06969239 -0.30819167 0.15174204 0.93655498
0.00000000 -3.71451235 1.36885158 -5.91085217 -0.07192436 -0.30791597 0.16449168 0.93432175
0.00000000 -3.76004456 1.36043129 -5.88696941 -0.08019954 -0.28672717 0.15811841 0.94146382
0.00000000 -3.77288473 1.35877033 -5.88032988 -0.08198067 -0.27646922 0.15783859 0.94442094
0.00000000 -3.79528888 1.35546978 -5.86757642 -0.08476948 -0.25997341 0.15635397 0.94909504
0.00000000 -3.84104532 1.34857303 -5.83770917 -0.07818262 -0.21412555 0.16056073 0.96034264
0.00000000 -3.86000355 1.34307162 -5.82330582 -0.08402891 -0.19404868 0.16127689 0.96398860
0.00000000 -3.88382192 1.33847119 -5.80531508 -0.09439586 -0.17799557 0.16175295 0.96604502
0.00000000 -3.91084556 1.33933744 -5.77960429 -0.09240309 -0.15100050 0.15446165 0.97200932
0.00000000 -3.93483157 1.33713997 -5.75580157 -0.09824830 -0.13423750 0.15604523 0.97364134
0.00000000 -3.96355240 1.34321797 -5.71653680 -0.10498839 -0.11191011 0.14912733 0.97683909
0.00000000 -3.99362109 1.35580430 -5.66355550 -0.11436022 -0.09758550 0.14434583 0.97804043
0.00000000 -4.04206959 1.41420571 -5.50150212 -0.11661953 -0.09448080 0.14788811 0.97754917
0.00000000 -4.10008806 1.49272249 -5.15179028 -0.13031004 -0.08639655 0.15137300 0.97603337
0.00000000 -4.13081667 1.51795585 -4.99586655 -0.13491437 -0.05656295 0.15068012 0.97769844
0.00000000 -4.14644639 1.54725422 -4.86897426 -0.14015817 -0.03258770 0.14388275 0.97907685
0.00000000 -4.10119557 1.67116876 -4.56417587 -0.12172916 -0.00705497 0.12104278 0.98512988
0.00000000 -4.07997498 1.71958339 -4.45887626 -0.13658003 0.08322413 0.10728598 0.98127945
0.00000000 -4.07061340 1.72728386 -4.44328655 -0.13743160 0.11157291 0.10149911 0.97895964
0.00000000 -4.05083604 1.74617588 -4.38721687 -0.14766826 0.20130382 0.10188648 0.96295898
0.00000000 -4.02436459 1.76438581 -4.33652799 -0.14794530 0.28286899 0.08978738 0.94341695
0.00000000 -3.97554326 1.79026284 -4.29918001 -0.16480357 0.37852006 0.06885681 0.90819661
0.00000000 -3.81258656 1.84472052 -4.27264436 -0.17899997 0.47320790 0.05158451 0.86102981
0.00000000 -3.61832603 1.92717743 -4.23381382 -0.19375912 0.53116366 0.04727794 0.82346060
0.00000000 -3.43506641 2.00081683 -4.18165288 -0.20071427 0.58191828 0.02605097 0.78765871
0.00000000 -3.18538588 2.07091948 -4.10397345 -0.18652196 0.61752717 0.01750243 0.76391323
0.00000000 -2.85221414 2.21198136 -4.02649097 -0.19272817 0.61455065 0.02809715 0.76445661
-0.00781250 -2.51710464 2.32079338 -3.94422992 -0.20391865 0.62709802 0.02488265 0.75136284
0.00000000 -2.39408376 2.37513371 -3.91866117 -0.20446095 0.65188144 0.01144379 0.73014749
0.00000000 -2.23086944 2.42017810 -3.86955293 -0.19774898 0.67221860 -0.00313099 0.71344775
0.00000000 -2.12077183 2.46288266 -3.82951768 -0.20023861 0.66481511 0.00066901 0.71967001
0.00000000 -2.04570086 2.50179764 -3.78630045 -0.19575794 0.62850975 0.00655355 0.75273592
0.00000000 -1.96569186 2.53898428 -3.72211934 -0.18737426 0.56836751 0.01601031 0.80099496
0.00000000 -1.90023736 2.57720533 -3.64254886 -0.18430268 0.46553572 0.03668093 0.86484885
0.00000000 -1.88749852 2.60199804 -3.59345442 -0.18831306 0.40378839 0.04286966 0.89423449
0.00000000 -1.87505072 2.62364352 -3.55286434 -0.18717468 0.37416554 0.05531043 0.90659062
0.00000000 -1.85945085 2.66417777 -3.46771020 -0.17351869 0.32798819 0.05389950 0.92704361
0.00000000 -1.83961095 2.69903371 -3.36150791 -0.16208774 0.29589649 0.05437855 0.93979562
0.00000000 -1.82976520 2.72136790 -3.30258935 -0.16009747 0.25875393 0.07247809 0.94982216
0.00000000 -1.82086914 2.75278218 -3.23274916 -0.15878925 0.20708049 0.08357092 0.96172738
0.00000000 -1.80144918 2.79596062 -3.15266256 -0.16104618 0.13259819 0.09964855 0.97290905
0.00000000 -1.78123249 2.82458400 -3.10399800 -0.14995426 0.08380018 0.11336133 0.97859106
0.00000000 -1.72162680 2.87390059 -3.00594808 -0.14716671 0.01136016 0.12069794 0.98165417
0.00000000 -1.70343632 2.97541000 -2.75399547 -0.15684953 0.05391583 0.12431605 0.97828259
0.00000000 -1.61190693 3.06015755 -2.61512342 -0.09708638 -0.01392484 0.12342371 0.98749528
0.00000000 -1.57957008 3.10570393 -2.60078346 -0.09055418 -0.05135733 0.13207709 0.98575758
0.00000000 -1.65887190 3.23170737 -2.50611260 -0.14777247 -0.04904830 0.08713698 0.98395361
0.00000000 -1.67769700 3.33355788 -2.54685861 -0.14983648 -0.04422930 0.12057645 0.98033368
0.00000000 -1.69397392 3.44997980 -2.59492537 -0.16222452 -0.02775725 0.15497788 0.97411221
0.00000000 -1.70595406 3.57209426 -2.65301676 -0.16999399 -0.03654442 0.16812811 0.97030897
0.00000000 -1.70394279 3.64969943 -2.70141165 -0.17233189 -0.07072950 0.16594020 0.96838159
0.00000000 -1.71840911 3.69736218 -2.72818011 -0.23510688 -0.07445494 0.19334777 0.94963038
0.00000000 -1.71166633 3.70056772 -2.74207146 -0.14052878 -0.12320889 0.15110043 0.97069042
0.00000000 -1.71220323 3.70190388 -2.74172789 -0.14055371 -0.12318009 0.15070996 0.97075117
0.00000000 -1.71340277 3.70003165 -2.74077994 -0.14102664 -0.12266263 0.15148219 0.97062790
0.00000000 -1.70927678 3.72823338 -2.73959806 -0.12903142 -0.12488024 0.15478480 0.97149240
0.00000000 -1.90403512 3.86392040 -2.61486977 -0.08395546 -0.04345601 0.11825178 0.98847335
0.00000000 -2.07269966 4.00708455 -2.49125265 -0.04117724 -0.05195197 0.13108635 0.98915206
0.00000000 -2.18078246 4.01842488 -2.43183040 -0.04165165 -0.00527688 0.11121170 0.99290949
0.00000000 -2.27084518 4.03580890 -2.38089563 -0.03361604 -0.00426603 0.11385456 0.99291938
0.00000000 -2.27093256 4.03572498 -2.37976868 -0.03391838 -0.00434433 0.11379029 0.99291613
0.00000000 -2.27071497 4.03564111 -2.37798463 -0.03420857 -0.00443242 0.11400324 0.99288136
0.00000000 -2.27238252 4.03563139 -2.37727070 -0.03419222 -0.00430122 0.11389720 0.99289467
0.00000000 -2.27330098 4.03495786 -2.37666445 -0.03420715 -0.00422634 0.11369157 0.99291804
0.00000000 -2.27600388 4.03676975 -2.37429166 -0.03404485 -0.00409396 0.11386996 0.99290373
0.00000000 -2.26172318 4.04236366 -2.36933404 -0.03404698 -0.00645922 0.11489516 0.99277298
0.00000000 -2.22428290 4.05554285 -2.35608741 -0.03505490 -0.00919584 0.10758038 0.99353563
0.00000000 -2.18675773 4.06843977 -2.34283426 -0.03568749 -0.00940463 0.10391778 0.99390093
0.00000000 -2.18648651 4.06908695 -2.34268321 -0.03590044 -0.00941826 0.10356619 0.99392983
0.00000000 -2.18686380 4.06958877 -2.34417196 -0.03597829 -0.00948576 0.10364424 0.99391823
0.00000000 -2.18750466 4.06828764 -2.34554852 -0.03637256 -0.00931309 0.10382900 0.99388623
