0.00000000 -0.00417444 0.00277945 -0.02683522 -0.01071273 -0.00455267 0.07362629 0.99721797
0.00000000 -0.00179810 -0.00495898 -0.02662497 -0.01026208 -0.00369337 0.06428407 0.99787204
0.00000000 -0.04847862 0.00905879 -0.02860243 -0.01020443 -0.01985559 0.07384412 0.99701989
0.00000000 -0.08076510 -0.05669311 -0.02286465 -0.05317387 0.00107373 0.09236315 0.99430400
0.00000000 -0.08517195 -0.16804717 -0.02957560 -0.06391748 0.00928525 0.15262719 0.98617102
0.00000000 -0.04644127 -0.42069512 -0.03589920 -0.03246363 0.01893074 0.15768115 0.98677474
0.00000000 -0.17813910 -0.67595860 -0.01001029 0.02092766 -0.02081514 0.15852449 0.98691375
0.00000000 -0.26991683 -0.78699024 0.25128216 0.08607239 -0.04845121 0.19368925 0.97607812
0.00000000 -0.43467179 -0.86126432 0.59475311 0.01752478 -0.07061226 0.16570189 0.98348852
0.00000000 -0.53195272 -0.91310390 0.84944780 0.06376257 0.01500464 0.17571257 0.98225979
0.00000000 -0.58136392 -0.85526150 1.31701550 0.05845054 0.04179410 0.10092054 0.99229624
0.00000000 -0.49334925 -0.82163787 1.49685810 0.03480738 0.12970251 0.10805866 0.98503250
0.00000000 -0.45301896 -0.82418717 1.60941490 0.03596817 0.17991613 0.10622690 0.97726779
0.00000000 -0.41698791 -0.82044713 1.71189905 0.03209874 0.22105110 0.10808561 0.96872266
0.00000000 -0.37972284 -0.80376041 1.77285412 0.02737003 0.25422209 0.10414273 0.96113282
0.00000000 -0.32295061 -0.80459686 1.86684497 0.00451211 0.31844308 0.09300194 0.94335798
0.00000000 -0.20312551 -0.76725345 1.96373026 0.00973089 0.35258072 0.09773867 0.93061232
0.00000000 -0.09134523 -0.73408248 2.05140670 -0.00340276 0.39209412 0.09857509 0.91462209
0.00000000 -0.03262962 -0.67785661 2.11929057 -0.01231703 0.46880139 0.08890685 0.87873154
0.00000000 -0.03352569 -0.65947260 2.15187066 -0.02003853 0.49348838 0.08874257 0.86498118
0.00000000 -0.05130288 -0.67907031 2.31088386 -0.01766853 0.43982519 0.07904704 0.89442338
0.00000000 -0.06952760 -0.69634864 2.38200497 -0.00528731 0.40203357 0.08202881 0.91192781
0.00000000 -0.05937056 -0.69831169 2.44712498 0.00052224 0.36713123 0.08961525 0.92584204
0.00000000 -0.04227683 -0.68955445 2.50361623 0.01034491 0.33885322 0.09009465 0.93645845
0.00000000 -0.01732931 -0.67670450 2.56642317 0.02670405 0.30167601 0.09170791 0.94861380
0.00000000 -0.00795553 -0.67623520 2.63178822 0.03664137 0.25063127 0.09340599 0.96286899
0.00000000 -0.06030017 -0.68021820 2.76389555 0.03377083 0.21116421 0.08756945 0.97293412
0.00000000 -0.12016162 -0.70153957 2.83197071 0.03969305 0.19450140 0.09551853 0.97543317
0.00000000 -0.20620336 -0.71997523 2.89818347 0.05473931 0.16583860 0.10191147 0.97934428
0.00000000 -0.27659710 -0.69231957 2.93993980 0.06016082 0.13682383 0.10429525 0.98325094
0.00000000 -0.30177210 -0.69749263 2.95083883 0.06048450 0.11667996 0.10582638 0.98566130
0.00000000 -0.34451653 -0.69480227 2.96335585 0.06961459 0.09639918 0.11461510 0.98626791
0.00000000 -0.36915461 -0.70684363 2.98321947 0.06475019 0.07230254 0.10754332 0.98945146
0.00000000 -0.37015490 -0.69903531 2.98881631 0.06687584 0.05419587 0.10078935 0.99117705
0.00000000 -0.40303090 -0.72473419 2.98585055 0.08347278 -0.00407626 0.11715469 0.98959106
0.00000000 -0.40834189 -0.73452571 2.99115198 0.08661104 -0.01555987 0.11970453 0.98890204
0.00000000 -0.41766616 -0.73142143 2.99911052 0.09724162 -0.04079618 0.11772542 0.98743125
0.00000000 -0.43100468 -0.73978684 3.01002271 0.10066282 -0.08081321 0.12008000 0.98433582
0.00000000 -0.44979761 -0.74429088 3.02900968 0.10445484 -0.12347298 0.12090006 0.97940124
0.00000000 -0.45348913 -0.75181854 3.03930376 0.10218676 -0.14618666 0.12986423 0.97535768
0.00000000 -0.45722924 -0.73787781 3.05492967 0.10361481 -0.18765860 0.12614943 0.96857346
0.00000000 -0.45609367 -0.75867468 3.06463051 0.09593144 -0.21930298 0.13445072 0.96157494
0.00000000 -0.46415296 -0.76865486 3.07252933 0.10088590 -0.25572239 0.13375819 0.95212228
0.00000000 -0.47420192 -0.77256094 3.07766527 0.10987437 -0.34779564 0.12810065 0.92225595
0.00000000 -0.47476310 -0.77139059 3.05359890 0.10747106 -0.43758222 0.12678139 0.88368448
0.00000000 -0.44635936 -0.78781593 2.96825529 0.10925764 -0.50573815 0.13245981 0.84542657
0.00000000 -0.42891832 -0.78336284 2.92657492 0.11999262 -0.53735422 0.13048091 0.82451619
0.00000000 -0.39118255 -0.73859293 2.87567932 0.13054247 -0.57300102 0.11652016 0.80065695
0.00000000 -0.37844679 -0.74650143 2.84107503 0.12974021 -0.61275343 0.12078403 0.77013760
0.00000000 -0.37183578 -0.73227599 2.82899099 0.13966680 -0.63332650 0.12994763 0.75000290
0.00000000 -0.36362643 -0.73252039 2.81249631 0.14546742 -0.66659369 0.13051133 0.71934614
0.00000000 -0.36013914 -0.73050395 2.80297229 0.14717365 -0.70156796 0.13264528 0.68450533
0.00000000 -0.34356382 -0.73005642 2.79341372 0.14865583 -0.72605397 0.12724202 0.65920903
0.00000000 -0.31522201 -0.72972328 2.76665498 0.14334302 -0.76212449 0.11707680 0.62041282
0.00000000 -0.32030026 -0.72633118 2.75991732 0.14419200 -0.80843061 0.10576210 0.56077000
0.00000000 -0.31809037 -0.72211102 2.75208370 0.14237917 -0.84431988 0.09932969 0.50693759
0.00000000 -0.30210870 -0.71607762 2.73640257 -0.13313652 0.88764640 -0.08380604 -0.43282223
0.00000000 -0.26018394 -0.69693251 2.68074899 -0.13460094 0.92692663 -0.07388140 -0.34239035
0.00000000 -0.18166229 -0.68829417 2.60422808 -0.12883829 0.95486049 -0.06526102 -0.25958261
0.00000000 -0.10851028 -0.65387319 2.52832088 -0.12691517 0.97402492 -0.05350218 -0.17973736
0.00000000 -0.10539805 -0.81712007 2.46214330 -0.03500542 0.99629963 0.00538109 -0.07831161
0.00000000 -0.13062242 -0.82045745 2.18603014 -0.00766881 0.99993778 0.00149930 0.00796062
0.00000000 -0.12425667 -0.78716078 1.68896846 -0.00175887 0.99899380 0.01283404 0.04293697
0.00000000 -0.17431966 -0.76302121 1.33558260 0.02527871 0.99006371 0.02451280 0.13613946
0.00000000 -0.13724395 -0.73126429 1.13447566 0.07132377 0.95869354 0.01550567 0.27491669
0.00000000 -0.01632986 -0.63978405 0.71581275 0.06741698 0.98427040 0.02071217 0.16198066
0.00000000 -0.01371894 -0.60094463 0.41233237 -0.06275592 0.99474043 -0.00674008 0.08067053
0.00000000 -0.05723980 -0.59068415 0.30874280 -0.06299388 0.99727339 -0.00762914 0.03767431
0.00000000 -0.09792854 -0.55363413 0.20170146 -0.06113823 0.99764385 -0.01956790 -0.02420658
0.00000000 -0.10641663 -0.54985039 0.12269784 -0.06313944 0.99384162 -0.02807052 -0.08662729
0.00000000 -0.09190682 -0.54982005 0.06879347 -0.05833656 0.98882508 -0.03704872 -0.13209545
0.00000000 -0.07640628 -0.54321462 0.00558206 -0.06299841 0.98001212 -0.04333968 -0.18365489
0.00000000 -0.09333796 -0.53889275 -0.11042922 -0.06619789 0.96574583 -0.04008695 -0.24768099
0.00000000 -0.19532789 -0.53844199 -0.26218817 -0.06420408 0.93173811 -0.05297547 -0.35346221
0.00000000 -0.23430393 -0.54161659 -0.33732773 -0.06804022 0.87285700 -0.05562057 -0.47999743
0.00000000 -0.22527536 -0.54800991 -0.37566441 0.05819577 -0.83011331 0.06460658 0.55077321
0.00000000 -0.21438409 -0.55238669 -0.39757932 0.06011260 -0.81371366 0.06490690 0.57449426
0.00000000 -0.18703937 -0.54960670 -0.44001056 0.06450190 -0.79506573 0.06200982 0.59988729
0.00000000 -0.15970781 -0.53551300 -0.54488919 0.06074925 -0.79133342 0.06177352 0.60521482
0.00000000 -0.38916139 -0.54413832 -0.72475464 0.05926622 -0.80101895 0.06674816 0.59194666
0.00000000 -0.55643066 -0.55458519 -0.85258316 0.05756863 -0.78191029 0.05726604 0.61807990
0.00000000 -0.60401410 -0.57148298 -0.90275440 0.05000440 -0.76149010 0.06660104 0.64280377
0.00000000 -0.71443920 -0.55625453 -0.96950253 0.05282529 -0.74284248 0.06386393 0.66431614
0.00000000 -0.83844082 -0.56294913 -0.97583657 0.04954412 -0.75692748 0.06551375 0.64831637
0.00000000 -0.97795790 -0.57838977 -0.95110727 0.04770780 -0.78223469 0.06475689 0.61776969
0.00000000 -1.05214731 -0.58657983 -0.95460684 0.03784249 -0.78691177 0.06595484 0.61236245
0.00000000 -1.09714657 -0.58390941 -0.96936039 0.04052015 -0.78870539 0.06051892 0.61044196
0.00000000 -1.20129590 -0.58464300 -0.98275315 0.03649721 -0.79198969 0.06428105 0.60604310
0.00000000 -1.27344742 -0.59778940 -1.00359106 0.03253065 -0.79215544 0.06394947 0.60608743
0.00000000 -1.34361516 -0.61206329 -1.02832941 0.03312690 -0.79517695 0.06651969 0.60180675
0.00000000 -1.36717763 -0.62101602 -1.03661321 0.02915519 -0.79537688 0.06967589 0.60139078
0.00000000 -1.50383013 -0.59163074 -1.04374972 0.04295435 -0.80079282 0.05761911 0.59461401
0.00000000 -1.50941899 -0.61732934 -1.06082276 0.02530785 -0.80407337 0.06886876 0.58998527
0.00000000 -1.53235779 -0.62606213 -1.06627450 0.03147785 -0.80821678 0.07345994 0.58343673
0.00000000 -1.56587458 -0.62164479 -1.06729012 0.05508285 -0.81708862 0.07145521 0.56940865
0.00000000 -1.58712545 -0.62078163 -1.05721914 0.04947946 -0.82936197 0.07512331 0.55142271
0.00000000 -1.64347416 -0.63103073 -1.06707248 0.05406768 -0.83926012 0.07137887 0.53630606
0.00000000 -1.70329202 -0.63559881 -1.06476719 0.05988949 -0.84350550 0.07048183 0.52909737
0.00000000 -1.73090844 -0.62774783 -1.08946253 0.06058975 -0.85173279 0.07529175 0.51498669
0.00000000 -1.76010613 -0.64202472 -1.10667249 0.05634911 -0.85798779 0.06577104 0.50631601
0.00000000 -1.79250273 -0.64216558 -1.11442749 -0.05602888 0.86380076 -0.06507702 -0.49646147
0.00000000 -1.82201127 -0.64171991 -1.12492163 -0.05386491 0.86766135 -0.06890439 -0.48940223
0.00000000 -1.86928535 -0.64172587 -1.13765189 -0.05427102 0.87739046 -0.06858183 -0.47173846
0.00000000 -1.87393147 -0.64209214 -1.14471940 -0.05141602 0.87973372 -0.06807942 -0.46775011
0.00000000 -1.90464015 -0.64832748 -1.15544782 -0.05250410 0.88900558 -0.06045720 -0.45084068
0.00000000 -1.95757084 -0.65811846 -1.18063328 -0.05442796 0.89993127 -0.06922793 -0.42704660
0.00000000 -1.95887271 -0.66701962 -1.19143275 -0.04907692 0.90102288 -0.06946320 -0.42535172
0.00000000 -2.00869506 -0.66455790 -1.20370134 -0.05873257 0.90782952 -0.06108689 -0.41068777
0.00000000 -2.02101246 -0.67385032 -1.22832776 -0.04710034 0.91287760 -0.06455439 -0.40033583
0.00000000 -2.03591913 -0.67124297 -1.22359213 -0.04633648 0.91694830 -0.06374868 -0.39114557
0.00000000 -2.09372710 -0.66491321 -1.23965471 -0.04648500 0.92710791 -0.07255546 -0.36475441
0.00000000 -2.10414082 -0.66245099 -1.25263998 -0.04096780 0.93018234 -0.07768586 -0.35643704
0.00000000 -2.13627583 -0.67459047 -1.26400333 -0.03139867 0.93901076 -0.07444431 -0.33426181
0.00000000 -2.16746188 -0.67000334 -1.26599781 -0.03896546 0.94614261 -0.07139873 -0.31336571
0.00000000 -2.15711364 -0.69060069 -1.26236417 -0.02432881 0.94821369 -0.06934534 -0.30901476
0.00000000 -2.17506017 -0.70080674 -1.26509994 -0.01837475 0.95536233 -0.07022103 -0.28638121
0.00000000 -2.22052965 -0.69897926 -1.26950014 -0.02476712 0.96554670 -0.06002123 -0.25199922
0.00000000 -2.24303078 -0.70265806 -1.27305322 -0.01855361 0.97147523 -0.06377389 -0.22765001
0.00000000 -2.30907984 -0.71901722 -1.26772730 -0.02259214 0.97944938 -0.06158912 -0.19072306
0.00000000 -2.36436873 -0.72054972 -1.26292975 -0.01082171 0.98469102 -0.06183437 -0.16261303
0.00000000 -2.41001689 -0.71572293 -1.26106225 -0.00524742 0.98862358 -0.05532897 -0.13976617
0.00000000 -2.45707460 -0.71244502 -1.27384556 -0.00845428 0.98950406 -0.06403432 -0.12926656
0.00000000 -2.50224342 -0.71109982 -1.29552802 -0.02177841 0.99262125 -0.06273656 -0.10145385
0.00000000 -2.55880670 -0.71880731 -1.31324250 -0.01733379 0.99514138 -0.06301642 -0.07363490
0.00000000 -2.59592038 -0.72469558 -1.32870490 -0.01719837 0.99592906 -0.06618634 -0.05872724
0.00000000 -2.61327678 -0.72580502 -1.33961057 -0.01044442 0.99678815 -0.05783103 -0.05440467
0.00000000 -2.63888625 -0.73329394 -1.35311675 -0.01774977 0.99693608 -0.06898412 -0.03232021
0.00000000 -2.70235489 -0.73255602 -1.36192520 0.00219892 0.99752948 -0.06370066 -0.02953510
0.00000000 -2.72034061 -0.73397452 -1.37048350 0.00174649 0.99727772 -0.06652865 -0.03174961
0.00000000 -2.73747800 -0.72922283 -1.39267526 -0.00450198 0.99716899 -0.07455903 -0.00864274
0.00000000 -2.78108386 -0.72822391 -1.43175344 -0.00973764 0.99663725 -0.07975613 0.01607278
0.00000000 -2.83126740 -0.73712081 -1.48005282 -0.00030100 0.99518758 -0.08589608 0.04715354
0.00000000 -2.86010924 -0.73364186 -1.52162830 0.00429211 0.99506813 -0.07523162 0.06450727
0.00000000 -2.89055891 -0.74334551 -1.57689249 -0.00125968 0.99332658 -0.06905546 0.09236921
0.00000000 -2.91618831 -0.74263503 -1.65167643 -0.00276719 0.99099751 -0.06071461 0.11928967
0.00000000 -2.90659139 -0.74995125 -1.76851800 0.00614544 0.99174160 -0.05691272 0.11476832
0.00000000 -2.90458395 -0.75015118 -1.79163344 0.00724282 0.99212905 -0.05865527 0.11039501
0.00000000 -2.90361313 -0.75174313 -1.80455349 0.00664993 0.99211175 -0.05902174 0.11039244
0.00000000 -2.89930086 -0.75196022 -1.81774132 0.00763662 0.99234918 -0.05856181 0.10842186
0.00000000 -2.88491568 -0.75873857 -1.84369777 0.00776894 0.99317439 -0.05762295 0.10111311
0.00000000 -2.85271954 -0.76921167 -1.96383522 0.00403399 0.99385759 -0.06575722 0.08892019
0.00000000 -2.84472234 -0.77020702 -2.04821086 0.00572058 0.99475364 -0.06911262 0.07520583
0.00000000 -2.85118510 -0.77755928 -2.17895065 0.00544915 0.99618256 -0.05226826 0.06970399
0.00000000 -2.81212468 -0.79386840 -2.29624073 0.01006710 0.99257015 -0.06745672 0.10076079
0.00000000 -2.81187381 -0.80779387 -2.48391028 0.01504159 0.99423771 -0.05882540 0.08834421
0.00000000 -2.80304381 -0.79508810 -2.56653495 0.00888326 0.99573280 -0.04520458 0.07996135
0.00000000 -2.74250452 -0.80604662 -2.58328046 0.00589378 0.99100139 -0.04708861 0.12515660
0.00000000 -2.72020318 -0.80841233 -2.58504687 0.01227134 0.98110123 -0.04798474 0.18704880
0.00000000 -2.67159548 -0.81152345 -2.62874940 0.01691419 0.95326634 -0.04403900 0.29842547
0.00000000 -2.59482790 -0.82022870 -2.74365550 0.00833320 0.91586493 -0.03909388 0.39949175
0.00000000 -2.49950464 -0.82516683 -2.80912622 0.02079008 0.87200197 -0.02806064 0.48825500
0.00000000 -2.44318968 -0.82259880 -2.85356706 0.02659356 0.82558960 -0.02149084 0.56323417
0.00000000 -2.43672821 -0.81971167 -2.87398409 0.02709014 0.80333966 -0.01719512 0.59465608
0.00000000 -2.38125463 -0.82088649 -2.92806586 0.03060155 0.76936860 -0.02428762 0.63760930
0.00000000 -2.31161269 -0.81816708 -3.00587327 0.03653199 0.74556058 -0.02086661 0.66510858
0.00000000 -2.24508681 -0.84390801 -3.08796879 0.05972864 0.73000259 0.02177448 0.68048114
0.00000000 -1.77300243 -0.80140883 -3.24473271 0.05494799 0.71437034 -0.00703447 0.69757169
0.00000000 -1.61924038 -0.78695437 -3.29736525 0.05153384 0.69713545 -0.00405544 0.71507341
0.00000000 -1.42591391 -0.79444426 -3.37105884 0.05956137 0.68429964 0.01461369 0.72661743
0.00000000 -1.03621550 -0.79141742 -3.37918503 0.06981935 0.70012143 0.00148358 0.71060048
0.00000000 -0.65300464 -0.74878518 -3.40740429 0.04929907 0.70064455 -0.00119251 0.71180432
0.00000000 -0.46745643 -0.74645928 -3.44144010 0.05518330 0.68391780 0.00361714 0.72746008
0.00000000 -0.31504699 -0.77099353 -3.45681021 0.06280694 0.67349538 0.01813574 0.73629502
0.00000000 0.06292777 -0.73443047 -3.46905255 0.05755963 0.68886892 0.01687109 0.72240007
0.00000000 0.52241816 -0.70490587 -3.48509941 0.05110758 0.69440327 0.00250365 0.71776448
0.00000000 0.76522351 -0.70170257 -3.50201369 0.06418217 0.67817860 0.02620583 0.73161991
0.00000000 1.24268054 -0.69140030 -3.47619562 0.05686883 0.66891506 0.00122076 0.74115929
0.00000000 1.37333025 -0.68913280 -3.46398826 0.06496216 0.67823875 0.02123140 0.73165657
0.00000000 1.80134822 -0.69723076 -3.41550668 0.07502440 0.68277372 0.02222090 0.72642798
0.00000000 2.24726812 -0.69389900 -3.38919864 0.08183942 0.68433788 0.02767542 0.72402903
0.00000000 2.74701759 -0.66338796 -3.35193018 0.06550889 0.69424080 -0.00345919 0.71674705
0.00000000 3.05168839 -0.66506948 -3.34211927 0.06041002 0.70641617 0.00754873 0.70517362
0.00000000 3.37502977 -0.62317484 -3.34275248 0.07297318 0.69014538 0.00401478 0.71997093
0.00000000 3.40047468 -0.61675598 -3.34721131 0.07155184 0.68385179 0.02662922 0.72561557
0.00000000 4.06301683 -0.59899421 -3.35347456 0.07031791 0.67698956 0.00246936 0.73262162
0.00000000 4.17174470 -0.59817738 -3.34932167 0.06546273 0.69015435 0.00665806 0.72066446
0.00000000 4.29287104 -0.59796916 -3.34906318 0.06978821 0.71313378 0.00752789 0.69750495
0.00000000 4.72468963 -0.56111711 -3.33599636 0.08522345 0.70073180 0.01776841 0.70809335
0.00000000 5.13766011 -0.56646767 -3.31008226 0.06999949 0.67880325 0.03087658 0.73032381
0.00000000 5.79736259 -0.54239082 -3.24515222 0.06566532 0.69522350 0.03150266 0.71509435
0.00000000 6.20512255 -0.52470563 -3.20005434 0.08358118 0.68054833 0.03666232 0.72699658
0.00000000 7.16431373 -0.51082761 -3.16612003 0.05951724 0.69177558 0.03421657 0.71884176
0.00000000 7.27276245 -0.53076237 -3.12694522 0.07076055 0.71010498 0.03625664 0.69959225
0.00000000 7.76971522 -0.48576903 -3.13037870 0.08343160 0.69519377 0.05500516 0.71184213
0.00000000 8.41593415 -0.47181861 -3.16965974 0.06758166 0.68292146 0.03750329 0.72639143
0.00000000 8.61799609 -0.44736757 -3.13878499 0.07721595 0.69929172 0.05778885 0.70830025
0.00000000 9.23833550 -0.42678176 -3.11933300 0.09152172 0.68670650 0.06339385 0.71835867
0.00000000 9.62630717 -0.44133110 -3.10028836 0.08734554 0.67607566 0.06572997 0.72867827
0.00000000 9.99695229 -0.40930690 -3.05106536 0.07183443 0.69483464 0.06443126 0.71266630
0.00000000 10.66643623 -0.37652515 -3.03147778 0.07803483 0.68458083 0.07588566 0.72076419
0.00000000 11.10621079 -0.37158814 -3.04778593 0.05806380 0.68195948 0.04888543 0.72744077
0.00000000 11.32202164 -0.34763662 -3.02814847 0.03793156 0.69618378 0.04745713 0.71528817
0.00000000 11.55528224 -0.36903483 -3.01495412 0.07142951 0.70705511 0.06607717 0.70043180
0.00000000 11.94134370 -0.34806717 -3.00931330 0.09674466 0.69063774 0.06564657 0.71368797
0.00000000 12.52226332 -0.33943555 -2.99282682 0.06963808 0.68935064 0.03219554 0.72035385
0.00000000 12.66743572 -0.33638896 -2.97822803 0.07950794 0.70060978 0.05901341 0.70664123
0.00000000 13.32869266 -0.31550266 -2.95992002 0.09572517 0.68891042 0.06333783 0.71570067
0.00000000 13.84411494 -0.30384907 -2.93427693 0.08330429 0.68698687 0.02182933 0.72154896
0.00000000 14.04659663 -0.33691408 -2.91568760 0.10707897 0.69919089 0.04996069 0.70510292
0.00000000 14.46281592 -0.31963387 -2.87946395 0.11929527 0.68873953 0.06249655 0.71239082
0.00000000 14.77614336 -0.33331768 -2.87257894 0.11628956 0.67678579 0.07846981 0.72268958
0.00000000 15.18144135 -0.31649999 -2.84085624 0.12266137 0.68612077 0.06701165 0.71393412
0.00000000 15.48828689 -0.31743324 -2.81690450 0.13169948 0.68151962 0.08446800 0.71487860
0.00000000 15.84451754 -0.29738987 -2.81727265 0.15566653 0.68283411 0.08823428 0.70832211
0.00000000 16.18046584 -0.25370336 -2.85970397 0.11599880 0.69237472 0.04376822 0.71080650
0.00000000 16.34550934 -0.24153894 -2.85509461 0.11417113 0.70272257 0.03750639 0.70124120
0.00000000 16.53452885 -0.25084207 -2.85637132 0.11544685 0.71479410 0.04621427 0.68819014
0.00000000 16.79558905 -0.23158364 -2.87487472 0.11997511 0.71648618 0.05728074 0.68481562
0.00000000 16.98929384 -0.20320300 -2.89395797 0.11616949 0.70232247 0.06606996 0.69920137
0.00000000 17.21304271 -0.24226131 -2.88331975 0.14554509 0.68618253 0.11882133 0.70274580
0.00000000 17.58433326 -0.17321065 -2.91757369 0.10692910 0.68799664 0.07296898 0.71407445
0.00000000 17.77871589 -0.17884949 -2.92560138 0.09750638 0.69015534 0.07520905 0.71310708
0.00000000 18.01588306 -0.16393029 -2.92717283 0.10653066 0.67415575 0.08870468 0.72546311
0.00000000 18.23877182 -0.15434470 -2.94709673 0.11060533 0.65642615 0.08944357 0.74085830
0.00000000 18.45280191 -0.15533252 -2.95941230 0.10058499 0.64903403 0.07648470 0.75019169
0.00000000 18.67246014 -0.12981359 -2.94597021 0.08897306 0.65961974 0.06944330 0.74307686
0.00000000 18.83335761 -0.12355230 -2.94879705 0.08185502 0.67367051 0.07581573 0.73056127
0.00000000 18.88655175 -0.09991466 -2.88935434 0.08222716 0.68485988 0.08499401 0.71901436
0.00000000 19.32068560 -0.11538064 -2.95320745 0.10206649 0.67395330 0.06247416 0.72901739
0.00000000 19.51380769 -0.11716297 -2.96399886 0.10571018 0.66030411 0.05682089 0.74134690
0.00000000 19.76822387 -0.10073078 -2.95378764 0.09434769 0.65353866 0.05743308 0.74879047
0.00000000 19.97048002 -0.08878778 -2.93627034 0.10019715 0.66663734 0.04918011 0.73697795
0.00000000 20.13242690 -0.10290733 -2.93107014 0.09104220 0.68399715 0.06492711 0.72086315
0.00000000 20.53270952 -0.05781245 -2.88847104 0.11298704 0.68325328 0.07077599 0.71790643
0.00000000 20.80357425 -0.07771584 -2.86180895 0.12368032 0.68680657 0.07425910 0.71238016
0.00000000 21.21338279 -0.07788768 -2.81265675 0.10687829 0.68617478 0.06745137 0.71637387
0.00000000 21.73717478 -0.10216304 -2.74703830 0.11063515 0.69165346 0.07630858 0.70961422
0.00000000 22.03446322 -0.07663111 -2.72460323 0.12654886 0.67689593 0.06287610 0.72238763
0.00000000 22.63277549 -0.08480749 -2.70139615 0.11003965 0.66291768 0.06047191 0.73808846
0.00000000 22.81287298 -0.03984882 -2.68056897 0.12008572 0.67247756 0.04784551 0.72874149
0.00000000 23.11142723 -0.05755651 -2.68900063 0.11350229 0.68721533 0.06332343 0.71473244
0.00000000 23.54660168 -0.04559753 -2.67191979 0.12779453 0.66825124 0.06506539 0.72998310
0.00000000 23.95571375 -0.04915750 -2.66081435 0.12378935 0.65970339 0.07324211 0.73763353
0.00000000 24.42919735 -0.03287219 -2.57753539 0.12456136 0.66898798 0.07058873 0.72935367
0.00000000 24.90606497 -0.02053691 -2.52304305 0.13517042 0.66994503 0.06691571 0.72692840
0.00000000 25.43628754 -0.03770409 -2.47809487 0.13875555 0.65691613 0.07375360 0.73740661
0.00000000 25.90763183 -0.02847910 -2.41460878 0.12677776 0.67173186 0.06622750 0.72685461
0.00000000 26.42675881 -0.02518296 -2.46385667 0.16256716 0.64907926 0.10031085 0.73634623
0.00000000 26.93202483 0.00637014 -2.37881500 0.13486938 0.64594966 0.06894651 0.74820162
0.00000000 27.12616061 -0.01654179 -2.43149281 0.16283504 0.65104383 0.10252223 0.73424510
0.00000000 27.73079056 0.00070593 -2.39908469 0.17297110 0.64623582 0.09885328 0.73667380
0.00000000 28.09468964 -0.01830485 -2.38479622 0.16700123 0.63213236 0.09815331 0.75025676
0.00000000 28.53009055 -0.03687270 -2.50775917 0.21021672 0.62573692 0.14591203 0.73686628
0.00000000 29.01977543 -0.00150666 -2.37617941 0.19210694 0.62541795 0.13649594 0.74385225
0.00000000 29.39287881 0.06755711 -2.22534827 0.13490461 0.63782802 0.07249233 0.75479866
0.00000000 29.64727520 0.06490853 -2.19158546 0.13877240 0.65036836 0.07138200 0.74341632
0.00000000 29.83743858 0.05154147 -2.18071926 0.14091884 0.66065789 0.08293253 0.73266311
0.00000000 30.11113749 0.04884422 -2.14885554 0.14276211 0.65297460 0.06699088 0.74078025
0.00000000 30.24395690 0.04164031 -2.14082776 0.13847343 0.63664184 0.07769952 0.75463572
0.00000000 30.40414607 0.02441961 -2.12931657 0.14659987 0.63270398 0.07175255 0.75699784
0.00000000 30.67971498 0.03077034 -2.07867295 0.14305802 0.65079372 0.06103409 0.74315327
0.00000000 30.77065947 0.02721614 -2.07288345 0.14386507 0.65899591 0.07092077 0.73484521
0.00000000 30.83651045 0.03572545 -2.06687771 0.14815149 0.66863103 0.07140722 0.72517907
0.00000000 30.92174487 0.03654820 -2.06673923 0.14214915 0.67694873 0.07768593 0.71798255
0.00000000 31.09899126 0.04758268 -2.02957611 0.15137211 0.67245458 0.07784120 0.72029998
0.00000000 31.15831971 0.04670851 -2.01765553 0.15838609 0.66737037 0.07861615 0.72342942
0.00000000 31.29962654 0.03709535 -2.00072907 0.16769942 0.65933109 0.07973763 0.72856113
0.00000000 31.37692225 0.03210668 -1.99214830 0.16164688 0.65929922 0.07845372 0.73009577
0.00000000 31.50554449 0.03006604 -1.97083972 0.14835028 0.66875544 0.08157895 0.72394974
0.00000000 31.65300976 0.02399549 -1.95423907 0.14495363 0.69523081 0.07823904 0.69965793
0.00000000 31.74743892 0.01797041 -1.94082667 0.14679419 0.71154410 0.07694136 0.68281512
0.00000000 31.84248082 0.01620964 -1.92226507 0.14144919 0.72230678 0.08611812 0.67145269
0.00000000 31.96380893 0.01368102 -1.91350421 0.13984055 0.73596286 0.08906338 0.65640765
0.00000000 32.07222450 0.01295146 -1.91210187 0.13953535 0.74731247 0.08751216 0.64373565
0.00000000 32.17240188 0.02089273 -1.91593038 0.14248813 0.75999924 0.08431652 0.62848151
0.00000000 32.26053748 0.02192106 -1.92397924 0.14475310 0.77549978 0.08455952 0.60868409
0.00000000 32.30067840 0.02218096 -1.92625353 0.14041829 0.78081939 0.08623111 0.60263420
0.00000000 32.39337646 0.03718104 -1.93353333 0.12004179 0.80437840 0.08653303 0.57539325
0.00000000 32.41748861 0.04394954 -1.95963101 0.11514915 0.81367465 0.09022738 0.56261289
0.00000000 32.45142984 0.05513277 -1.99751151 0.10543735 0.82805004 0.09472174 0.54244252
0.00000000 32.48055878 0.05455813 -2.02305969 0.10090801 0.84019010 0.09703418 0.52391081
0.00000000 32.51121426 0.06329462 -2.03969023 0.09696853 0.85620700 0.09295546 0.49886467
0.00000000 32.58376743 0.07308602 -2.04981806 0.09223636 0.88407412 0.08987941 0.44925171
0.00000000 32.65335108 0.07208687 -2.04130804 0.08659147 0.90188538 0.08919290 0.41370196
0.00000000 32.70394354 0.06937838 -2.04187570 0.08488151 0.91196982 0.08839630 0.39152556
0.00000000 32.77522625 0.07561403 -2.05206965 0.06571285 0.92200194 0.09451777 0.36967638
0.00000000 32.86814618 0.10506295 -2.09696969 0.05466932 0.93285757 0.09249455 0.34384994
0.00000000 32.92548444 0.11485652 -2.15306905 0.05025687 0.94198286 0.09148668 0.31901837
0.00000000 32.99279833 0.12252665 -2.21013570 0.04491004 0.95182551 0.08653984 0.29072693
0.00000000 33.05735423 0.14008870 -2.24647741 0.02861562 0.96449331 0.09671745 0.24408921
0.00000000 33.05396110 0.20089221 -2.25465770 0.07601264 0.98214481 0.08383581 0.15028375
0.00000000 33.10911838 0.15756946 -2.29979619 -0.02916298 0.99567460 0.08800201 -0.00610398
0.00000000 33.07261285 0.17172448 -2.29722115 -0.05081066 0.99003377 0.08661798 -0.09873566
0.00000000 33.05932761 0.17907066 -2.28846521 -0.06448159 0.98529625 0.08236867 -0.13508819
0.00000000 33.04205952 0.17340788 -2.29360248 -0.07446113 0.97798194 0.07794093 -0.17869548
0.00000000 33.03508452 0.17445213 -2.29235453 -0.07947501 0.97377310 0.07942592 -0.19784135
0.00000000 33.02297853 0.17277592 -2.29282271 -0.08631121 0.96730795 0.08026904 -0.22454973
0.00000000 33.00875198 0.17065857 -2.28451587 -0.09416644 0.95974000 0.07811437 -0.25284374
0.00000000 32.99712804 0.16813716 -2.27902690 -0.10008211 0.95234114 0.07616596 -0.27790048
0.00000000 32.98680350 0.16280475 -2.27084421 -0.10506485 0.94547685 0.07504202 -0.29900435
0.00000000 32.96047326 0.15847823 -2.25731089 -0.11056306 0.93743929 0.07401887 -0.32172130
0.00000000 32.92923474 0.15595325 -2.24190570 -0.11807186 0.92501446 0.07363576 -0.35353227
0.00000000 32.90311510 0.15740776 -2.23765466 -0.12206866 0.91539499 0.07435420 -0.37632792
0.00000000 32.88611178 0.15620668 -2.23170019 -0.12730911 0.90651381 0.07372241 -0.39571468
0.00000000 32.87766948 0.15594307 -2.22713983 -0.13365223 0.89451824 0.07119210 -0.42060182
0.00000000 32.87080506 0.14761939 -2.21870806 -0.13904556 0.87597986 0.07253831 -0.45614012
0.00000000 32.86853074 0.14516077 -2.20686469 -0.14323848 0.85490672 0.07098083 -0.49353719
0.00000000 32.82307078 0.15187241 -2.21605989 0.14743706 -0.83406357 -0.07162348 0.52675454
0.00000000 32.76292931 0.15884533 -2.22600946 0.14850548 -0.82424519 -0.06797745 0.54216700
0.00000000 32.61787741 0.16459851 -2.26167465 0.14925436 -0.80427078 -0.06011776 0.57206424
0.00000000 32.50846699 0.16829020 -2.28905913 0.14809568 -0.79021887 -0.06549618 0.59104320
0.00000000 32.34037522 0.18182591 -2.34621704 0.15224733 -0.74717689 -0.06999464 0.64315488
0.00000000 32.22184130 0.21184849 -2.41901411 0.15199173 -0.72436696 -0.06553503 0.66925046
0.00000000 31.67694854 0.22792294 -2.51697695 0.15050354 -0.72938044 -0.06131703 0.66452470
0.00000000 31.27376550 0.23980302 -2.58089911 0.17131989 -0.70762367 -0.05748323 0.68309144
0.00000000 31.08082734 0.26210556 -2.64307240 0.16439610 -0.71147827 -0.06931739 0.67968205
0.00000000 30.38706983 0.27772928 -2.78013751 0.16247872 -0.70798511 -0.06100150 0.68457036
0.00000000 29.79660488 0.29165756 -2.85979753 0.15711925 -0.71165174 -0.07728196 0.68036229
0.00000000 29.51020541 0.30297958 -2.87954672 0.15206643 -0.72692568 -0.07171926 0.66581619
0.00000000 29.39172893 0.28712305 -2.90607084 0.14005617 -0.74116980 -0.06170620 0.65363900
0.00000000 28.44005305 0.32419507 -3.00649296 0.13999066 -0.74843199 -0.06292520 0.64520740
0.00000000 27.84183289 0.31282809 -3.05710697 0.13911897 -0.75371300 -0.07070132 0.63840736
0.00000000 27.50216118 0.31738904 -3.11621234 0.15232479 -0.74247323 -0.05987699 0.64957325
0.00000000 26.91121171 0.34755396 -3.19450314 0.13575223 -0.75388078 -0.06531733 0.63950665
0.00000000 25.99706534 0.35304672 -3.33692151 0.15736708 -0.74065370 -0.06565313 0.64989027
0.00000000 25.83650320 0.37748110 -3.36167644 0.12867245 -0.74637615 -0.06367210 0.64985530
0.00000000 24.71825872 0.38748729 -3.47421782 0.14339438 -0.73503021 -0.06733551 0.65926821
0.00000000 24.55334922 0.38042753 -3.49005577 0.12866917 -0.71783470 -0.06170253 0.68143260
0.00000000 24.01353496 0.38944752 -3.53229945 0.12204284 -0.73486864 -0.06237896 0.66421570
0.00000000 23.52993630 0.40074944 -3.58971926 0.13169168 -0.72112997 -0.05886604 0.67761616
0.00000000 22.99137653 0.41080379 -3.62186927 0.11490073 -0.73005871 -0.06229645 0.67076916
0.00000000 22.60758232 0.39663969 -3.65405159 0.10796617 -0.74401499 -0.06011527 0.65663625
0.00000000 21.62125000 0.40770301 -3.74911174 0.11383727 -0.74962725 -0.05117458 0.64998556
0.00000000 21.11450881 0.42077231 -3.80970102 0.10603884 -0.74250369 -0.05011141 0.65949441
0.00000000 20.54829411 0.42429469 -3.86817785 0.10066078 -0.75598704 -0.04304065 0.64536695
0.00000000 19.88251148 0.42656051 -3.96136729 0.09120903 -0.74699686 -0.03708241 0.65749638
0.00000000 19.26279243 0.42325515 -4.01659703 0.10022084 -0.75335027 -0.02961582 0.64926270
0.00000000 18.60469713 0.42839484 -4.11200940 0.10965675 -0.74086335 -0.02694391 0.66209585
0.00000000 18.17640729 0.44617071 -4.14432776 0.08790309 -0.75021035 -0.01570538 0.65514183
0.00000000 17.65709490 0.42725681 -4.17080829 0.12307376 -0.75170648 -0.05225474 0.64580156
0.00000000 17.42168597 0.43875787 -4.22489767 0.09727411 -0.73101067 -0.02982575 0.67473815
0.00000000 17.02240592 0.43398127 -4.23748493 0.11989629 -0.74114957 -0.04508528 0.65900646
0.00000000 16.78839645 0.43893334 -4.27433926 0.07238298 -0.74298874 -0.02143101 0.66503319
0.00000000 16.28206154 0.42493601 -4.31387548 0.11262455 -0.72342046 -0.04164180 0.67988566
0.00000000 16.08253295 0.41946255 -4.32892602 0.11121928 -0.71133219 -0.03454829 0.69314010
0.00000000 15.92800221 0.42987850 -4.32863769 0.11137883 -0.72199291 -0.02987654 0.68222312
0.00000000 15.72502007 0.42482441 -4.34083025 0.10029760 -0.74111488 -0.03690827 0.66281739
0.00000000 15.55513895 0.41977635 -4.35105917 0.09543175 -0.75227662 -0.04541830 0.65031519
0.00000000 15.25643247 0.44159943 -4.36328489 0.10445135 -0.73932905 -0.04634411 0.66357720
0.00000000 15.18335889 0.44867367 -4.33828516 0.08180883 -0.71959036 -0.02448729 0.68912800
0.00000000 14.63194617 0.43621060 -4.34793214 0.08576913 -0.72344558 -0.03390302 0.68419349
0.00000000 14.55740552 0.42306718 -4.33032089 0.06938588 -0.73512190 -0.01991128 0.67408081
0.00000000 14.27210784 0.43475827 -4.35543925 0.07848593 -0.72317315 -0.02589867 0.68570388
0.00000000 13.69509216 0.42434306 -4.40008105 0.09600778 -0.72325864 -0.03488947 0.68298036
0.00000000 13.50532050 0.42109366 -4.39820110 0.08721324 -0.73458647 -0.03028343 0.67220494
0.00000000 13.35343379 0.41067098 -4.42548546 0.07183828 -0.74763047 -0.02553963 0.65972394
0.00000000 12.75757658 0.41636395 -4.52164373 0.08001632 -0.73743563 -0.01941215 0.67037993
0.00000000 12.25286210 0.43784072 -4.56175594 0.09306504 -0.75326570 -0.02142267 0.65074630
0.00000000 12.10318050 0.43768560 -4.58783671 0.06837884 -0.76642900 -0.01041213 0.63859416
0.00000000 11.52329705 0.47267331 -4.68105916 0.08665682 -0.75729382 -0.03248190 0.64648403
0.00000000 11.47780984 0.47732362 -4.70508468 0.07419253 -0.74204964 -0.02217519 0.66585738
0.00000000 10.67335468 0.47723316 -4.75387996 0.05634605 -0.74163304 -0.01691082 0.66822121
0.00000000 10.26717075 0.50544932 -4.80797406 0.06605355 -0.72433450 -0.02341146 0.68587781
0.00000000 9.58423363 0.50738847 -4.88392007 0.06120525 -0.74326314 -0.00898728 0.66613291
0.00000000 9.24960383 0.49324547 -4.91676490 0.05055189 -0.75419208 -0.01046554 0.65462148
0.00000000 8.54775743 0.49716416 -5.05397285 0.05950074 -0.74362072 -0.00631740 0.66591889
0.00000000 8.00062580 0.52098391 -5.18404668 0.04994293 -0.75428174 -0.00083841 0.65464804
0.00000000 7.55997747 0.55361592 -5.29058957 0.07002577 -0.73140130 -0.01050596 0.67826112
0.00000000 7.39894398 0.54980671 -5.35609920 0.05452399 -0.71265748 0.00469749 0.69937428
0.00000000 6.99078396 0.56069750 -5.43169998 0.04588856 -0.71925802 0.01806971 0.69299035
0.00000000 6.55003808 0.56839840 -5.47777072 0.05524584 -0.71349372 -0.00702069 0.69844493
0.00000000 6.36654382 0.56724583 -5.49434115 0.04999199 -0.68533702 0.00658254 0.72647825
0.00000000 5.76347504 0.57057304 -5.47072415 0.03253754 -0.68674660 0.00832167 0.72612063
0.00000000 5.47004131 0.55499295 -5.46791041 0.03425739 -0.70465831 0.00207890 0.70871629
0.00000000 4.93391293 0.55173032 -5.52696012 0.03467846 -0.71430303 0.01206775 0.69887263
0.00000000 4.53529110 0.56826469 -5.56743666 0.03799205 -0.74735351 0.02185984 0.66297925
0.00000000 4.10015716 0.55064025 -5.60853158 0.02435093 -0.75949848 0.01407439 0.64990077
0.00000000 3.63449653 0.55438493 -5.66664980 0.01790148 -0.73401870 0.01017516 0.67881702
0.00000000 3.31034365 0.56942717 -5.70883281 0.00797479 -0.74536588 0.02426149 0.66616627
0.00000000 2.70645808 0.56151371 -5.77977839 0.01889372 -0.72799241 0.02949402 0.68468985
0.00000000 2.36280075 0.53196524 -5.82368345 0.00764509 -0.70441983 0.04080142 0.70856863
0.00000000 1.95428740 0.51425060 -5.84748952 -0.01151874 -0.73056264 0.05876686 0.68021467
0.00000000 1.58530451 0.50199045 -5.89264062 -0.01647986 -0.74134803 0.06018931 0.66821311
0.00000000 1.22376468 0.48284967 -5.92316819 -0.02058523 -0.72182336 0.06747160 0.68847286
0.00000000 0.91101372 0.50139077 -5.94060392 -0.02376500 -0.73069790 0.07560520 0.67808529
0.00000000 0.61906124 0.48551730 -5.95859423 -0.03885201 -0.74421397 0.07328475 0.66277103
0.00000000 0.14648654 0.53724686 -6.03114498 0.02937421 -0.73911454 0.02849537 0.67233538
0.00000000 -0.00537974 0.48225800 -6.04144930 -0.04291233 -0.74328159 0.08203286 0.66254179
0.00000000 -0.37222167 0.52918965 -6.09408540 0.02453187 -0.75923464 0.03963066 0.64914587
0.00000000 -0.55516638 0.53108397 -6.12638338 0.02136088 -0.76208082 0.02442947 0.64666818
0.00000000 -0.71779260 0.53766401 -6.15839243 0.03246843 -0.74942321 0.02948373 0.66063708
0.00000000 -0.91308852 0.53173514 -6.20878248 0.03025976 -0.73600895 0.02967226 0.67564394
0.00000000 -1.11909996 0.53383687 -6.25958754 0.02317908 -0.74079921 0.02823654 0.67073241
0.00000000 -1.27723817 0.54467831 -6.28677063 0.03110969 -0.75207285 0.03247002 0.65754415
0.00000000 -1.35845865 0.53733212 -6.28108381 0.02029707 -0.76507630 0.02668032 0.64306644
0.00000000 -1.44983836 0.53361868 -6.30470008 0.02669919 -0.77810210 0.02885107 0.62690660
0.00000000 -1.66392727 0.54221855 -6.39147968 0.03592973 -0.78533726 0.02644647 0.61745852
0.00000000 -1.80459770 0.54518266 -6.45014472 0.03672119 -0.77201754 0.02772304 0.63393368
0.00000000 -1.91904243 0.53928928 -6.49367926 0.04222313 -0.76002110 0.03420949 0.64762245
0.00000000 -2.10236790 0.55351885 -6.55516708 0.03408499 -0.76996417 0.03009912 0.63646479
0.00000000 -2.26041209 0.56276629 -6.58779003 0.03034967 -0.77936273 0.03652806 0.62477062
0.00000000 -2.40900980 0.55515071 -6.62464598 0.02491913 -0.78822378 0.03448894 0.61391597
0.00000000 -2.61813108 0.55815911 -6.69066705 0.02326687 -0.76991576 0.03366136 0.63683222
0.00000000 -2.75041375 0.55888140 -6.73166585 0.03022638 -0.73436991 0.02706045 0.67753592
0.00000000 -2.81152831 0.55474624 -6.74741647 0.03026778 -0.71728878 0.03137979 0.69541065
0.00000000 -2.85152438 0.55450889 -6.75693823 0.03020409 -0.70384805 0.02966168 0.70908802
0.00000000 -2.93443120 0.55522999 -6.75820726 0.02719599 -0.68055841 0.03359007 0.73141803
0.00000000 -2.98766088 0.56008790 -6.75478092 0.02360935 -0.66565829 0.03654830 0.74498716
0.00000000 -3.07799619 0.56580044 -6.73887856 0.03588653 -0.63124015 0.03402983 0.77400905
0.00000000 -3.15454293 0.55812173 -6.75962491 0.04370944 -0.59668434 0.02861179 0.80077378
0.00000000 -3.18132591 0.55859025 -6.76455404 0.04508528 -0.54165020 0.04050844 0.83841603
0.00000000 -3.18990658 0.55472962 -6.77280259 0.04802931 -0.52071858 0.04121638 0.85137921
0.00000000 -3.19521630 0.55474842 -6.77090176 0.05055254 -0.50378125 0.04057374 0.86139577
0.00000000 -3.20742546 0.56171273 -6.76730481 0.05240138 -0.46760805 0.04085897 0.88143483
0.00000000 -3.22069688 0.56243634 -6.73933066 0.05116704 -0.40104725 0.03797589 0.91383854
0.00000000 -3.23542903 0.56056869 -6.70914062 0.05756540 -0.33383981 0.03230593 0.94031566
0.00000000 -3.23856387 0.55582956 -6.68084745 0.06197615 -0.26249812 0.03092446 0.96244344
0.00000000 -3.23536896 0.56210308 -6.66086471 0.07038155 -0.22300808 0.03230837 0.97173556
0.00000000 -3.24017192 0.56147189 -6.65595597 0.07627677 -0.20613741 0.02988878 0.97508763
0.00000000 -3.27188127 0.56570089 -6.62674117 0.07212557 -0.18461395 0.02208526 0.97991216
0.00000000 -3.29937981 0.57314418 -6.51902535 0.06287265 -0.17772315 0.02391889 0.98177869
0.00000000 -3.30911328 0.57260401 -6.45527399 0.06019474 -0.16568199 0.03330836 0.98377671
0.00000000 -3.32968100 0.57301418 -6.35621443 0.05842806 -0.15960918 0.03465203 0.98484025
0.00000000 -3.35393624 0.57693082 -6.26596554 0.05015848 -0.14472968 0.03637094 0.98752954
0.00000000 -3.37209481 0.57615712 -6.21150328 0.04703631 -0.12878369 0.03874533 0.98979854
0.00000000 -3.38506413 0.57283453 -6.15592727 0.05035832 -0.11383476 0.02923791 0.99179173
0.00000000 -3.39403291 0.57037496 -6.12587725 0.05216398 -0.10461695 0.02143477 0.99291226
0.00000000 -3.41364924 0.55994744 -6.03195433 0.05798536 -0.07982611 0.02354772 0.99484220
0.00000000 -3.44694734 0.55167288 -5.94492409 0.05842021 -0.05993171 0.01734987 0.99634043
0.00000000 -3.43678826 0.56883487 -5.79291303 0.05346159 -0.05399517 0.02114302 0.99688482
0.00000000 -3.44986284 0.55629105 -5.72651296 0.04790477 -0.05014663 0.02191781 0.99735152
0.00000000 -3.25133719 0.66996822 -5.73226083 0.10303481 -0.08112760 0.15521492 0.97913761
0.00000000 -3.47438229 0.55573657 -5.33435766 0.05523743 -0.06598131 0.02893467 0.99587051
0.00000000 -3.51153352 0.55047947 -5.14082423 0.06208079 -0.04475697 0.02792935 0.99667585
0.00000000 -3.53075309 0.53754629 -5.03039989 0.07164237 -0.01186954 0.03908529 0.99659361
0.00000000 -3.55545729 0.51786138 -4.76076800 0.05386301 -0.01462555 0.03760075 0.99773296
0.00000000 -3.54887702 0.50406774 -4.61921254 0.05021214 -0.03336678 0.04190427 0.99730107
0.00000000 -3.55599203 0.50933886 -4.39633630 0.04683228 0.04702541 0.03913069 0.99702765
0.00000000 -3.55145607 0.50148842 -4.27481828 0.05984697 0.11901153 0.05488234 0.98956684
0.00000000 -3.52906727 0.49740842 -4.21925969 0.05911407 0.16248196 0.05329745 0.98349607
0.00000000 -3.44307922 0.59902659 -4.23639084 0.10110620 0.25402911 0.11599255 0.95487825
0.00000000 -3.21804475 0.62408868 -4.17561590 0.08696643 0.35635095 0.11431113 0.92324634
0.00000000 -3.05561088 0.64889896 -4.13317326 0.06442332 0.46909473 0.12683092 0.87161556
0.00000000 -2.87808612 0.65409943 -4.03241675 0.07478560 0.56348214 0.11806001 0.81422160
0.00000000 -2.40088440 0.72444933 -3.85122527 0.05574380 0.60548339 0.11689452 0.78525039
0.00000000 -1.77226509 0.69249640 -3.58071154 0.03331133 0.60590624 0.06326770 0.79231634
0.00000000 -1.54114754 0.74435571 -3.50931792 0.04382927 0.53596813 0.07595281 0.83967156
0.00000000 -1.42080621 0.75917589 -3.46486794 0.06006529 0.48126103 0.07132063 0.87160389
0.00000000 -1.25175429 0.78228157 -3.34006752 0.05676405 0.39715703 0.08769561 0.91178595
0.00000000 -1.11898246 0.78884847 -3.21413324 0.07809661 0.35725400 0.08120901 0.92718693
0.00000000 -1.00934273 0.79141126 -3.09802907 0.08908531 0.30993758 0.07418328 0.94366273
0.00000000 -0.94512224 0.80620609 -3.00756461 0.08826884 0.24799631 0.08213957 0.96122814
0.00000000 -0.88581120 0.70661705 -2.95616166 0.09348106 0.17371522 0.11131152 0.97400927
0.00000000 -0.73620147 0.78169192 -2.77497354 0.09541707 0.05932376 0.08492682 0.99003218
0.00000000 -0.67666678 0.77062497 -2.59697038 0.10120051 0.03187903 0.08036691 0.99110209
0.00000000 -0.57075561 0.76604778 -2.36351664 0.10403567 -0.03311191 0.07781849 0.99097147
0.00000000 -0.54633155 0.92668044 -2.25957311 0.03847232 -0.00321747 0.10894634 0.99329765
0.00000000 -0.53639272 1.06644513 -2.21132535 0.02857491 0.04287575 0.11734260 0.99175393
0.00000000 -0.53539895 1.18832700 -2.19193444 -0.00087016 0.05357186 0.09492247 0.99404176
0.00000000 -0.53635474 1.24082186 -2.19813130 0.03675542 0.02613184 0.10369901 0.99358577
0.00000000 -0.52676263 1.28373686 -2.18705349 -0.00013372 0.03719347 0.13016644 0.99079429
0.00000000 -0.52840575 1.36688877 -2.20919123 -0.04823474 0.00242736 0.09600441 0.99420857
0.00000000 -0.50571050 1.37482931 -2.22589077 0.04837233 -0.04375284 0.09235643 0.99358749
0.00000000 -0.50652312 1.37951463 -2.22238597 0.04885027 -0.04315778 0.08827542 0.99396102
0.00000000 -0.50082669 1.37696826 -2.22711336 0.05036282 -0.04539337 0.10298342 0.99236961
0.00000000 -0.49940556 1.38088410 -2.23021702 0.05406645 -0.04782760 0.10329735 0.99202772
0.00000000 -0.51565595 1.38014995 -2.24048932 0.05479652 -0.04743635 0.10855055 0.99144537
0.00000000 -0.53834401 1.38148621 -2.26168012 0.04724449 -0.04482050 0.09092504 0.99372618
0.00000000 -0.55026999 1.37786719 -2.26813362 0.04614944 -0.04313845 0.09128869 0.99381874
0.00000000 -0.54894444 1.37670087 -2.26862550 0.04525520 -0.04343953 0.09222641 0.99376016
0.00000000 -0.66186391 1.38297389 -2.21813782 0.05005452 -0.03388698 0.08539445 0.99451194
0.00000000 -0.66558998 1.38350114 -2.21429222 0.04996716 -0.03377171 0.08522290 0.99453497
0.00000000 -0.64217368 1.38656844 -2.19823125 0.04986472 -0.03667566 0.08137570 0.99475947
0.00000000 -0.62905343 1.38905613 -2.17325125 0.05390935 -0.03689618 0.07920499 0.99471555
0.00000000 -0.61683249 1.38517337 -2.15436428 0.04929815 -0.03292453 0.06938592 0.99582692
0.00000000 -0.59852452 1.35905557 -2.14018825 0.03240216 -0.03079257 0.05130458 0.99768219
0.00000000 -0.56485063 1.35439267 -2.12122958 0.03617392 -0.03611676 0.06128850 0.99681029
0.00000000 -0.56727162 1.35947723 -2.11519533 0.03361370 -0.03243079 0.05152480 0.99757885
0.00000000 -0.56147140 1.35651262 -2.11271415 0.03304165 -0.03357820 0.05302479 0.99748139
0.00000000 -0.56122456 1.35754415 -2.11227685 0.03308631 -0.03369120 0.05395752 0.99742608
0.00000000 -0.56028105 1.35651289 -2.11173294 0.03274905 -0.03375152 0.05247108 0.99751447
0.00000000 -0.55974751 1.35852534 -2.11148514 0.03334242 -0.03380066 0.05090155 0.99757447
0.00000000 -0.55845603 1.35827262 -2.11265010 0.03285372 -0.03392050 0.05098563 0.99758233
0.00000000 -0.56033371 1.35550149 -2.11114842 0.03222597 -0.03381374 0.05219799 0.99754373
0.00000000 -0.56162107 1.35321979 -2.11279821 0.03214646 -0.03352764 0.05147052 0.99759375
0.00000000 -0.55541506 1.35440171 -2.11137634 0.03222019 -0.03548597 0.05014787 0.99759100
0.00000000 -0.55609272 1.35435980 -2.11012141 0.03226233 -0.03506064 0.05133368 0.99754436
0.00000000 -0.52478107 1.36592638 -2.08072907 0.03532371 -0.03709175 0.05281135 0.99729003
0.00000000 -0.51888218 1.37097297 -2.08075817 0.03534514 -0.03797106 0.05340941 0.99722433
0.00000000 -0.52241157 1.36582255 -2.07846874 0.03468237 -0.03754032 0.05288785 0.99729170
