0.00000000 -0.05746355 0.13211032 -0.60742724 0.00044361 -0.00112657 0.00431538 0.99998996
-0.00781250 -0.02650384 0.05920449 -0.44544345 0.00025088 -0.00072383 0.00373268 0.99999274
-0.00781250 -0.03888215 0.07110404 -0.53268621 0.00014244 -0.00088574 0.00423765 0.99999062
0.00000000 -0.05754512 0.09048647 -0.59816689 0.00014690 -0.00094267 0.00451687 0.99998934
0.00000000 -0.03864369 0.03997787 -0.34885250 -0.00029122 0.03198966 0.00278464 0.99948428
-0.00781250 -0.18503097 -0.05202767 -0.65648306 -0.05007974 -0.00485450 -0.02966110 0.99829288
0.00000000 -0.19610839 -0.39726259 -0.66878446 -0.01310274 -0.03192956 0.02649665 0.99905293
-0.00781250 -0.28560194 -0.71619403 -0.60715959 0.04310899 -0.03169675 0.03259043 0.99803547
0.00000000 -0.50732395 -0.72180586 -0.32273889 0.07318615 0.00534929 0.03053839 0.99683629
-0.00781250 -0.63146066 -0.61437978 0.13025070 0.07716462 0.06274910 0.00632235 0.99502171
0.00000000 -0.65324984 -0.45544019 0.59427000 0.05086616 0.16210002 0.00572413 0.98544581
0.00000000 -0.53309462 -0.39212078 0.92980023 0.07199565 0.31324954 0.00122855 0.94693708
0.00000000 0.06998378 -0.39977588 1.59151636 0.04093105 0.44661846 -0.00594173 0.89376803
0.00000000 -0.05981720 -0.33890007 1.43589504 0.04213599 0.47915725 -0.00065929 0.87671686
0.00000000 0.40277352 -0.30503870 1.70207626 0.02629932 0.53205738 -0.01492798 0.84616810
0.00000000 0.12606696 -0.39360521 1.70772851 0.07218941 0.59932725 -0.02416605 0.79687612
0.00000000 0.23218109 -0.43471262 1.74282542 0.05403265 0.65299653 -0.02922203 0.75486560
0.00000000 0.71421382 -0.36763275 1.77456365 0.02062061 0.67044873 0.01440737 0.74152931
0.00000000 1.09993254 -0.35676815 1.85183910 0.00709291 0.68581518 -0.01780126 0.72752343
0.00000000 1.57220064 -0.29847255 1.86122364 0.02194135 0.73619143 0.01221707 0.67630725
0.00000000 2.20533757 -0.25266734 1.91467738 0.00169321 0.70804197 0.03215410 0.70543590
0.00000000 2.61231941 -0.22329406 1.97487156 0.01394902 0.74311911 -0.01741349 0.66878710
0.00000000 3.34561081 -0.27518674 2.07431542 0.04471543 0.73627882 -0.00267616 0.67519394
0.00000000 3.61610784 -0.25923687 2.05830255 0.03181992 0.71997481 -0.00066942 0.69327002
0.00000000 4.01902605 -0.24134349 1.99699889 0.04838353 0.74098391 -0.03248838 0.66898907
0.00000000 4.97390222 -0.30821877 1.94005332 0.02030927 0.75857833 -0.01105612 0.65117142
0.00000000 5.12275757 -0.27774221 1.95119730 0.03313676 0.74382000 0.01151437 0.66745875
0.00000000 5.22637195 -0.30874511 1.92864292 0.01184071 0.71587853 0.01008825 0.69805154
0.00000000 4.63796105 -0.19827845 2.18828791 0.01009093 0.70366825 -0.01555831 0.71028664
0.00000000 5.18779783 -0.13033291 2.14031399 0.02906090 0.72687557 -0.00038323 0.68615394
0.00000000 6.23454879 -0.17777670 1.94604517 0.03109667 0.73841579 0.00083628 0.67362780
0.00000000 6.27677291 -0.17086091 2.01002953 0.02143834 0.71571093 0.01330822 0.69794065
0.00000000 5.99080706 -0.07899870 2.09107928 0.01263840 0.70018305 0.01043601 0.71377522
0.00000000 6.42359992 -0.03679039 2.18410102 0.01415988 0.71580616 -0.01393476 0.69801638
0.00000000 6.82160914 -0.02839598 2.13408054 0.00305943 0.72127492 -0.00122611 0.69264105
0.00000000 7.16677179 -0.02775135 2.16362600 0.00565415 0.69552544 0.01690092 0.71828042
0.00000000 7.97820001 -0.03515097 2.29675829 0.01745946 0.70796769 -0.00090994 0.70602839
0.00000000 8.69646075 -0.05546475 2.38207896 0.00155860 0.72758950 0.02606242 0.68551575
0.00000000 8.95046836 -0.02337133 2.42269145 -0.01181609 0.71168126 0.05000789 0.70062071
0.00000000 9.53040961 -0.00362020 2.42830229 0.00962766 0.73620878 0.00883173 0.67662837
0.00000000 9.92036646 0.01399531 2.27902477 -0.00682138 0.76778842 0.01116771 0.64056982
0.00000000 10.61435219 -0.02197707 2.26003652 0.00132415 0.74836552 0.03124169 0.66254905
0.00000000 10.46606282 -0.01388074 2.26926969 0.00191988 0.71785929 0.04268965 0.69487549
0.00000000 11.00693658 0.00646232 2.27511027 0.01792190 0.73761087 -0.00876753 0.67493121
0.00000000 11.57059990 0.03317234 2.28227388 -0.00234853 0.73991666 0.02831437 0.67209829
0.00000000 11.80656058 0.02684078 2.27490408 0.00742552 0.71680825 0.03258276 0.69646906
0.00000000 12.56050080 0.07301954 2.38103878 0.02321230 0.73766600 0.01380041 0.67462553
0.00000000 13.43305839 0.13294247 1.96875733 0.01510089 0.72397365 0.02700557 0.68913338
0.00000000 14.06363770 0.17172297 1.99147399 -0.00403589 0.74413301 0.01171773 0.66791652
0.00000000 14.50748802 0.20177993 1.83339712 -0.01406389 0.75911867 0.02318641 0.65038715
0.00000000 15.29205678 0.15879717 1.89860395 -0.00273131 0.74425979 0.03357480 0.66704021
0.00000000 15.02399113 0.18295060 1.82324149 -0.01665485 0.72766770 0.03856618 0.68464223
0.00000000 15.76634763 0.18787501 1.87951142 -0.01649234 0.74280035 0.03558664 0.66836310
0.00000000 16.93771971 0.20148099 1.53816640 0.00740688 0.73218477 0.03872556 0.67996392
0.00000000 16.93234166 0.21068549 1.64208114 -0.01349019 0.71880013 0.03394933 0.69425632
0.00000000 17.56502525 0.26555591 1.79907722 -0.00059415 0.73725498 0.01115398 0.67552226
0.00000000 17.83792134 0.27871895 1.76573031 -0.00048313 0.75394533 0.02617647 0.65641526
0.00000000 18.33961189 0.28535542 1.76639606 -0.00140012 0.74449442 0.04160797 0.66632941
0.00000000 18.75445189 0.33640513 1.61281204 -0.01409370 0.75480110 0.02872396 0.65517296
0.00000000 19.19573445 0.34348641 1.41215855 -0.00725270 0.77541503 0.03396985 0.63049583
0.00000000 19.65223350 0.39923186 1.16109426 -0.00798085 0.76026490 0.03652723 0.64853632
0.00000000 19.89188391 0.39328717 1.03091507 -0.02217970 0.73830630 0.04514808 0.67258718
0.00000000 20.56663696 0.43934543 0.94421812 -0.00182022 0.73287139 0.03898709 0.67924680
0.00000000 21.23783097 0.46329262 1.09334382 -0.03023423 0.73444173 0.05239381 0.67597050
0.00000000 22.00512835 0.56244771 1.39091809 -0.02247736 0.72496097 0.04975187 0.68662298
0.00000000 22.50222409 0.57781307 1.47393211 -0.02913307 0.68561169 0.06811767 0.72418772
0.00000000 23.51667918 0.60981597 1.87891238 0.00327006 0.70858272 0.04944717 0.70388551
0.00000000 24.00512067 0.66189821 1.94354795 0.00853878 0.68583741 0.06529906 0.72476905
0.00000000 25.20677499 0.74523069 2.32985192 -0.00122673 0.70398934 0.03268393 0.70945702
0.00000000 25.97346165 0.84236550 2.24492981 0.01724136 0.71961315 0.06883969 0.69073928
0.00000000 26.89716455 0.92518901 2.37043602 0.01276382 0.73902084 0.04918279 0.67176360
0.00000000 27.35005498 0.93058818 2.25344070 0.00660045 0.78458836 0.04705106 0.61819393
0.00000000 28.12692792 0.99425597 1.93097422 -0.00960346 0.77806632 0.06399498 0.62484015
0.00000000 28.77562881 1.04980837 1.65593898 -0.00265896 0.81201242 0.04342413 0.58201641
0.00000000 29.60426045 1.13862331 1.27793531 -0.00557560 0.78628794 0.06222643 0.61469347
0.00000000 30.44834476 1.19624410 0.92091501 -0.01286523 0.82074567 0.04120921 0.56966028
0.00000000 30.79484519 1.27199779 0.77345467 -0.01837925 0.80996921 0.06764744 0.58226790
0.00000000 31.38662071 1.33322170 0.56582526 -0.02001352 0.78323821 0.05747260 0.61873603
0.00000000 31.94753269 1.39625002 0.34870409 -0.02345012 0.81568565 0.05891158 0.57500994
0.00000000 32.48804750 1.47381012 0.21001824 -0.01727586 0.78218117 0.07996574 0.61765658
0.00000000 32.97740776 1.57537043 0.08158661 -0.03476917 0.77173561 0.06060909 0.63209319
0.00000000 33.72833925 1.64084729 -0.15673112 -0.01404819 0.79093345 0.05135299 0.60958166
0.00000000 34.41959856 1.69309260 -0.30269781 -0.01725795 0.76109483 0.03592961 0.64741478
0.00000000 34.78085986 1.70480671 -0.43308572 -0.00440107 0.78629011 0.03088919 0.61706917
0.00000000 35.62055056 1.80229012 -0.66164167 -0.01549599 0.76134438 0.02556470 0.64765813
0.00000000 36.67726321 1.93361780 -0.86276342 -0.00934184 0.78092659 0.01720128 0.62431603
0.00000000 37.46704374 2.05075930 -1.02947548 -0.01685330 0.74746954 0.02171615 0.66372710
0.00000000 38.12039416 2.10527176 -1.17334002 0.00778696 0.78001742 0.02529922 0.62519768
0.00000000 38.83299465 2.23906172 -1.34118146 -0.00355595 0.76998542 0.04531838 0.63644014
0.00000000 39.75882539 2.32044731 -1.63320559 -0.03113970 0.75921749 0.02338003 0.64967107
0.00000000 40.41833942 2.33715364 -1.79349439 0.04535288 0.75912038 0.02625091 0.64883762
0.00000000 40.88453793 2.36307167 -1.90304387 0.03175332 0.73711456 0.01257839 0.67490417
0.00000000 41.30701100 2.43358902 -1.97341122 -0.02152181 0.74976773 0.01165856 0.66124824
0.00000000 41.98298630 2.52927038 -2.10579613 -0.00510801 0.74334205 0.05712981 0.66644782
0.00000000 42.39977849 2.56109259 -2.14330924 -0.02012069 0.70284415 0.06668277 0.70792561
0.00000000 43.02278308 2.59431781 -2.26889368 -0.02397725 0.69132201 0.04943983 0.72045450
0.00000000 43.55885961 2.72900600 -2.37894983 -0.04848274 0.66040783 0.06914960 0.74614292
0.00000000 43.86298939 2.74994739 -2.40067892 -0.04164075 0.62978857 0.08165038 0.77134014
0.00000000 44.84145158 2.89114001 -2.58407828 -0.03557808 0.63814690 0.07476052 0.76544993
0.00000000 45.44189588 3.02376958 -2.60368823 -0.04763531 0.61568564 0.09236033 0.78110924
0.00000000 46.07666417 3.10918406 -2.75278986 -0.02800786 0.68423973 0.07029100 0.72532112
0.00000000 46.93258837 3.22355441 -3.00995850 -0.00833764 0.67276890 0.06213529 0.73719176
0.00000000 47.83349200 3.36130486 -3.27434026 -0.02700783 0.73162540 0.05607432 0.67885972
0.00000000 48.84698255 3.56506870 -3.61279230 -0.03176985 0.74437777 0.05885086 0.66440123
0.00000000 49.18041249 3.62564135 -3.71272836 -0.00356345 0.81664158 0.06742402 0.57318220
0.00000000 49.42513699 3.68874420 -3.86112786 -0.03649163 0.85871242 0.05001306 0.50870428
0.00000000 49.73911247 3.78412802 -4.14979512 -0.02201644 0.89866411 0.05327623 0.43483299
0.00000000 49.91115601 3.80874922 -4.39180082 -0.01211009 0.93252450 0.04758036 0.35775342
0.00000000 50.21219821 3.87460075 -4.72321793 -0.03240248 0.97316398 0.01715543 0.22717314
0.00000000 50.32349427 3.90745478 -4.88591676 -0.03223883 0.98816508 -0.00765857 0.14977241
0.00000000 50.44741411 3.98466478 -4.61705600 -0.03123073 0.98802071 -0.01861903 0.14997681
0.00000000 51.07411217 4.40856081 -4.11304991 -0.02155253 0.99680658 -0.02170550 0.07376311
0.00000000 51.69270859 4.75673465 -3.76990750 -0.01845678 0.99688169 -0.02173932 0.07357744
0.00000000 51.71412873 4.77536490 -4.04485460 -0.04027283 0.99861937 -0.02606557 0.02140195
0.00000000 51.68349898 4.81959482 -4.28153920 -0.05397372 0.99788531 -0.03621258 0.00063314
0.00000000 51.81770448 4.85633230 -4.18996244 -0.05198599 0.99772122 -0.03864653 -0.01887525
0.00000000 51.72409836 4.81107922 -4.72445030 -0.07731026 0.99493601 -0.03484155 -0.05395856
0.00000000 51.84755903 4.87822322 -4.62370586 -0.08008974 0.99009381 -0.06027700 -0.09831865
0.00000000 51.75883819 4.83342140 -5.11087003 -0.06852506 0.97979613 -0.06709563 -0.17550510
0.00000000 51.68693141 4.84109918 -5.48769802 -0.08084149 0.98324793 -0.05621096 -0.15339002
0.00000000 51.61115822 4.82239747 -5.83890674 -0.08565960 0.98434262 -0.05889160 -0.14235106
0.00000000 51.34322978 4.84832283 -6.57650613 -0.08035123 0.98535214 -0.06157673 -0.13723390
0.00000000 51.23679596 4.82348042 -6.86020076 -0.05713699 0.99165366 -0.05082014 -0.10380604
0.00000000 51.10968811 4.84676082 -7.23280891 -0.05960371 0.98787461 -0.06928683 -0.12550098
0.00000000 50.93755013 4.83883578 -7.61954387 -0.06352093 0.98904922 -0.03756143 -0.12781189
0.00000000 50.84702385 4.80728095 -7.93823628 -0.08612173 0.99155248 -0.03622618 -0.08996885
0.00000000 50.69600754 4.77440507 -8.48697315 -0.11627932 0.98068319 -0.10154093 -0.12012097
0.00000000 50.38681998 4.68280536 -9.49038252 -0.07410445 0.99011113 -0.03115742 -0.11496823
0.00000000 50.45845639 4.75413188 -9.38026204 -0.06682835 0.99392708 -0.02149190 -0.08474092
0.00000000 50.31305394 4.73633765 -9.92965169 -0.07032691 0.98719374 -0.06359102 -0.12829199
0.00000000 50.03649351 4.65694955 -10.76218739 -0.06878642 0.98899289 -0.03447406 -0.12638447
0.00000000 49.98645721 4.64918232 -10.95449049 -0.07169437 0.99411485 -0.00387783 -0.08112060
0.00000000 50.05103836 4.67194492 -10.83805190 -0.06949315 0.99659089 -0.01198991 -0.04281981
0.00000000 49.93130864 4.65843326 -11.48122471 -0.08145646 0.99440617 -0.02274658 -0.06327571
0.00000000 49.83860229 4.67855986 -11.98025848 -0.08468680 0.99552451 -0.00498534 -0.04164431
0.00000000 49.77194048 4.64845236 -12.47362084 -0.08901727 0.99505353 -0.02927983 -0.03297099
0.00000000 49.65798898 4.60800710 -13.01543867 -0.06612920 0.99213944 -0.04250475 -0.09736325
0.00000000 49.51973602 4.58509068 -13.59145501 -0.05480729 0.99547947 -0.04365981 -0.06411397
0.00000000 49.12717088 4.53407102 -14.91718944 -0.06004411 0.99156913 -0.05705591 -0.09964937
0.00000000 48.81716240 4.45561747 -15.97335921 -0.05962017 0.98998782 -0.06028244 -0.11285201
0.00000000 48.66841213 4.46038255 -16.45844973 -0.05555392 0.99393482 -0.04057437 -0.08579655
0.00000000 48.50629612 4.44336365 -16.98787633 -0.05894875 0.99369914 -0.05850436 -0.07526154
0.00000000 48.19596697 4.35347525 -17.96138530 -0.06698610 0.99510277 -0.04414033 -0.05774914
0.00000000 47.88926435 4.29957101 -18.79770723 -0.08698469 0.98952684 -0.03319282 -0.11031103
0.00000000 47.69501871 4.27004378 -19.25011595 -0.05942856 0.99424898 -0.03898047 -0.08011073
0.00000000 47.44677253 4.21529565 -20.07774772 -0.05775744 0.99293980 -0.03551061 -0.09733260
0.00000000 47.34688167 4.23961181 -20.45308430 -0.05711588 0.99518169 -0.01770090 -0.07770364
0.00000000 47.27429383 4.19776115 -20.86071464 -0.07041359 0.99570777 -0.02366235 -0.05520923
0.00000000 47.13805083 4.17766724 -21.73697426 -0.04938958 0.99029766 -0.05437512 -0.11796001
0.00000000 47.02290121 4.13399610 -22.22659447 -0.06708482 0.99394108 -0.03260825 -0.08073072
-0.00781250 46.84584776 4.09363114 -23.10615937 -0.03937669 0.99436796 -0.03595379 -0.09159238
0.00000000 46.71540573 4.06647136 -23.75284855 -0.07249896 0.99444587 -0.03472269 -0.06793848
0.00000000 46.42051528 3.97209711 -24.74508549 -0.04166382 0.99400331 -0.06958737 -0.07334271
0.00000000 46.18335781 3.90140288 -25.76171653 -0.08010637 0.99009717 -0.05031449 -0.10372571
0.00000000 46.00821146 3.89057957 -26.21894858 -0.05251061 0.99586381 -0.01526486 -0.07255951
0.00000000 45.86386371 3.84454371 -26.95098499 -0.04797109 0.99460832 -0.03710777 -0.08411939
0.00000000 45.68926199 3.81140626 -27.67082820 -0.04059311 0.99755186 -0.03038069 -0.04816123
0.00000000 45.41883715 3.80211126 -29.05286984 -0.05426946 0.99604865 -0.01058885 -0.06949667
0.00000000 45.35077074 3.79163110 -29.76185474 -0.08015213 0.99443207 -0.04178486 -0.05417127
0.00000000 45.24192647 3.75131246 -30.70337718 -0.03617712 0.99832344 -0.04001535 -0.02098318
0.00000000 44.94133867 3.72443546 -31.96848530 -0.03542213 0.99724022 -0.03542758 -0.05479148
0.00000000 44.82427527 3.70713689 -32.58841520 -0.06793966 0.99670362 -0.03302190 -0.02959150
0.00000000 44.64960104 3.68770349 -33.51425100 -0.05795830 0.99737326 -0.00715921 -0.04285038
0.00000000 44.50837349 3.66221370 -34.27655531 -0.06552394 0.99616528 -0.01670933 -0.05551705
0.00000000 44.31992424 3.62929003 -35.02215065 -0.06334639 0.99564342 -0.02265146 -0.06456263
0.00000000 44.17024231 3.58711466 -35.90225817 -0.05643434 0.99435944 -0.04505199 -0.07768384
0.00000000 44.00871989 3.56252994 -36.43031112 -0.04639540 0.99595154 -0.05367255 -0.05520201
0.00000000 43.81835032 3.52816629 -37.49556881 -0.04455948 0.99634109 -0.03506045 -0.06395041
0.00000000 43.65262360 3.53506124 -38.39048539 -0.04909461 0.99797409 -0.02657973 -0.03051143
0.00000000 43.49069738 3.50545887 -39.38061498 -0.03865298 0.99599539 -0.05454525 -0.05936278
0.00000000 43.38893456 3.48659087 -40.06397751 -0.04922609 0.99737612 -0.04260082 -0.03166775
0.00000000 43.21852214 3.48889649 -40.95237099 -0.05258871 0.99510700 -0.03085814 -0.07774479
0.00000000 43.16267397 3.47365019 -41.30464735 -0.04821075 0.99846586 -0.00532746 -0.02670706
0.00000000 43.03972963 3.44204283 -42.10008292 -0.05099014 0.99705090 -0.04332811 -0.03757911
0.00000000 42.93735274 3.45350590 -42.80123693 -0.03883886 0.99819678 -0.04342886 -0.01444545
0.00000000 42.84171493 3.42486041 -43.69514317 -0.04448076 0.99831680 -0.03274894 -0.01767889
0.00000000 42.74181686 3.44793720 -44.25975529 -0.03736927 0.99923844 -0.00834386 0.00751365
0.00000000 42.64193551 3.40298773 -45.25669057 -0.04473505 0.99866120 -0.02182175 -0.01408510
0.00000000 42.56026884 3.43576826 -45.70758877 -0.04130203 0.99899758 0.00523297 0.01644980
0.00000000 42.53681707 3.38809071 -46.81407513 -0.05336830 0.99771445 -0.04141647 0.00154287
0.00000000 42.40753434 3.31559694 -48.06053405 -0.03499825 0.99911065 -0.01218462 0.02011376
0.00000000 42.25539407 3.30538085 -49.89406053 -0.04436536 0.99897178 0.00562677 -0.00744527
0.00000000 42.14290415 3.35639384 -50.96712559 -0.05809696 0.99318691 -0.03409193 -0.09509075
0.00000000 42.09513056 3.38576422 -51.64837326 -0.04765501 0.99451997 0.00042885 -0.09305294
0.00000000 41.98397310 3.37351284 -52.70560580 -0.07497059 0.98948242 -0.00669842 -0.12352763
0.00000000 41.66369909 3.35935589 -53.50710144 -0.03803475 0.98236862 0.01473513 -0.18245036
0.00000000 41.27676336 3.31389433 -54.19366715 -0.05506909 0.96056186 -0.01124387 -0.27232678
0.00000000 41.05481259 3.23167242 -54.46061619 -0.04591655 0.93319028 -0.01036009 -0.35628674
0.00000000 40.27413716 3.15397966 -55.31034194 -0.05766364 0.92472899 -0.01058451 -0.37608400
0.00000000 39.73993863 3.13566377 -55.88946493 -0.05861850 0.88449698 -0.01313964 -0.46266220
0.00000000 38.67151754 3.03853833 -56.56184049 0.04842516 -0.84043704 0.01535636 0.53952272
0.00000000 38.25381947 3.00512230 -56.76867510 0.05131076 -0.81016242 0.02800209 0.58328376
0.00000000 37.15014425 2.88492592 -57.14231901 0.04296036 -0.79565333 0.03602878 0.60315182
0.00000000 36.46591991 2.87434506 -57.26147137 0.06666705 -0.76449985 0.02722654 0.64058895
0.00000000 34.29676155 2.62740725 -57.76483022 0.05623444 -0.75316996 0.02905359 0.65477370
0.00000000 32.00608273 2.37351521 -58.28229895 0.05401549 -0.77527354 0.04016530 0.62802868
0.00000000 30.93484621 2.25995234 -58.23961911 0.05291715 -0.72417805 0.04347233 0.68620412
0.00000000 30.23262058 2.19937192 -58.15611758 0.03532058 -0.75384908 0.03205011 0.65531428
0.00000000 29.46301173 2.12672271 -58.13683185 0.06079675 -0.71532501 0.03412418 0.69530528
0.00000000 28.22774972 2.00654052 -58.10503512 0.04467732 -0.75826143 0.04618861 0.64877589
0.00000000 27.17229478 1.89034694 -57.99480266 0.04746018 -0.73686105 0.05820152 0.67186003
0.00000000 24.79721127 1.68049719 -58.04477182 0.04208615 -0.74914719 0.06464646 0.65789670
0.00000000 23.25989888 1.53063703 -57.95066978 0.07614256 -0.72042968 0.05584606 0.68706957
0.00000000 21.75515919 1.45973315 -58.00264787 0.07180127 -0.73261779 0.05322515 0.67474650
0.00000000 20.54711386 1.31508889 -57.92416991 0.05864745 -0.74871806 0.04403207 0.65881933
0.00000000 19.05231781 1.20569653 -57.89820170 0.06940434 -0.72076786 0.04606913 0.68815286
0.00000000 17.81696388 1.12107470 -57.84421870 0.05123687 -0.74167064 0.05105446 0.66685297
0.00000000 17.24296065 1.06416775 -57.72795296 0.04888280 -0.69925391 0.04577517 0.71172964
0.00000000 16.37544235 1.01080207 -57.67107491 0.04200537 -0.68269129 0.03478748 0.72866864
0.00000000 15.70296400 0.94267552 -57.66198747 0.05473002 -0.66630739 0.05160390 0.74187339
0.00000000 14.61312438 0.87830359 -57.60511208 0.03223298 -0.69409744 0.02129113 0.71884384
0.00000000 13.68991007 0.80733360 -57.55940779 0.03474522 -0.67400133 0.03452996 0.73710424
0.00000000 12.86221818 0.76514181 -57.48822759 0.02998882 -0.71433736 0.05484292 0.69700435
0.00000000 11.94448189 0.69690474 -57.38402705 0.07025574 -0.70396871 0.04784730 0.70512610
0.00000000 11.36497716 0.67134694 -57.35119922 0.02698785 -0.71116488 0.05276606 0.70052260
0.00000000 10.80008208 0.59951293 -57.29817106 0.04822285 -0.73306627 0.06378870 0.67544015
0.00000000 10.15725005 0.52069134 -57.22270899 0.04888974 -0.68916175 0.06063326 0.72040925
0.00000000 8.82263002 0.43152845 -57.18918733 0.06866140 -0.69917528 0.06305187 0.70884695
0.00000000 8.25489739 0.37720667 -57.05585755 0.05468775 -0.68572180 0.06397629 0.72298126
0.00000000 6.93096105 0.29097305 -57.09154774 0.07247093 -0.71619514 0.05321097 0.69208459
0.00000000 6.28759060 0.22893879 -56.99679370 0.04987903 -0.69988404 0.07019155 0.70904694
0.00000000 4.69939389 0.11596647 -56.99166763 0.06891145 -0.68735157 0.06187479 0.72039610
0.00000000 3.67703938 0.06374829 -56.91864288 0.05311779 -0.72890205 0.06081277 0.67983977
0.00000000 2.79860826 -0.01031094 -56.80862154 0.05867982 -0.69683274 0.07261276 0.71113163
0.00000000 1.73455106 -0.08093623 -56.82342864 0.06531619 -0.71180486 0.07552644 0.69524341
0.00000000 0.91141443 -0.12999389 -56.67849503 0.06496278 -0.67988740 0.07886488 0.72616340
0.00000000 0.15485722 -0.17288297 -56.68530542 0.06316876 -0.72394519 0.05479302 0.68477061
0.00000000 -0.54387621 -0.22480532 -56.63692356 0.06202114 -0.71200873 0.05691772 0.69710639
0.00000000 -1.46873705 -0.27341912 -56.68036410 0.03576468 -0.73784892 0.04829220 0.67228545
0.00000000 -2.65604264 -0.32119519 -56.57137453 0.01177977 -0.73774677 0.05037979 0.67309199
0.00000000 -3.23770964 -0.36023557 -56.59878883 0.01629381 -0.76228989 0.01365250 0.64688658
0.00000000 -3.73477005 -0.40321128 -56.55667691 0.01743827 -0.74050885 0.03381975 0.67096853
0.00000000 -4.31008669 -0.43836905 -56.54877205 -0.00744075 -0.74865033 0.01261274 0.66280332
0.00000000 -4.93434018 -0.50166572 -56.61487028 0.01440645 -0.77132611 0.00992386 0.63619965
0.00000000 -5.80741243 -0.57770671 -56.50252937 0.01525626 -0.74755763 0.01918958 0.66374437
0.00000000 -6.34223389 -0.64147793 -56.43692024 0.02555555 -0.76813965 -0.01427833 0.63961278
0.00000000 -6.87987305 -0.71524809 -56.44156236 0.04990495 -0.73490915 0.01298627 0.67620218
0.00000000 -7.38967444 -0.74144599 -56.44945968 0.00778586 -0.72888965 0.02670989 0.68406566
0.00000000 -7.94726032 -0.81472396 -56.47963149 0.02516736 -0.70543876 0.03525106 0.70744620
0.00000000 -8.30866202 -0.86745868 -56.44862144 0.03191973 -0.65266090 0.04568392 0.75559768
0.00000000 -8.94425783 -0.91010687 -56.45211406 0.01213961 -0.66340752 0.05626161 0.74604137
0.00000000 -9.58480725 -0.93965843 -56.47258718 0.04279609 -0.63577696 0.04175643 0.76955347
0.00000000 -10.10028271 -1.01270554 -56.49551073 0.03383541 -0.64846386 0.04217329 0.75932285
0.00000000 -10.58096341 -1.08420505 -56.48997627 0.00790448 -0.67821167 0.04311417 0.73355819
0.00000000 -11.13204669 -1.10518087 -56.52748266 0.03555686 -0.65392305 0.04271027 0.75451719
-0.00781250 -11.84537097 -1.18173012 -56.54594743 0.02267474 -0.65854971 0.07028901 0.74890426
0.00000000 -12.36412437 -1.26316893 -56.55477836 0.02286323 -0.68145582 0.04459066 0.73014171
0.00000000 -12.87098398 -1.27219410 -56.56521050 0.03171052 -0.65251558 0.05128681 0.75537244
0.00000000 -13.43532500 -1.30310390 -56.55895270 0.01722463 -0.66622218 0.04973100 0.74389390
0.00000000 -14.87100798 -1.44250493 -56.61783236 0.00839013 -0.64910644 0.03638308 0.75978070
0.00000000 -15.31250795 -1.45647745 -56.60240910 0.03026630 -0.65293473 0.05611341 0.75472609
0.00000000 -15.79138268 -1.52168711 -56.61246749 0.03475778 -0.66920277 0.05624064 0.74013279
0.00000000 -16.21082717 -1.52988832 -56.63637048 0.04816574 -0.63887296 0.06319694 0.76519772
0.00000000 -17.28697380 -1.59232453 -56.44576949 0.02674225 -0.65789171 0.06184172 0.75009263
0.00000000 -17.75964061 -1.60819560 -56.45299020 0.04048258 -0.63116273 0.05670343 0.77251504
0.00000000 -18.12301287 -1.65441252 -56.39601175 0.02379826 -0.61140696 0.05719775 0.78888757
0.00000000 -18.56378402 -1.64923205 -56.35348292 0.01188606 -0.63618286 0.05740948 0.76930764
0.00000000 -19.11970005 -1.69873671 -56.34531133 0.03853683 -0.63503053 0.05904734 0.76926234
0.00000000 -19.59470023 -1.73197344 -56.28538150 0.02103408 -0.60257773 0.03732781 0.79690921
0.00000000 -19.89632457 -1.70132680 -56.26327227 0.01379119 -0.62002750 0.05601856 0.78245615
0.00000000 -20.29520294 -1.75380345 -56.22073066 0.02377922 -0.62899131 0.04253593 0.77588348
0.00000000 -20.57986940 -1.74349546 -56.23087668 0.04163679 -0.60448204 0.05352438 0.79372727
0.00000000 -20.93401815 -1.78456165 -56.17510176 0.01225053 -0.59060397 0.04485935 0.80562058
0.00000000 -21.30312316 -1.77136074 -56.13356701 0.01231164 -0.60236186 0.04402901 0.79691283
0.00000000 -21.65910092 -1.81247805 -56.08530291 0.01968924 -0.62587440 0.02395939 0.77930707
0.00000000 -22.13797405 -1.81207164 -56.08564745 0.01543849 -0.58783736 0.03002299 0.80827440
0.00000000 -22.52556130 -1.85148069 -55.94077850 -0.00668034 -0.58082428 0.03132247 0.81339869
0.00000000 -23.27273775 -1.88135444 -55.79208642 -0.00497367 -0.60156197 0.05233302 0.79709455
0.00000000 -23.80487345 -1.88179818 -55.72436999 -0.01189988 -0.57959496 0.04894080 0.81334671
0.00000000 -24.08618693 -1.92207231 -55.68474242 0.00059646 -0.55942277 0.02829451 0.82839920
0.00000000 -24.66976692 -1.96858392 -55.39223007 -0.02729416 -0.57373383 0.03639632 0.81777737
0.00000000 -24.90631017 -1.99410199 -55.33299226 -0.01659602 -0.58739107 0.01811963 0.80893015
0.00000000 -25.22573071 -1.99395773 -55.31401483 0.01080610 -0.59244651 0.01584236 0.80538151
0.00000000 -25.55885163 -2.02921807 -55.26409216 -0.01409158 -0.59588121 0.01240750 0.80285308
0.00000000 -26.05552202 -2.01633922 -55.21685808 0.00367043 -0.60666492 0.02186734 0.79464836
0.00000000 -26.48420929 -2.03599431 -55.13085886 0.01396660 -0.63305791 0.00500719 0.77396224
0.00000000 -26.99920623 -2.04454612 -55.08670275 0.03085491 -0.60196616 0.04063408 0.79688995
0.00000000 -27.38646463 -2.04068566 -54.99392005 0.00029667 -0.59384878 0.03905350 0.80362825
0.00000000 -28.31949477 -2.11524609 -54.75561301 0.00944500 -0.61798128 0.02562734 0.78571825
0.00000000 -28.94324659 -2.12929976 -54.53648532 0.01830261 -0.59221318 0.02687502 0.80512502
0.00000000 -29.50992933 -2.16111385 -54.31108861 0.00106398 -0.60336332 0.02985554 0.79690665
0.00000000 -30.27158917 -2.18490244 -53.83130696 0.01690446 -0.61458509 0.02499266 0.78827329
0.00000000 -30.80356253 -2.23378873 -53.65577283 0.00388251 -0.58649798 0.03916331 0.80899399
0.00000000 -31.23352161 -2.25737204 -53.45503197 -0.00353794 -0.60962614 0.02058160 0.79241394
0.00000000 -32.03836843 -2.28392926 -53.23353823 0.00634062 -0.59352596 0.02998957 0.80423091
0.00000000 -32.45004081 -2.31064173 -53.06520678 -0.00472199 -0.62012782 0.03416578 0.78374223
0.00000000 -33.28660472 -2.34330890 -52.89535955 0.02899956 -0.60197916 0.04069342 0.79694677
0.00000000 -34.17602807 -2.37462704 -52.29313366 -0.00848404 -0.60679970 0.03933390 0.79383562
0.00000000 -35.34181807 -2.41939842 -51.94648685 0.01154026 -0.57555159 0.06862572 0.81479918
0.00000000 -36.26738526 -2.47037324 -51.54564300 0.03983313 -0.55962623 0.05203256 0.82615036
-0.00781250 -36.72137704 -2.49191459 -51.23016775 0.00523583 -0.59031391 0.05610180 0.80520473
0.00000000 -38.75934166 -2.56608601 -50.43838450 0.01121991 -0.60425522 0.04101909 0.79565519
0.00000000 -39.14265117 -2.60435784 -50.24973552 -0.00983428 -0.64101991 0.03285817 0.76675752
0.00000000 -39.86356778 -2.64996486 -50.15448340 0.03577177 -0.64791516 0.03959175 0.75984131
0.00000000 -40.59695015 -2.65939656 -50.18470450 -0.00891045 -0.68243579 0.03831832 0.72988609
0.00000000 -41.32975655 -2.74086586 -50.21069743 0.02099135 -0.69358288 0.01601211 0.71989288
0.00000000 -42.26592242 -2.77786294 -50.22186097 0.01072863 -0.66858990 0.05257606 0.74169279
0.00000000 -43.75977678 -2.87985055 -50.28364994 -0.00110519 -0.65972570 0.03574759 0.75065497
0.00000000 -44.38699431 -2.86820708 -50.32925942 -0.00593346 -0.69948564 0.05040279 0.71284234
0.00000000 -45.22551719 -2.90758652 -50.33020241 0.00648771 -0.68748361 0.06698312 0.72307500
0.00000000 -46.10398981 -2.94794762 -50.33763838 0.01313662 -0.69580897 0.05366391 0.71609880
0.00000000 -47.39260611 -3.08851163 -50.18531998 0.01357654 -0.62940747 0.05585770 0.77494634
0.00000000 -48.01385923 -3.11114847 -50.22282867 0.00378592 -0.65571481 0.05563616 0.75294646
0.00000000 -49.08049890 -3.12212569 -50.09009635 -0.00496278 -0.59991406 0.07294050 0.79671712
0.00000000 -49.51118072 -3.14594878 -50.07144373 0.00011162 -0.62806953 0.04747124 0.77670788
0.00000000 -50.34705659 -3.14228007 -49.94450320 0.00063333 -0.60044147 0.05308567 0.79790448
0.00000000 -50.90666247 -3.16179036 -49.95399548 -0.00687817 -0.65997639 0.04398147 0.74996632
0.00000000 -51.45285994 -3.18139718 -49.87703605 0.02010238 -0.62684526 0.07138291 0.77560647
0.00000000 -52.34104197 -3.21967940 -49.77239576 -0.00694024 -0.65045076 0.04051552 0.75843532
0.00000000 -53.11971917 -3.23858422 -49.67867645 0.00736199 -0.62926663 0.04599449 0.77579238
0.00000000 -54.03555585 -3.24621853 -49.44345200 -0.00740469 -0.64319238 0.02263264 0.76533424
0.00000000 -54.97823896 -3.28221142 -49.17537329 -0.00030745 -0.60596300 0.04097227 0.79443692
0.00000000 -55.66849936 -3.27056608 -48.98206247 -0.03272915 -0.61980115 0.02899888 0.78353966
0.00000000 -55.90156443 -3.29000860 -48.90165145 -0.03089533 -0.65893104 0.02068280 0.75128396
0.00000000 -56.73711450 -3.33673579 -48.60383883 -0.00354301 -0.62682418 0.02150165 0.77885594
0.00000000 -57.31245010 -3.29125054 -48.35166745 -0.03511012 -0.64509957 0.01207901 0.76319586
0.00000000 -57.89423526 -3.31966049 -48.19101745 -0.00275935 -0.65661874 0.02569403 0.75377983
0.00000000 -58.78659768 -3.34729486 -47.88439521 -0.00591662 -0.63186453 0.03584301 0.77422703
0.00000000 -59.45057467 -3.37762732 -47.73844772 -0.00217366 -0.65024304 0.02555298 0.75929330
0.00000000 -59.92324913 -3.40089079 -47.54865422 -0.00331898 -0.61291257 0.03417956 0.78940416
0.00000000 -60.77088285 -3.53002354 -46.78979125 -0.04019768 -0.65168701 0.00655668 0.75739369
0.00000000 -61.33210736 -3.39341075 -46.80611123 -0.02767779 -0.66627022 0.01384107 0.74506803
0.00000000 -61.98542483 -3.27939207 -46.79749370 -0.02200281 -0.66622677 0.01749117 0.74521931
0.00000000 -62.20679585 -3.24099786 -46.72216654 -0.00713892 -0.66831834 0.00667302 0.74381120
0.00000000 -62.48353899 -3.25415060 -46.60191744 -0.00049638 -0.64205578 0.01263924 0.76655357
0.00000000 -62.09314785 -3.50217284 -46.29550850 -0.01720698 -0.64217920 -0.01057800 0.76628840
0.00000000 -62.84418835 -3.48214520 -45.98648668 -0.00721247 -0.66009512 -0.02184275 0.75082975
0.00000000 -63.24729467 -3.48647597 -45.82141335 0.01369674 -0.64919425 -0.02221958 0.76017466
0.00000000 -63.69632541 -3.51377466 -45.68243802 -0.00928248 -0.62861136 -0.01559765 0.77750775
0.00000000 -64.44808752 -3.55354693 -45.44126342 0.03575388 -0.62613321 0.06542393 0.77614339
0.00000000 -64.22441544 -3.50859577 -45.47179211 0.01867940 -0.64186143 0.04344051 0.76536129
0.00000000 -64.95251618 -3.48518667 -45.25306594 0.00770586 -0.63354184 0.02678283 0.77320634
0.00000000 -65.98204918 -3.47540272 -44.90797696 -0.01212785 -0.64244842 0.02523784 0.76581721
0.00000000 -66.70149783 -3.46699814 -44.64417419 0.00171093 -0.61943940 0.02762105 0.78455655
0.00000000 -67.43028307 -3.46518522 -44.36471506 -0.00147335 -0.60778355 0.01552156 0.79394966
0.00000000 -67.96810164 -3.45204236 -44.18595577 0.01901327 -0.60477320 0.02830540 0.79566744
0.00000000 -68.56486344 -3.45180767 -43.90943823 0.00211299 -0.59355244 0.02449206 0.80441978
0.00000000 -68.93481480 -3.45587451 -43.82932860 -0.00654828 -0.62224964 0.01870384 0.78256799
0.00000000 -69.55392675 -3.44371865 -43.67053352 -0.00352784 -0.61143892 0.03111495 0.79067178
0.00000000 -70.26838487 -3.46847919 -43.52066377 -0.01811315 -0.61948064 0.02279653 0.78447178
0.00000000 -70.89693054 -3.44755906 -43.32524961 -0.01460165 -0.60080971 0.02011715 0.79900550
0.00000000 -71.27867725 -3.47362417 -43.17344610 -0.02504388 -0.57889903 0.01203185 0.81492573
0.00000000 -71.86484523 -3.49671651 -42.81846195 -0.03673551 -0.61089347 0.00745896 0.79082491
0.00000000 -72.43997192 -3.49185634 -42.64469867 -0.00232017 -0.59889299 0.01460771 0.80069246
0.00000000 -73.23433673 -3.46757976 -42.36044848 -0.01170533 -0.61409080 0.01413881 0.78902191
0.00000000 -73.84506046 -3.45612829 -42.17839634 -0.01031821 -0.62513391 0.00477828 0.78043469
0.00000000 -74.44536701 -3.46645788 -41.97128446 -0.00865480 -0.59574482 0.00234245 0.80312373
0.00000000 -74.93570316 -3.45258450 -41.81908069 -0.01803270 -0.62168216 -0.01644384 0.78288934
0.00000000 -75.45258053 -3.42888518 -41.58949101 -0.02116058 -0.59122304 0.00212149 0.80622766
0.00000000 -76.27897818 -3.46536490 -41.00844927 0.00454518 -0.60031040 0.00058126 0.79975398
0.00000000 -77.03941243 -3.47040825 -40.94394380 0.02458474 -0.62342607 0.00407211 0.78148509
0.00000000 -77.76971451 -3.47585515 -40.60446772 0.00646757 -0.60860728 0.02089188 0.79317015
0.00000000 -78.14614810 -3.44404384 -40.42093215 -0.00435370 -0.63312563 0.02290787 0.77369775
0.00000000 -78.74483463 -3.41468177 -40.20279499 0.01329476 -0.62107610 0.03988643 0.78262175
0.00000000 -79.45476973 -3.41682970 -39.93753510 -0.00135039 -0.58761990 0.02738914 0.80867229
0.00000000 -80.31922587 -3.45978346 -39.36041698 0.02543101 -0.58350450 0.02435530 0.81134616
0.00000000 -81.23701559 -3.45799224 -39.01477863 0.00881843 -0.52930637 0.04086414 0.84740022
0.00000000 -81.98468557 -3.42791488 -38.71593337 0.00263100 -0.51429416 0.01918172 0.85739528
0.00000000 -82.62361512 -3.45437924 -38.27885556 0.00630480 -0.44924446 0.04657677 0.89217166
0.00000000 -83.33726020 -3.42189204 -37.68139949 -0.00035222 -0.42733394 0.01000859 0.90403839
0.00000000 -84.25083928 -3.43087216 -36.74962500 -0.02380290 -0.43139112 -0.00096500 0.90185043
0.00000000 -84.98685552 -3.38792330 -35.89256962 -0.01764143 -0.32366622 0.02535026 0.94566713
0.00000000 -85.72278678 -3.34095057 -34.84318913 -0.01894102 -0.21322156 0.00436983 0.97681048
0.00000000 -86.17637990 -3.25175990 -33.87587854 0.00285073 -0.13258396 0.00241281 0.99116474
0.00000000 -86.43184092 -3.24216899 -33.22767996 0.01540014 -0.05554568 0.02157819 0.99810415
0.00000000 -87.31183683 -3.05802130 -30.60662464 0.01593863 -0.01987961 -0.00334691 0.99966973
0.00000000 -87.49941125 -3.05143805 -30.12632307 0.01337144 0.01563981 0.00414294 0.99977969
0.00000000 -87.80631867 -3.07633867 -29.12648333 -0.01530573 -0.00275692 -0.00433871 0.99986965
0.00000000 -88.03717750 -3.04270909 -28.54336176 0.00559850 0.03127362 0.00737400 0.99946798
0.00000000 -88.13798802 -3.09657450 -27.68321131 0.00871259 0.06638136 0.01897123 0.99757591
0.00000000 -88.26417212 -3.05481153 -27.78591291 0.01239424 0.05476715 0.03148234 0.99792575
0.00000000 -88.34471766 -3.02655850 -27.33467925 0.01399976 0.04518172 0.00366687 0.99887395
0.00000000 -88.38763226 -3.01093800 -26.78191601 0.01100542 0.09083584 0.00684166 0.99578156
0.00000000 -88.41052073 -2.98158408 -26.33205324 -0.01038013 0.08796859 0.02139530 0.99583935
0.00000000 -88.41839813 -2.99254356 -25.51845788 0.01000295 0.07645348 -0.00182638 0.99702130
0.00000000 -88.41753338 -2.95648047 -24.90010355 -0.00645978 0.12631375 -0.00393047 0.99196152
0.00000000 -88.42640176 -2.91849469 -24.43855879 -0.00698523 0.11181371 0.01139518 0.99363930
0.00000000 -88.37513213 -2.82988184 -23.77929048 0.00072842 0.17116596 -0.01506879 0.98512670
0.00000000 -88.30534591 -2.76906039 -23.10825205 -0.01728410 0.16532881 0.00872812 0.98604841
0.00000000 -88.18538206 -2.71682257 -22.23619951 0.00343809 0.15141183 -0.00347652 0.98845867
0.00000000 -88.10444623 -2.69649128 -21.67537720 0.00767248 0.17815804 0.02168960 0.98373289
0.00000000 -87.92662704 -2.65684115 -20.94571837 -0.01814914 0.14589038 -0.01016915 0.98908200
0.00000000 -87.48098349 -2.59275779 -19.67006623 -0.02115065 0.15090832 0.00669680 0.98829878
0.00000000 -87.07732542 -2.45156329 -18.21537272 -0.00708524 0.16872875 -0.01101123 0.98557555
0.00000000 -86.73672198 -2.41111910 -17.33260206 -0.01789723 0.16537898 0.01751198 0.98591217
0.00000000 -86.62641190 -2.36718636 -16.76372692 -0.01543208 0.13795535 -0.00703029 0.99029326
0.00000000 -86.45446560 -2.31602394 -15.95339102 -0.00891353 0.15668236 0.03203494 0.98708913
0.00000000 -86.32437817 -2.31456141 -15.62606601 -0.02327052 0.12449910 0.01296606 0.99186206
0.00000000 -86.17003343 -2.25336436 -15.11107857 0.00223964 0.16564311 -0.00380596 0.98617588
0.00000000 -86.03917008 -2.21628902 -14.59438743 -0.02485111 0.18854685 0.01658460 0.98160963
0.00000000 -85.81387200 -2.16944406 -13.96871174 -0.04006279 0.12901494 0.01740566 0.99068015
0.00000000 -85.60465894 -2.13543262 -13.36297289 -0.01894852 0.16917007 0.01145221 0.98533816
0.00000000 -85.35573544 -2.08496197 -12.74056096 -0.03524018 0.13325087 0.00064931 0.99045541
-0.00781250 -85.00629723 -2.02627711 -11.87340670 -0.00836081 0.15973119 -0.00509881 0.98711197
0.00000000 -84.64649800 -1.98714562 -11.04843686 -0.01921158 0.13479936 0.01197350 0.99061430
0.00000000 -84.25301655 -1.91669717 -10.05836644 -0.01272947 0.19065559 0.01887817 0.98139290
0.00000000 -84.11155420 -1.86795933 -9.62667553 -0.02487379 0.12638429 0.01003569 0.99161867
0.00000000 -83.80848086 -1.79917286 -8.92338487 -0.00126667 0.13401183 0.00227152 0.99097632
0.00000000 -83.52905970 -1.76451838 -8.30682657 -0.02673716 0.13553426 0.03045673 0.98994342
0.00000000 -83.30032767 -1.72080852 -7.59211600 -0.01268409 0.11690192 0.00181484 0.99306080
0.00000000 -83.11514889 -1.71432833 -7.13875837 -0.01803245 0.15738648 0.00744283 0.98734438
0.00000000 -82.89622261 -1.64855833 -6.19648553 -0.02002853 0.14430688 0.01645192 0.98919347
0.00000000 -82.68101180 -1.62201385 -5.51153168 -0.00068490 0.15935752 0.01942478 0.98702958
0.00000000 -82.52991070 -1.55346812 -4.99997130 -0.01005126 0.14462925 0.02529324 0.98911152
0.00000000 -82.36895655 -1.51523308 -4.41967418 -0.02501967 0.09162899 0.01183389 0.99540851
0.00000000 -82.11144354 -1.47683813 -3.68459786 -0.01474187 0.12769441 0.02245064 0.99144984
0.00000000 -81.81384515 -1.41656906 -2.85297835 -0.01283492 0.11211036 0.01014512 0.99356107
0.00000000 -81.47539541 -1.33386264 -1.96809136 -0.02043412 0.18405471 0.02506664 0.98238382
0.00000000 -81.27027710 -1.31690081 -1.44920837 -0.02216288 0.15541014 0.01329075 0.98751195
0.00000000 -81.08549645 -1.25840940 -0.90699522 -0.01378950 0.18879412 0.01671142 0.98177765
0.00000000 -80.88201750 -1.23376006 -0.27650705 -0.03250624 0.16398354 0.03032418 0.98546090
0.00000000 -80.71163665 -1.16798332 0.56970590 -0.00586360 0.17943643 -0.01281642 0.98366860
0.00000000 -80.44425066 -1.18274014 1.37768383 -0.00511217 0.15808609 0.02333925 0.98713623
0.00000000 -80.03257868 -1.08139684 2.45738740 -0.00609543 0.21731014 0.02888400 0.97565612
0.00000000 -79.81011664 -1.04147743 3.21430583 -0.00176872 0.16313921 -0.00017397 0.98660146
0.00000000 -79.48132418 -0.96937283 4.18356264 -0.00965780 0.16181101 0.02806601 0.98637529
0.00000000 -79.25932781 -0.90540523 5.00498427 -0.01983901 0.13399002 0.01458723 0.99067669
0.00000000 -78.99721061 -0.89840528 5.82667137 -0.00234809 0.12378043 0.03545378 0.99167329
0.00000000 -78.84613618 -0.85528678 6.48427428 -0.01598301 0.11298800 0.01862551 0.99329318
0.00000000 -78.71518522 -0.84803525 6.99718496 -0.03189213 0.12053049 0.04238551 0.99129146
0.00000000 -78.51621236 -0.79772455 7.91454080 -0.02260375 0.08192884 0.03843115 0.99564039
0.00000000 -78.39678032 -0.76715276 8.48494802 0.00695716 0.11070780 0.03670292 0.99315068
0.00000000 -78.25533524 -0.69871531 9.15743926 0.00355684 0.08287895 0.05787144 0.99487151
0.00000000 -77.83947013 -0.59595091 10.52511357 -0.00698640 0.09911378 0.04026237 0.99423669
0.00000000 -77.37151217 -0.49071585 11.74189180 0.00380123 0.11697910 0.02617257 0.99278217
0.00000000 -77.22743535 -0.47724496 12.08899235 -0.02673300 0.13623227 0.02795031 0.98992166
0.00000000 -77.03831061 -0.39274765 12.78376485 -0.04259137 0.11077070 0.06050632 0.99108769
0.00000000 -77.05766912 -0.40987989 12.70112496 -0.05503492 0.09065121 0.03114234 0.99387307
0.00000000 -76.89551808 -0.36795351 13.29861272 -0.02343196 0.09834222 0.02333774 0.99460299
0.00000000 -76.61193841 -0.31945335 14.23520135 -0.03632725 0.08654383 0.04005335 0.99477949
0.00000000 -76.33684578 -0.23768061 15.22120663 -0.00713862 0.10001981 0.02783893 0.99457029
0.00000000 -76.13965759 -0.24680296 16.24540217 0.01886783 0.09948986 0.05030708 0.99358692
0.00000000 -75.94147464 -0.16104128 17.10900791 -0.00029849 0.10405086 0.04109202 0.99372269
0.00000000 -75.60163990 -0.08834753 18.01349743 -0.02840204 0.12409845 0.05297689 0.99044755
0.00000000 -75.40161091 -0.00172344 18.87218070 -0.01160571 0.11262701 0.04007699 0.99276095
0.00000000 -75.17851071 0.04995862 19.58121116 -0.01378974 0.15017433 0.04812058 0.98739147
0.00000000 -75.01215136 0.10509892 20.27792145 -0.03066566 0.10564068 0.04888574 0.99272849
0.00000000 -74.83879451 0.15209825 20.89948617 -0.01044483 0.14755656 0.02853851 0.98858663
0.00000000 -74.53513033 0.26057597 21.75064224 -0.01411162 0.12521359 0.04916378 0.99081045
0.00000000 -74.41456453 0.26722282 22.16188337 -0.01599274 0.09227168 0.04431386 0.99461875
0.00000000 -74.06845503 0.35026997 23.01383208 -0.02586769 0.11795241 0.05577078 0.99111438
0.00000000 -73.78381595 0.46323708 23.79040207 -0.03029295 0.09024213 0.05832980 0.99374863
0.00000000 -73.51016128 0.55202623 24.55932603 -0.02575635 0.12701451 0.04040681 0.99074276
0.00000000 -73.31367805 0.61401848 25.45920693 -0.00931187 0.09031436 0.06803809 0.99354286
0.00000000 -73.23059112 0.61869610 25.69753340 -0.03058080 0.06463841 0.04972205 0.99619998
0.00000000 -73.00954173 0.70626318 26.39093210 -0.03143963 0.09620069 0.04401452 0.99389119
0.00000000 -72.60515590 0.78943361 27.23660435 -0.02542465 0.07968875 0.05412013 0.99502477
-0.00781250 -72.38061115 0.86479361 28.12055275 -0.03953375 0.06687421 0.02335426 0.99670432
0.00000000 -72.02781221 0.91858198 29.00830635 -0.02926919 0.12776110 0.04068644 0.99053775
0.00000000 -71.78445910 0.99589400 29.89807430 -0.05138711 0.08574029 0.02996379 0.99454016
0.00000000 -71.49706311 1.04378509 30.57429945 -0.05676598 0.14767698 0.03593991 0.98675096
0.00000000 -71.23267063 1.17680146 31.22242202 -0.08413796 0.16024917 0.06653450 0.98123094
0.00000000 -70.69490192 1.20629444 32.10191911 -0.06559545 0.22282692 0.00758150 0.97261910
0.00000000 -70.63931124 1.21090309 32.22245853 -0.06934668 0.24216110 0.02142176 0.96751752
0.00000000 -70.52380389 1.19710500 32.35858010 -0.04223851 0.29094502 0.01422834 0.95570103
0.00000000 -70.57893499 1.13879167 32.29533250 -0.03481104 0.31781030 0.03615223 0.94682513
0.00000000 -69.98033634 1.25097631 32.88894307 -0.04728221 0.34866133 0.03447044 0.93542047
0.00000000 -70.03791464 1.27965653 32.75970889 -0.06495608 0.33239974 0.04659981 0.93974442
0.00000000 -69.30066035 1.36379573 33.46679679 -0.06403436 0.36244706 0.02495804 0.92946696
0.00000000 -68.84760305 1.42138418 33.84010267 -0.04309148 0.43683439 0.03155179 0.89795508
0.00000000 -65.25594502 0.93573792 34.75875246 -0.03643361 0.49555695 0.03842243 0.86695999
0.00000000 -64.75339649 0.95927628 34.82549232 -0.03160689 0.51115079 0.03908162 0.85802011
0.00000000 -63.97328985 1.03711914 35.17404721 -0.06579066 0.52241373 0.02352820 0.84982463
0.00000000 -63.64696078 1.03959561 35.39065230 -0.03683671 0.61139318 0.02493165 0.79007585
0.00000000 -62.06079186 1.20426254 35.72656321 -0.04203483 0.69479260 0.00065708 0.71798043
0.00000000 -61.11924083 1.28238309 35.73138537 -0.04836044 0.73638862 0.02108845 0.67449859
0.00000000 -60.19772393 1.35404864 35.71195552 -0.02269386 0.76593659 0.00140709 0.64251392
0.00000000 -59.37415989 1.42914285 35.45773006 -0.01083524 0.78691371 0.01695813 0.61673482
0.00000000 -59.08330921 1.44395959 35.34644075 -0.03093971 0.77887548 0.01865103 0.62613726
0.00000000 -58.43693744 1.48512903 35.14014155 -0.01183437 0.78555323 0.00258764 0.61867550
0.00000000 -57.76278445 1.52215991 34.90195503 -0.02359404 0.80570007 0.00999520 0.59176923
0.00000000 -57.26547232 1.60063773 34.64039825 -0.05697698 0.78469351 0.00503735 0.61723929
0.00000000 -56.74676990 1.65447173 34.38006219 -0.03451978 0.79534124 -0.02012617 0.60484348
0.00000000 -56.07813595 1.67578206 34.04908005 -0.01456535 0.81789600 -0.00458451 0.57516342
0.00000000 -55.69684526 1.73403549 33.90397745 -0.00931108 0.80541643 0.00864916 0.59257310
0.00000000 -54.90001767 1.81112705 33.68859807 -0.02191033 0.82036548 -0.00094698 0.57141887
0.00000000 -54.25308846 1.86944331 33.40198061 -0.02412885 0.83263688 0.02618486 0.55267348
0.00000000 -53.65572241 1.93569451 33.28463270 -0.03429629 0.81708739 0.00587868 0.57546277
0.00000000 -53.17529801 1.97151408 33.10092705 -0.01798938 0.83990713 -0.01220655 0.54229456
0.00000000 -52.56731595 2.05025835 32.83349740 -0.01857911 0.83930170 0.01315598 0.54318910
0.00000000 -52.34409337 2.04917072 32.74422938 -0.00207596 0.82013121 0.01706658 0.57191714
0.00000000 -51.90301982 2.13198815 32.51773420 -0.02260902 0.83774323 -0.01993514 0.54523179
0.00000000 -51.41479023 2.18692739 32.33561634 -0.02491462 0.85283305 -0.00013753 0.52158894
0.00000000 -51.01431295 2.25157530 32.02464762 -0.03440974 0.84129273 0.00369067 0.53947093
0.00000000 -50.78017665 2.25453254 31.81462704 -0.03254297 0.83082984 0.00182858 0.55557123
0.00000000 -49.91649998 2.32401653 31.19743506 -0.02320859 0.83940729 0.01310537 0.54284897
0.00000000 -49.43394968 2.33492207 30.62012070 -0.02109545 0.82424264 0.02312730 0.56537084
0.00000000 -48.94626207 2.37053211 30.29266824 -0.02510368 0.83140182 -0.00553140 0.55507678
0.00000000 -48.35347452 2.40042082 30.01142739 -0.02879667 0.82479390 0.03104785 0.56384555
0.00000000 -47.91661680 2.45206073 29.52617213 -0.04385260 0.80346060 0.03432604 0.59274761
0.00000000 -47.38291336 2.53107400 29.32726692 -0.05509822 0.78153399 0.03597744 0.62038249
0.00000000 -46.37700863 2.70263642 28.96736388 -0.05269285 0.77202982 0.06061996 0.63049079
0.00000000 -45.54768649 2.81028701 28.85588213 -0.05833994 0.74137548 0.04547471 0.66700142
0.00000000 -44.58051941 2.88739777 28.72110619 -0.02760034 0.74539895 0.01900618 0.66577578
0.00000000 -43.56071275 3.01318343 28.62719202 -0.02354052 0.72398276 0.05648422 0.68709850
0.00000000 -42.49683510 3.10499264 28.61128439 -0.01524380 0.73807629 0.02133483 0.67420756
0.00000000 -41.65012458 3.22166968 28.54248509 -0.03325156 0.70548082 0.02615451 0.70746525
0.00000000 -40.77457925 3.33822177 28.50613847 -0.01222279 0.74383616 0.03377717 0.66739604
0.00000000 -39.53579836 3.45299269 28.35677503 -0.03068930 0.76502135 0.02027684 0.64295362
0.00000000 -37.76272477 3.68229267 27.89700296 -0.03299914 0.79661994 0.02715790 0.60296780
0.00000000 -36.80398106 3.78377995 27.69537067 -0.02578479 0.77405464 0.02937037 0.63191134
0.00000000 -35.32449543 3.94053096 27.43698761 0.00292803 0.76921455 0.01729230 0.63874985
0.00000000 -34.19469686 4.04958919 27.26049982 -0.01528323 0.77978058 0.00336634 0.62585728
0.00000000 -32.90292051 4.19867685 26.78376424 -0.00545857 0.79130410 0.01274700 0.61126552
0.00000000 -31.79294883 4.28923719 26.24384216 -0.03306177 0.80771266 0.04947347 0.58656591
0.00000000 -31.07651473 4.35585982 26.07821424 -0.03092748 0.82937412 0.02115712 0.55743558
0.00000000 -29.99892343 4.32243896 25.45358475 -0.01159289 0.88932360 0.01859302 0.45675315
0.00000000 -29.27782206 4.36719817 24.94003456 -0.02106442 0.90061872 0.03059400 0.43301987
0.00000000 -28.74154788 4.42967124 24.50246351 -0.01288744 0.91505544 0.01770147 0.40273331
-0.00781250 -28.33265494 4.49837599 24.05320164 -0.00189925 0.92541159 0.04755073 0.37596372
0.00000000 -27.74713064 4.54210411 23.37238004 -0.02595236 0.93538788 0.01457697 0.35236842
0.00000000 -27.39369361 4.60251743 22.86582498 -0.02828952 0.94603911 0.04053973 0.32025963
0.00000000 -26.77334799 4.63018929 21.99213837 -0.04789735 0.94874682 0.01019069 0.31222022
0.00000000 -26.33371875 4.71620468 21.39110387 -0.02851950 0.94078415 0.03558730 0.33592465
0.00000000 -25.96288094 4.78421559 20.92878207 -0.03599398 0.93015822 0.03774436 0.36343568
0.00000000 -25.65399472 4.79807536 20.49823859 -0.02046838 0.94328036 0.03283490 0.32973485
0.00000000 -25.17870674 4.86969896 19.89035812 -0.02667195 0.92965516 0.01395802 0.36719893
0.00000000 -24.68683792 4.86552521 19.43298844 -0.02525851 0.92859250 0.00204963 0.37023477
0.00000000 -24.41716514 4.87264261 19.06134802 -0.02042073 0.92786429 0.03596448 0.37061759
0.00000000 -23.96375023 4.98000717 18.47339677 -0.04005629 0.91012810 0.02986951 0.41130298
0.00000000 -23.95879790 4.86794937 18.47824762 -0.04137899 0.90743061 0.01210694 0.41798432
0.00000000 -23.46766315 4.88052357 17.87322674 -0.03864412 0.91143043 -0.00151687 0.40963264
0.00000000 -22.86955326 4.94199777 17.24001306 -0.01230960 0.90380597 0.00937164 0.42766273
0.00000000 -22.88740798 4.90299291 17.25963019 -0.02309049 0.88880879 0.01561470 0.45742972
0.00000000 -22.54713603 4.93842904 16.99341658 -0.01249137 0.89287006 0.01354633 0.44993724
0.00000000 -21.73140292 4.98175017 16.43008355 0.00258967 0.89142951 0.03253443 0.45198257
0.00000000 -21.51835942 4.95706630 16.29798529 -0.01681885 0.88452014 0.02178721 0.46568935
0.00000000 -21.41465596 4.95375036 16.30429200 -0.02615992 0.87342127 0.02681946 0.48552206
0.00000000 -20.97432952 4.99775904 16.08966397 0.00418445 0.88250757 0.02769568 0.46946334
0.00000000 -20.49469645 5.02598764 15.91518878 0.00144542 0.88537665 0.03855182 0.46327082
0.00000000 -20.05172714 5.05177890 15.67045716 -0.05066251 0.87618675 0.02194910 0.47879884
0.00000000 -19.64500618 5.11831449 15.48577862 -0.03152930 0.87283576 0.05360371 0.48403542
0.00000000 -19.30583374 5.08688072 15.29108586 -0.02889353 0.88697429 0.03666496 0.45945344
0.00000000 -18.82939573 5.17465357 15.05014341 -0.03129089 0.86923226 0.04088100 0.49171628
0.00000000 -18.45835522 5.23702759 14.86698450 -0.04818817 0.85745772 0.04581536 0.51024025
0.00000000 -18.17304385 5.27102927 14.72758016 -0.03317996 0.86833894 0.01434996 0.49465205
0.00000000 -17.52015591 5.35617386 14.43031575 -0.01569919 0.85316978 0.02598766 0.52074898
0.00000000 -17.01342255 5.39998189 14.19681006 -0.03992325 0.84549320 0.01972151 0.53212635
0.00000000 -16.48062923 5.47183723 13.90960217 -0.02889622 0.87488620 0.01803523 0.48312925
0.00000000 -16.07583583 5.54566686 13.70180369 0.00860367 0.89024663 0.02184003 0.45487353
0.00000000 -15.40577169 5.60134092 13.32094900 -0.02459227 0.90323108 0.01895072 0.42803004
0.00000000 -15.12315487 5.59288118 13.13675910 -0.02249444 0.92188132 0.02556103 0.38597340
0.00000000 -14.87921645 5.64955525 12.93366126 -0.01964523 0.93717992 0.01629600 0.34791135
0.00000000 -14.55532915 5.66935208 12.68584427 -0.02725240 0.92117277 0.02761205 0.38721520
0.00000000 -13.94401642 5.77785320 12.25792239 -0.04827708 0.93085369 -0.00136009 0.36218626
0.00000000 -13.61225504 5.78699527 11.97116331 -0.04043688 0.94209149 0.01251624 0.33267375
0.00000000 -12.97924106 5.86711858 11.53822181 -0.04328838 0.95152849 0.00436932 0.30446767
0.00000000 -12.65217156 5.90209307 11.29516901 -0.02356563 0.97355153 -0.01235570 0.22691281
0.00000000 -12.41048402 5.92771501 11.04164212 -0.01739181 0.98333470 -0.00000635 0.18097067
0.00000000 -12.10269744 5.97469778 10.69518898 -0.00116928 0.98667399 0.00637484 0.16258054
0.00000000 -11.95369814 5.97569142 10.48483131 -0.00899692 0.99336173 -0.00678200 0.11447937
0.00000000 -11.76688906 6.04032354 10.05141536 -0.02720753 0.99843875 -0.01126626 0.04746459
0.00000000 -11.70792743 6.02539415 9.86888651 -0.02295273 0.99952671 -0.00506409 0.01984667
0.00000000 -11.67973001 5.91888447 9.82992814 -0.00311569 0.99998431 0.00451360 -0.00113958
0.00000000 -11.54515121 6.06363341 9.11045709 -0.01178106 0.99910637 -0.01076385 -0.03913837
0.00000000 -11.51845683 6.08455318 8.94215968 -0.01601806 0.99749174 -0.01985027 -0.06602743
0.00000000 -11.50149336 6.09744157 8.75921613 -0.01176248 0.99338821 -0.03346507 -0.10918607
0.00000000 -11.49369044 6.09208577 8.58554488 -0.01321273 0.98707484 -0.04458905 -0.15336395
0.00000000 -11.49263733 6.07628207 8.42654875 -0.02117250 0.98323986 -0.02157094 -0.17979375
0.00000000 -11.30205766 5.92482123 8.45838264 -0.00494040 0.97589262 -0.02100265 -0.21718214
0.00000000 -11.55305880 6.14257960 7.99255064 -0.00904862 0.97246205 -0.02900891 -0.23107179
0.00000000 -11.62652218 6.12709674 7.74189503 -0.01565513 0.96665092 -0.01637537 -0.25509362
0.00000000 -11.73038015 6.11863658 7.50866551 -0.03723519 0.95119530 -0.02752262 -0.30509597
0.00000000 -11.79585143 6.11366672 7.42824983 -0.03764540 0.93864468 -0.04005477 -0.34047703
0.00000000 -11.81658439 6.12615949 7.36682212 -0.04301056 0.93009856 -0.04717043 -0.36172048
0.00000000 -11.65856119 5.97826443 7.41932242 -0.01481633 0.91857296 -0.03656901 -0.39327712
0.00000000 -11.79439450 5.98388521 7.18037428 0.00164846 0.89753107 -0.01862939 -0.44055443
0.00000000 -12.07343623 5.93194543 6.81851194 0.00618678 0.88711438 -0.03058760 -0.46049343
0.00000000 -12.65113792 6.16472356 6.27195923 -0.03490022 0.87744435 -0.04838424 -0.47595416
0.00000000 -12.86078115 6.19037530 6.11251389 0.04178415 -0.85566293 0.05526030 0.51287555
0.00000000 -12.86281139 6.03361793 6.11669067 0.00654444 -0.85087022 0.05475783 0.52247356
0.00000000 -13.43869992 6.18944830 5.78828775 0.03150214 -0.85746424 0.05402976 0.51072837
0.00000000 -13.39081978 6.01331630 5.80299557 -0.00562859 0.87000334 -0.05331706 -0.49012224
0.00000000 -13.86892594 6.14734701 5.42001077 0.04736688 -0.86155385 0.06450520 0.50131868
0.00000000 -13.91909075 6.00561026 5.43974307 0.03545722 -0.85047686 0.05613239 0.52180556
0.00000000 -14.33727950 6.09041037 5.21722144 0.04381404 -0.83858480 0.05676666 0.54003094
0.00000000 -14.47691156 6.08035620 5.12075813 0.01922170 -0.84759880 0.06579047 0.52619237
0.00000000 -14.56663967 6.06512119 5.03945190 0.02650040 -0.85366842 0.05072467 0.51766298
0.00000000 -14.55550924 5.99749580 5.01516992 0.00226749 -0.86146752 0.06567951 0.50354223
0.00000000 -14.99770218 6.05362428 4.73430909 0.03718357 -0.83401529 0.06612212 0.54650136
0.00000000 -15.22531234 6.07692884 4.64787396 0.04259843 -0.83355131 0.07404640 0.54579732
0.00000000 -15.30313766 6.00480337 4.59014225 0.03995212 -0.82126007 0.07965619 0.56355178
0.00000000 -15.44687382 6.00024457 4.55588380 0.04619680 -0.80487242 0.07255651 0.58718123
0.00000000 -15.60200724 5.94849303 4.50484496 0.03726857 -0.79413393 0.08484307 0.60063634
0.00000000 -15.78623502 5.93195948 4.37539935 0.01946757 -0.80814803 0.08544078 0.58242395
0.00000000 -15.87119273 5.88531113 4.29148261 0.03534764 -0.81439269 0.06743548 0.57529779
0.00000000 -16.02768879 5.85787430 4.14706850 0.05061454 -0.81590633 0.05128488 0.57367664
0.00000000 -15.92939577 4.53249831 4.07816275 -0.06837370 -0.80534984 0.08304944 0.58295752
0.00000000 -16.32275108 5.69847808 3.77619776 0.04090055 -0.80954931 0.06754879 0.58171662
0.00000000 -16.39819010 5.62799020 3.64280710 0.02765616 -0.81349957 0.07070753 0.57658827
0.00000000 -16.47348609 5.60768684 3.54884522 0.01552470 -0.81812878 0.07490726 0.56992384
0.00000000 -16.54303484 5.51943930 3.47794331 0.00638350 -0.82360529 0.08882790 0.56012782
0.00000000 -16.57936195 5.48355811 3.40108077 -0.00645746 -0.83262432 0.08104480 0.54783828
0.00000000 -16.61587877 5.43953946 3.33644120 -0.00527637 -0.83732278 0.07952183 0.54086875
0.00000000 -16.57720905 5.36161892 3.27665314 -0.01300869 -0.84446435 0.07977074 0.52947840
0.00000000 -16.63453228 5.35478620 3.19000197 0.00926306 -0.84697348 0.06882909 0.52707938
0.00000000 -16.68212351 5.33944637 3.11729447 0.01215153 -0.84646811 0.07158280 0.52746563
0.00000000 -16.76879912 5.35495158 3.00960338 0.00335929 -0.84327403 0.08158454 0.53124532
0.00000000 -16.86586222 5.33904051 2.89223401 0.00509369 -0.83490935 0.07048715 0.54583147
0.00000000 -16.92877744 5.31541666 2.82523562 0.00660561 -0.83013555 0.07515434 0.55243385
0.00000000 -16.98190511 5.32416848 2.77284840 0.01374135 -0.82625149 0.07381511 0.55827501
0.00000000 -17.06539340 5.33261663 2.69580912 0.01953874 -0.81891494 0.07457510 0.56871355
0.00000000 -17.15081957 5.32870314 2.58950118 0.00692949 -0.81669198 0.08044009 0.57139792
0.00000000 -17.20321172 5.34322889 2.51972451 0.00294775 -0.81462592 0.08511286 0.57370003
0.00000000 -17.24670975 5.35776602 2.46148610 0.00256206 -0.81344176 0.08326996 0.57564924
0.00000000 -17.27937833 5.35586372 2.39969126 -0.00756671 -0.81716574 0.08288835 0.57036165
0.00000000 -17.30673386 5.35439864 2.35909944 0.00068976 -0.81683479 0.07998196 0.57129968
0.00000000 -17.32727304 5.34834894 2.30086720 -0.01167701 -0.82316725 0.07408630 0.56282372
0.00000000 -17.33721608 5.35198294 2.28472560 -0.01090622 -0.82341135 0.07388819 0.56250808
0.00000000 -17.36120252 5.34344383 2.24639560 -0.00251948 -0.82126098 0.07355527 0.56578590
0.00000000 -17.47027096 5.34112431 2.12775214 0.00509325 -0.81308556 0.07391424 0.57741026
0.00000000 -17.55633822 5.33735723 2.05945555 0.00883009 -0.79804171 0.07405111 0.59796981
0.00000000 -17.60409470 5.53395408 2.55042374 0.00153545 -0.82247999 0.10646919 0.55873841
0.00000000 -17.07530385 5.18416939 2.47556310 -0.08586224 -0.77984677 0.15550769 0.60023666
0.00000000 -16.72232025 5.04077527 2.62927398 -0.02157400 -0.78542274 0.06983216 0.61462927
0.00000000 -16.78935438 5.05296601 2.58903106 -0.01800580 -0.78042671 0.06516018 0.62158192
0.00000000 -16.83503894 5.02672312 2.54906886 -0.02726959 -0.77713984 0.06543354 0.62532271
0.00000000 -16.91000258 5.02646417 2.50249592 -0.02479888 -0.76824871 0.06278888 0.63658189
0.00000000 -16.95768004 5.04184215 2.47318918 -0.02597849 -0.76340408 0.07203820 0.64136559
0.00000000 -17.00999515 5.03571674 2.44314034 -0.02913910 -0.75912950 0.07300071 0.64617661
0.00000000 -17.04401420 5.03507449 2.43090258 -0.03082179 -0.75932948 0.07393275 0.64575747
0.00000000 -17.06867440 5.05016739 2.40705302 -0.03555516 -0.75895310 0.08652688 0.64439051
0.00000000 -17.13038628 5.03708781 2.37310055 -0.02908354 -0.75391297 0.09527221 0.64937862
0.00000000 -17.19992586 5.03826402 2.32888076 -0.04172996 -0.75907094 0.08760800 0.64373500
0.00000000 -17.21640950 5.03303615 2.32068513 -0.04124608 -0.75921166 0.08723611 0.64365075
0.00000000 -17.27156040 5.02741790 2.28884121 -0.02945118 -0.75836861 0.08729136 0.64528281
0.00000000 -17.33120964 5.02732528 2.26407160 -0.03707087 -0.76296775 0.08089635 0.64028254
0.00000000 -17.39400621 5.02324355 2.22917379 -0.03357700 -0.76291938 0.07333888 0.64144213
0.00000000 -17.42840816 5.01974930 2.20081426 -0.02466774 -0.75722355 0.06801556 0.64913626
0.00000000 -17.56797634 5.03447255 2.12089476 -0.02636542 -0.73497963 0.06461489 0.67448849
0.00000000 -17.70693569 5.03592297 2.04445469 -0.03162747 -0.70436142 0.05607851 0.70691576
0.00000000 -17.77740626 5.03362945 2.01871406 -0.03076090 -0.68800367 0.04894021 0.72340139
0.00000000 -17.93527132 5.02354836 1.96328694 -0.03817511 -0.66449616 0.04747189 0.74480462
0.00000000 -18.07771470 5.03384607 1.93227994 -0.04296166 -0.64624659 0.04878265 0.76035511
0.00000000 -18.30948980 5.06543557 1.89702347 -0.05760300 -0.64817152 0.05088165 0.75760586
0.00000000 -18.46245041 5.00781830 1.81053335 -0.06530164 -0.65343715 0.05503680 0.75214795
0.00000000 -18.82245840 5.04531210 1.77716749 -0.05475102 -0.62927844 0.05188101 0.77351104
0.00000000 -19.05770181 5.01295915 1.75863547 -0.06447087 -0.60888184 0.06140360 0.78824869
0.00000000 -19.64607020 5.14639762 1.89832952 -0.07274807 -0.61276927 0.06541221 0.78418288
0.00000000 -19.82903232 5.07227747 1.86432959 -0.07232995 -0.62133320 0.06619675 0.77738756
0.00000000 -20.15412376 5.11966455 1.91362664 -0.05945503 -0.60820297 0.07443086 0.78804460
-0.00781250 -20.46380549 5.13242225 1.98961268 -0.06385602 -0.58292667 0.06423408 0.80746077
0.00000000 -20.99113177 5.25534912 2.16450907 -0.07437915 -0.59247379 0.06259648 0.79970259
0.00000000 -21.05324324 5.20652762 2.12448348 -0.08601569 -0.60392935 0.06341122 0.78984154
0.00000000 -21.43030259 5.25440350 2.24048372 -0.06676117 -0.61303228 0.05401187 0.78537704
0.00000000 -21.71872257 5.29533572 2.27446939 -0.06314058 -0.58851381 0.06325120 0.80353223
0.00000000 -21.32326824 5.31634089 2.22197284 -0.05450285 -0.58440491 0.06143996 0.80729516
0.00000000 -22.09069328 5.27784628 2.43891083 -0.07989958 -0.58454027 0.07453290 0.80397362
0.00000000 -22.86597142 5.36546455 2.60243734 -0.06510368 -0.61069876 0.07323542 0.78577676
0.00000000 -22.70419993 5.35452911 2.62346839 -0.09381622 -0.61843674 0.10214638 0.77349895
0.00000000 -23.38161938 5.41754348 2.72918146 -0.05134850 -0.61022263 0.08132521 0.78637007
0.00000000 -23.41874112 5.43742679 2.79053307 -0.08950953 -0.58853921 0.11070256 0.79583578
0.00000000 -24.13110217 5.50916192 2.95569044 -0.07819463 -0.59696218 0.09508281 0.79276794
0.00000000 -24.32728038 5.55437812 3.00290388 -0.09880941 -0.61003764 0.11641915 0.77752001
0.00000000 -24.74203385 5.59633476 3.09009619 -0.05579108 -0.60411567 0.09896961 0.78875638
0.00000000 -24.82446934 5.61682843 3.12544681 -0.07208740 -0.58378964 0.11282397 0.80078950
0.00000000 -25.07707013 5.62610578 3.22071799 -0.08187151 -0.57030077 0.10441698 0.81064862
0.00000000 -25.51082720 5.69205829 3.32803861 -0.07570265 -0.58481462 0.11177791 0.79985415
0.00000000 -25.55368464 5.70545113 3.33856603 -0.08640669 -0.59262848 0.10340196 0.79412430
0.00000000 -25.66903030 5.72186505 3.38877137 -0.11099954 -0.61151036 0.12109706 0.77399592
0.00000000 -26.26749475 5.80667244 3.51368496 -0.06537420 -0.60556547 0.10870894 0.78562016
0.00000000 -26.28541415 5.81299878 3.53619649 -0.08673234 -0.58726457 0.11733857 0.79613409
0.00000000 -26.67469131 5.85911248 3.66702092 -0.09497627 -0.56138173 0.10772893 0.81499972
0.00000000 -27.14630866 5.93867135 3.78165237 -0.11289542 -0.57668788 0.13628941 0.79756562
0.00000000 -28.01729972 6.00835372 3.99506420 -0.09661788 -0.56759944 0.12433742 0.80810647
0.00000000 -28.32824332 6.01721706 4.09996058 -0.10629501 -0.56037487 0.11722464 0.81298202
0.00000000 -28.82596397 6.08811743 4.23051187 -0.10270446 -0.57573074 0.12642490 0.80125068
0.00000000 -29.00990639 6.04558499 4.30703112 -0.11362734 -0.59051996 0.13610715 0.78730543
0.00000000 -29.43366758 6.16632605 4.42639229 -0.07275364 -0.57642421 0.12180425 0.80473956
0.00000000 -29.49320147 6.10773814 4.47246772 -0.09652757 -0.55640351 0.12886597 0.81516325
0.00000000 -29.91824464 6.11811883 4.59952211 -0.10803478 -0.55755212 0.12250627 0.81391421
0.00000000 -30.31329790 6.26147225 4.69419605 -0.09387992 -0.57198463 0.12551936 0.80514908
0.00000000 -30.40814497 6.19897536 4.73396317 -0.11996651 -0.58040408 0.12213538 0.79612944
0.00000000 -30.80796432 6.22751645 4.83320044 -0.10280696 -0.59188073 0.13147398 0.78855724
0.00000000 -31.12156117 6.27132844 4.89615976 -0.10942654 -0.57372495 0.13218487 0.80086995
0.00000000 -31.86529313 6.33980440 5.13144933 -0.09853846 -0.56061449 0.14888496 0.80860054
0.00000000 -32.08271831 6.34414149 5.19887273 -0.09695221 -0.57796083 0.13682602 0.79864897
0.00000000 -32.28132967 6.33059390 5.22655996 -0.10443509 -0.59239998 0.14423944 0.78571659
0.00000000 -32.77496694 6.37978540 5.33112016 -0.10620262 -0.57400204 0.15134338 0.79770787
0.00000000 -33.36935715 6.44498511 5.53925970 -0.10212117 -0.57444596 0.14540967 0.79902386
0.00000000 -33.53217771 6.44641094 5.53351981 -0.12991465 -0.57431038 0.16842165 0.79052129
0.00000000 -33.93461487 6.45347893 5.63584393 -0.11042075 -0.59487262 0.16156279 0.77963536
0.00000000 -34.23242554 6.49254645 5.67494323 -0.10524795 -0.57188256 0.18194601 0.79294947
0.00000000 -34.69345177 6.50643467 5.80495612 -0.12056803 -0.55953800 0.17277374 0.80157957
0.00000000 -35.13902494 6.54215647 5.90740610 -0.14619868 -0.56934352 0.20194985 0.78338379
0.00000000 -35.50592344 6.51691502 6.00439106 -0.14972692 -0.57150079 0.20912711 0.77925256
0.00000000 -36.08360622 6.56235026 6.14457002 -0.17047043 -0.55984925 0.20713164 0.78396756
0.00000000 -36.57599337 6.61797860 6.25806042 -0.20135010 -0.54369474 0.22665434 0.78261227
0.00000000 -36.93218614 6.77309282 6.46205622 -0.14606422 -0.59143967 0.15678732 0.77735584
0.00000000 -37.11135422 6.63134783 6.43470654 -0.17355303 -0.54743086 0.23096850 0.78539949
0.00000000 -37.51639478 6.66389739 6.53292206 -0.19340882 -0.53413885 0.24148847 0.78674776
0.00000000 -37.83737933 6.85200636 6.70578891 -0.13732908 -0.55357215 0.18140696 0.80111804
0.00000000 -37.97309242 6.86605228 6.75335506 -0.14125578 -0.55753402 0.19364568 0.79479807
0.00000000 -38.04285821 6.86729838 6.77589791 -0.15151212 -0.56480921 0.19069291 0.78846106
0.00000000 -38.27005697 6.90517056 6.83993136 -0.15688042 -0.57999883 0.19092435 0.77623307
0.00000000 -38.54546515 6.95564368 6.91729272 -0.14030558 -0.57431586 0.20033060 0.78124471
0.00000000 -38.75179060 6.91794789 6.95790216 -0.17363743 -0.53845120 0.23434719 0.79057052
0.00000000 -39.14979621 6.99751769 7.09851960 -0.14591126 -0.55150676 0.20207186 0.79606354
0.00000000 -39.39887147 7.04486180 7.16479263 -0.15109027 -0.56459352 0.20921419 0.78398681
0.00000000 -39.63932280 7.07068871 7.25048718 -0.16529551 -0.58511753 0.17821441 0.77366304
0.00000000 -39.84656118 7.09012355 7.32074124 -0.14547592 -0.58357511 0.18188050 0.77794365
0.00000000 -40.10352979 7.12586745 7.38368310 -0.13680768 -0.56363305 0.19756376 0.79029741
0.00000000 -40.35091122 7.12920409 7.46589971 -0.15062916 -0.55929722 0.19322797 0.79193461
0.00000000 -40.62769976 7.17369642 7.55485510 -0.15141801 -0.55235606 0.20568056 0.79351804
0.00000000 -40.67106454 7.28893721 7.73923533 -0.15625110 -0.59049978 0.19606584 0.76710741
0.00000000 -40.57322571 7.35736946 7.87775343 -0.15892529 -0.59380314 0.18311299 0.76720937
0.00000000 -40.66364007 7.35869260 7.90361125 -0.16738680 -0.60038515 0.18420472 0.75999207
0.00000000 -40.77482670 7.36547999 7.93513805 -0.15663758 -0.59978352 0.18260574 0.76313795
0.00000000 -41.05925901 7.41178926 7.99483157 -0.14344225 -0.58853905 0.19034325 0.77253839
0.00000000 -41.24391041 7.43084174 8.04344220 -0.15528693 -0.57895205 0.19630719 0.77599226
0.00000000 -41.27068952 7.52472755 7.99341030 -0.16478000 -0.56937977 0.23196923 0.77126163
0.00000000 -41.59531578 7.50107666 8.05188221 -0.16569993 -0.55648608 0.22314083 0.78299103
0.00000000 -41.96150834 7.49997470 8.23107352 -0.15467998 -0.57825489 0.19864169 0.77603922
0.00000000 -42.19144644 7.51443980 8.30261737 -0.14826705 -0.59326543 0.19120834 0.76778408
0.00000000 -42.41946998 7.54070584 8.35759163 -0.13326275 -0.58725280 0.20317073 0.77207308
0.00000000 -42.69298522 7.57678011 8.41807234 -0.13931647 -0.56795983 0.20896401 0.78380265
0.00000000 -42.85879017 7.56674783 8.44486991 -0.16172930 -0.55842984 0.24146791 0.77697683
0.00000000 -43.14354775 7.62730124 8.55553770 -0.16863765 -0.55729364 0.22572225 0.78104712
0.00000000 -43.27659285 7.65237725 8.59263754 -0.16652428 -0.55952602 0.23754372 0.77638475
0.00000000 -43.40890330 7.66354825 8.62992468 -0.17109041 -0.57386203 0.23060355 0.76696313
0.00000000 -43.57477626 7.66897438 8.68443090 -0.17176949 -0.58884072 0.22715453 0.75641435
0.00000000 -43.76665136 7.68618991 8.71364936 -0.16381290 -0.59512386 0.22823189 0.75292970
0.00000000 -44.08462223 7.73905485 8.81875137 -0.15724978 -0.57309638 0.23038158 0.77055653
0.00000000 -44.22938395 7.73333226 8.86507152 -0.15981979 -0.56729972 0.23530829 0.77282513
0.00000000 -44.36667666 7.73943912 8.91761514 -0.16455297 -0.56157411 0.22203860 0.77990749
0.00000000 -44.59401967 7.78382694 9.01577190 -0.17841140 -0.55659445 0.25375970 0.77069969
0.00000000 -44.71867449 7.80921691 9.07719140 -0.18567240 -0.55404868 0.26371750 0.76746915
0.00000000 -44.78916509 7.81826252 9.10964393 -0.17921191 -0.56262700 0.25805380 0.76468437
0.00000000 -44.85975050 7.80902948 9.13819961 -0.17927353 -0.56924254 0.26327931 0.75796302
0.00000000 -44.91885333 7.80717670 9.16090751 -0.16830218 -0.57160798 0.26335277 0.75867254
0.00000000 -45.01749394 7.82243915 9.19266318 -0.16122702 -0.57992946 0.25664644 0.75618799
0.00000000 -45.08639848 7.82959315 9.20923354 -0.15748371 -0.58267108 0.25888358 0.75410383
0.00000000 -45.16950464 7.84862007 9.22923266 -0.15348202 -0.57739750 0.25679985 0.75967706
0.00000000 -45.25469571 7.86498745 9.25221675 -0.15187604 -0.57225931 0.25519534 0.76441369
0.00000000 -45.34236971 7.87193183 9.27882113 -0.15661374 -0.57358275 0.25301243 0.76319046
0.00000000 -45.42004868 7.87371882 9.30880103 -0.14802592 -0.56987902 0.25507840 0.76698191
0.00000000 -45.49635243 7.87167325 9.33906893 -0.15571936 -0.57647766 0.25917717 0.75911276
0.00000000 -45.72689052 7.90356521 9.44271727 -0.15209900 -0.58611411 0.25781438 0.75290630
0.00000000 -45.89495463 7.93735167 9.48584611 -0.15821322 -0.59053318 0.27589765 0.74170049
0.00000000 -45.97994067 7.95249150 9.50906937 -0.16013389 -0.58984405 0.27927084 0.74057338
0.00000000 -45.93641846 7.96559492 9.64709778 -0.14377565 -0.61242708 0.25658925 0.73377353
0.00000000 -45.89565408 7.97193310 9.78810492 -0.13829989 -0.61577815 0.24277092 0.73671751
0.00000000 -45.96307500 7.97172752 9.81802421 -0.12845759 -0.61937780 0.24638400 0.73427837
0.00000000 -46.03276555 7.98400467 9.84596943 -0.11691469 -0.62625196 0.23374223 0.73450936
0.00000000 -46.17683303 7.99607160 9.89381794 -0.09768905 -0.62771560 0.24606425 0.73203986
0.00000000 -46.31561969 8.00371919 9.93772625 -0.08782159 -0.61386273 0.24785012 0.74433207
0.00000000 -46.47636695 8.00626216 10.00789698 -0.08175742 -0.63128682 0.23073648 0.73590308
0.00000000 -46.56076324 8.00669352 10.02878936 -0.08348117 -0.64561135 0.23873237 0.72057182
0.00000000 -46.66968095 8.01366224 10.04570772 -0.08548802 -0.67369199 0.24427861 0.69221302
0.00000000 -46.72216939 8.02210839 10.05826196 -0.08602668 -0.69282500 0.25192244 0.67017014
0.00000000 -46.78976947 8.03111641 10.07310788 -0.07895913 -0.71897168 0.25754502 0.64071503
0.00000000 -46.85480280 8.03176692 10.08685261 -0.07673038 -0.75065353 0.26517520 0.60026148
0.00000000 -46.93205956 8.02582321 10.09593790 -0.05280646 -0.78107099 0.26382203 0.56350468
0.00000000 -46.96415927 8.01681948 10.10026928 -0.05484346 -0.79530960 0.26942649 0.54026308
0.00000000 -47.01683047 8.00965481 10.11134829 -0.04410227 -0.80940460 0.26689353 0.52123605
0.00000000 -47.07506560 7.99786155 10.11075780 0.03967249 0.82420407 -0.26914589 -0.49666309
0.00000000 -47.10486353 7.99817436 10.11086326 0.03811000 0.83066118 -0.26667128 -0.48727410
0.00000000 -47.18953646 7.98942108 10.10195773 0.03133100 0.83172428 -0.27903219 -0.47895107
0.00000000 -47.25013469 7.49376320 10.61656617 0.24605250 0.84284132 -0.28779892 -0.38242445
0.00000000 -47.16684568 7.03550746 10.85212719 0.35448933 0.83409652 -0.28770494 -0.30959033
0.00000000 -47.08606118 7.65504694 9.57091661 0.05812295 0.80509579 -0.34875860 -0.47624566
0.00000000 -47.10508649 7.65079661 9.57242303 0.05573885 0.80569619 -0.35191833 -0.47318107
0.00000000 -47.12627935 7.64160147 9.57678424 0.05815013 0.80985293 -0.35204550 -0.46564017
0.00000000 -47.22210688 7.62605369 9.57779786 0.05697965 0.82559994 -0.35417663 -0.43554216
0.00000000 -47.28395645 7.62573940 9.57254068 0.06639095 0.83358481 -0.35865920 -0.41483995
0.00000000 -47.39041735 7.61424988 9.57686140 0.06521914 0.85024003 -0.34279844 -0.39411620
0.00000000 -47.45598793 7.59831319 9.55477672 0.04827855 0.85826721 -0.32784563 -0.39187220
0.00000000 -47.52197728 7.57802125 9.53555363 0.05114460 0.86591422 -0.33211641 -0.37050706
0.00000000 -47.57565608 7.55158842 9.51533754 0.05638755 0.87331351 -0.33164438 -0.35235773
0.00000000 -47.73214634 7.43871067 9.40218907 0.05807057 0.86312700 -0.35226763 -0.35713737
0.00000000 -47.83398991 7.33583279 9.30200546 0.06300199 0.85840271 -0.35737064 -0.36257656
0.00000000 -47.94388811 7.23837541 9.21749324 0.06788598 0.85251912 -0.36515472 -0.36778345
0.00000000 -48.01711341 7.19085940 9.17434285 0.06766754 0.83878358 -0.39129889 -0.37248945
0.00000000 -48.05304553 7.17203927 9.16317695 0.08287719 0.82989664 -0.39368408 -0.38654337
0.00000000 -48.05904003 7.16293185 9.14995655 0.08992992 0.81567038 -0.37501922 -0.43122503
0.00000000 -48.07160132 7.14324710 9.14692120 0.09714956 0.79102342 -0.37061903 -0.47695434
0.00000000 -48.08614833 7.13988821 9.14641263 -0.09939850 -0.76530863 0.35732457 0.52606254
0.00000000 -48.09057077 7.13576733 9.14727351 -0.10945812 -0.75444227 0.35137786 0.54347895
0.00000000 -48.09578276 7.13861928 9.15257461 -0.12043319 -0.73960192 0.34523924 0.56506170
0.00000000 -48.11374513 7.13322410 9.15123367 -0.13329957 -0.72185895 0.33612564 0.59005969
0.00000000 -48.10428372 7.15302990 9.16748932 -0.14891183 -0.70942143 0.32569551 0.60701642
0.00000000 -48.10239173 7.16474023 9.19794387 -0.15729501 -0.69629606 0.32234944 0.62170807
0.00000000 -48.05441662 7.19276777 9.21241754 -0.16116763 -0.68178284 0.31811129 0.63875063
726.42802814 -48.00912273 7.22150408 9.24156444 -0.16363827 -0.66766618 0.31787155 0.65299469
0.00000000 -47.96220583 7.24646283 9.27654768 -0.16769075 -0.66944298 0.30541023 0.65608726
0.00000000 -47.92268245 7.28121918 9.31170192 -0.17449709 -0.65630706 0.29824237 0.67071849
0.00000000 -47.86347915 7.41935124 9.29203728 -0.17249003 -0.63223033 0.34199428 0.67347748
0.00000000 -48.48327319 7.07014420 9.07354644 -0.19590931 -0.60390908 0.29009333 0.71607208
0.00000000 -48.53679402 7.31288887 9.06046989 -0.15793112 -0.64098756 0.31853931 0.68023924
0.00000000 -48.99733800 6.01696353 9.58256179 -0.36498197 -0.36659768 0.56606574 0.64184412
0.00000000 -49.28602463 6.72795130 8.98986264 -0.24761948 -0.53203456 0.37579826 0.71721649
0.00000000 -49.27351058 6.76519642 9.02108510 -0.26704617 -0.50928885 0.37247004 0.72840735
0.00000000 -49.24672437 6.80589581 9.04376284 -0.27677803 -0.49315813 0.35764314 0.74315568
0.00000000 -49.24649363 6.82935432 9.04976613 -0.27922644 -0.48793733 0.35082710 0.74891262
0.00000000 -49.24628247 6.89725116 9.09499112 -0.29661085 -0.48103889 0.33733452 0.75288048
0.00000000 -49.25300188 6.95415874 9.12744744 -0.29620466 -0.47467980 0.31948857 0.76476724
0.00000000 -49.26202977 6.98940306 9.14983305 -0.30096045 -0.47101714 0.30632275 0.77054009
0.00000000 -49.28952662 7.04439833 9.19415713 -0.30752411 -0.46037489 0.30451547 0.77508336
0.00000000 -49.33160270 7.08933485 9.23522235 -0.31300661 -0.45050202 0.30040872 0.78027520
0.00000000 -49.39008587 7.12947171 9.27887600 -0.32411491 -0.43734168 0.30580261 0.78113158
0.00000000 -49.48071917 7.18041088 9.32186130 -0.31768230 -0.42319548 0.30511206 0.79176397
0.00000000 -49.57999428 7.21237185 9.38243840 -0.30580804 -0.41326734 0.31135060 0.79921984
0.00000000 -49.70994396 7.26289671 9.47069921 -0.31583149 -0.40245972 0.31404565 0.79978246
0.00000000 -49.83315105 7.33524946 9.54452168 -0.31087739 -0.41641564 0.31796822 0.79300030
0.00000000 -49.92189618 7.38642451 9.60571902 -0.30302520 -0.42720628 0.33496490 0.78324264
0.00000000 -50.04857148 7.42074995 9.66346470 -0.30393307 -0.44940645 0.32665643 0.77392126
0.00000000 -50.20847820 7.46643419 9.72534476 -0.30443637 -0.47108950 0.32102200 0.76311077
0.00000000 -50.38273786 7.50400641 9.77044040 -0.30217853 -0.47114648 0.33123311 0.75960105
0.00000000 -50.60460351 7.51828300 9.84371756 -0.29107265 -0.47754340 0.34786268 0.75247629
0.00000000 -50.79055185 7.52294966 9.92444431 -0.28254800 -0.48619061 0.35894091 0.74494747
0.00000000 -50.93906304 7.53505975 9.96668891 -0.28111677 -0.49981575 0.36021886 0.73579885
0.00000000 -51.08265385 7.55365894 10.00977724 -0.27625386 -0.50321993 0.37929241 0.72566575
0.00000000 -51.17016800 7.55809097 10.03226083 -0.28698763 -0.51977336 0.37827447 0.71019869
0.00000000 -51.28237320 7.57693935 10.07297005 -0.27444177 -0.53654647 0.37495303 0.70442163
0.00000000 -51.35199962 7.58359703 10.10191869 -0.27028546 -0.54639581 0.37824063 0.69665732
0.00000000 -51.46625580 7.58422893 10.11842084 -0.26538246 -0.55153175 0.37133561 0.69820824
0.00000000 -51.55568590 7.60418765 10.15990078 -0.26719468 -0.55009148 0.37008747 0.69931512
0.00000000 -51.64200751 7.61705916 10.18859443 -0.26607320 -0.54405562 0.37613467 0.70123551
0.00000000 -51.80093447 7.61468426 10.22746163 -0.26213719 -0.53506977 0.36374918 0.71601045
0.00000000 -51.96018296 7.61672868 10.28221829 -0.26536806 -0.52430424 0.36811096 0.72054089
0.00000000 -52.00574141 7.61421316 10.29615314 -0.26863332 -0.52185051 0.36205411 0.72417194
0.00000000 -52.08808744 7.61313797 10.31182675 -0.27310623 -0.51642000 0.36005962 0.72737916
0.00000000 -52.22299141 7.62382904 10.32940321 -0.27747088 -0.51401038 0.36450807 0.72521521
0.00000000 -52.31433530 7.63203836 10.35723004 -0.27421855 -0.51383466 0.38424424 0.71633406
0.00000000 -52.39284441 7.63343900 10.37157651 -0.28260779 -0.52585456 0.37876673 0.70720972
0.00000000 -52.45249308 7.65279749 10.39980560 -0.27386992 -0.52771952 0.37632510 0.71055387
0.00000000 -52.53302864 7.66030813 10.42881290 -0.26994998 -0.53692466 0.38535159 0.70024501
0.00000000 -52.59807914 7.67918225 10.45275175 -0.26116104 -0.54734500 0.38625998 0.69499035
0.00000000 -52.67047770 7.67928855 10.46691561 -0.25399766 -0.55450770 0.38454478 0.69291537
0.00000000 -52.82304448 7.66687645 10.48155802 -0.25705673 -0.54509527 0.38556865 0.69866287
0.00000000 -52.90575331 7.65592138 10.51452997 -0.25695660 -0.52822313 0.38526350 0.71170616
0.00000000 -52.98866766 7.65144920 10.51577203 -0.26147197 -0.51390081 0.37725005 0.72472117
0.00000000 -53.07717630 7.64346685 10.53159251 -0.26503615 -0.49962586 0.37573092 0.73413631
0.00000000 -53.21602995 7.62865773 10.55827276 -0.28033385 -0.48802942 0.36866932 0.73981291
0.00000000 -53.43061702 7.64004119 10.59515603 -0.29465067 -0.47296405 0.36344529 0.74658791
0.00000000 -53.52873985 7.64374437 10.60569652 -0.29604903 -0.46921124 0.36485305 0.74771521
0.00000000 -53.61875515 7.64219771 10.62599860 -0.31095937 -0.48434852 0.35618734 0.73609874
0.00000000 -53.75631946 7.64015545 10.65254965 -0.31166421 -0.50183815 0.34534509 0.72921921
0.00000000 -53.88535512 7.64170444 10.69665263 -0.30647180 -0.51142731 0.35193290 0.72156799
0.00000000 -53.96844620 7.65070143 10.71769269 -0.29781546 -0.51128971 0.35739223 0.72260610
0.00000000 -54.09254889 7.65643199 10.73583681 -0.28932066 -0.50056708 0.36019902 0.73210847
0.00000000 -54.26884106 7.66546713 10.78325415 -0.29011374 -0.49061421 0.35236215 0.74227530
0.00000000 -54.46086442 7.67478522 10.84738542 -0.29549763 -0.47600484 0.34785874 0.75172790
0.00000000 -54.58810150 7.69704227 10.88268280 -0.29484317 -0.47056012 0.35121638 0.75384861
0.00000000 -54.69783516 7.70291305 10.90468981 -0.29372238 -0.47077319 0.36373334 0.74819638
0.00000000 -54.79257527 7.70019291 10.91670402 -0.29708819 -0.48097755 0.36240518 0.74098697
0.00000000 -54.85228570 7.72363925 10.95297499 -0.29267261 -0.48855629 0.35428357 0.74171332
0.00000000 -54.92818804 7.72935807 10.97335982 -0.29650865 -0.49224535 0.35730839 0.73627973
0.00000000 -55.04161966 7.72480524 10.99515671 -0.29325777 -0.49547578 0.35386423 0.73707783
0.00000000 -55.20628385 7.73159720 11.02302699 -0.29864112 -0.47271377 0.35564316 0.74891463
0.00000000 -55.27150648 7.73996756 11.04017643 -0.29901823 -0.45885126 0.35793656 0.75625726
0.00000000 -55.30267177 7.73879395 11.04851907 -0.29696534 -0.45262966 0.35547552 0.76195481
0.00000000 -55.41386238 7.73396289 11.07991660 -0.30879896 -0.44099026 0.34403265 0.76929340
0.00000000 -55.48854367 7.73178740 11.09963191 -0.31266723 -0.43418163 0.33951555 0.77359854
0.00000000 -55.54250184 7.72928450 11.11993238 -0.31940551 -0.42986510 0.33663603 0.77451423
0.00000000 -55.61462561 7.72846167 11.14271914 -0.32427287 -0.41551933 0.33610405 0.78052858
0.00000000 -55.67328279 7.73666988 11.14937158 -0.32551305 -0.40554813 0.33681858 0.78493644
0.00000000 -55.77164173 7.75525030 11.16795954 -0.32825434 -0.39498039 0.34155902 0.78713215
0.00000000 -55.84473312 7.76548896 11.19961484 -0.32340775 -0.38240362 0.34749178 0.79273221
7.03095095 -55.88175059 7.77070599 11.21441686 -0.32803978 -0.38174554 0.35004546 0.79001799
0.00000000 -55.91639387 7.76672888 11.23881705 -0.32916589 -0.37512955 0.34242236 0.79603679
0.00000000 -55.93729523 7.78644209 11.24789522 -0.32372131 -0.37063385 0.32999341 0.80556776
0.00000000 -55.99739058 7.79604337 11.27305615 -0.32675267 -0.34889892 0.32860039 0.81456984
0.00000000 -56.01254441 7.82923486 11.30868546 -0.32898634 -0.34499946 0.32241448 0.81779720
0.00000000 -56.03160824 7.84037993 11.31990442 -0.33055970 -0.33965791 0.31205409 0.82339846
0.00000000 -56.06053711 7.86501045 11.35396402 -0.33437326 -0.32136420 0.29909640 0.83394299
0.00000000 -56.09382389 7.89644000 11.38044715 -0.34219730 -0.29756966 0.28681667 0.84385396
0.00000000 -56.10853600 7.91254818 11.38282894 -0.34677007 -0.28290380 0.28226820 0.84855208
0.00000000 -56.12245347 7.93109857 11.40546424 -0.35197632 -0.25893642 0.27138040 0.85756474
0.00000000 -56.13304347 7.93347885 11.41042002 -0.35416270 -0.24093947 0.26266658 0.86459425
0.00000000 -56.17213750 7.95262573 11.43360485 -0.35874699 -0.19678489 0.23508991 0.88165131
0.00000000 -56.21076103 7.95283091 11.44712728 -0.36529904 -0.14106704 0.20447143 0.89713329
0.00000000 -56.22559843 7.95991587 11.45970506 -0.36765339 -0.12426169 0.19620512 0.90049629
0.00000000 -56.23725066 7.96303344 11.46548918 -0.37008553 -0.10961890 0.18973796 0.90278453
0.00000000 -56.25994388 7.96891271 11.48167447 -0.37512738 -0.08377104 0.17383696 0.90666563
0.00000000 -56.27920490 7.97558950 11.49490205 -0.37711714 -0.05590819 0.15516951 0.91136127
-0.61142883 -56.29319677 7.98042587 11.50116790 -0.37924100 -0.02785873 0.14094564 0.91407575
0.00000000 -56.30291782 7.98969931 11.51087888 -0.38181272 -0.00407563 0.12851120 0.91525259
0.00000000 -56.31576017 8.00142364 11.52036276 -0.38854943 0.03391310 0.10220112 0.91511430
0.00000000 -56.31960822 8.00657849 11.51986139 -0.39322226 0.05206175 0.08774477 0.91376512
0.00000000 -56.32651181 8.02666353 11.53441559 -0.39794534 0.06980015 0.07440349 0.91171902
0.00000000 -56.33083186 8.05814502 11.55602332 -0.40134505 0.09021894 0.06393785 0.90922750
0.00000000 -56.31826420 8.18871375 11.63598615 -0.40997415 0.07930333 0.08158059 0.90497336
0.00000000 -56.31398283 8.27081938 11.69462905 -0.40363123 0.05702114 0.08962229 0.90873443
0.00000000 -56.31842471 8.38621122 11.75513084 -0.41773258 0.05079462 0.08596318 0.90306685
0.00000000 -56.33900871 8.52910880 11.83835369 -0.41741730 0.07368478 0.06376638 0.90347507
0.00000000 -56.44913036 8.32114385 11.67149580 -0.41718388 0.09317976 0.03769621 0.90324644
0.00000000 -56.43911087 8.62599725 11.89464474 -0.41442312 0.12523330 0.05248260 0.89989759
0.00000000 -56.34809659 9.13814834 12.26094601 -0.42496360 0.08694497 0.08020237 0.89744866
0.00000000 -56.43397553 9.32827936 12.25171868 -0.42135639 0.08097160 0.07430032 0.90021212
0.00000000 -56.44847045 9.49826480 12.31068059 -0.43621426 0.08914594 0.05798462 0.89353674
0.00000000 -56.40323896 9.66091764 12.37443826 -0.46861069 0.08962510 0.07299404 0.87581005
0.00000000 -56.32481395 9.82380121 12.43271578 -0.46307675 0.10230731 0.05903807 0.87841200
0.00000000 -56.32582470 9.82091147 12.42652020 -0.48291759 0.09038688 0.05572865 0.86920373
0.00000000 -56.38648810 9.74149231 12.40976330 -0.45876369 0.09869558 0.05408527 0.88140220
0.00000000 -56.40668024 9.64423968 12.34834664 -0.45005676 0.07859692 0.07130644 0.88667177
-0.00781250 -56.49430772 9.36481008 12.17906201 -0.47701890 0.08086187 0.10351360 0.86902201
0.00000000 -56.45410513 9.15069063 12.04160414 -0.49659887 0.07919270 0.11476262 0.85670743
0.00000000 -56.58926578 8.47708150 11.58243418 -0.48922305 0.06506539 0.13331083 0.85945071
0.00000000 -56.44071966 9.21331684 12.05064115 -0.44833696 0.09152299 0.13950143 0.87815538
0.00000000 -56.59943303 9.10129019 12.00975012 -0.43864095 0.08417634 0.10826878 0.88813644
0.00000000 -56.62469051 9.14929265 12.05743645 -0.43593370 0.08124444 0.10122686 0.89056964
0.00000000 -56.62378592 9.14798281 12.05586950 -0.44647678 0.07958233 0.09468192 0.88620566
0.00000000 -56.62558523 9.13064901 12.04522261 -0.45150316 0.07758973 0.09226146 0.88408854
0.00000000 -56.73424755 9.40481195 12.00795384 -0.43061346 0.09076795 0.07182868 0.89508316
0.00000000 -56.83674207 9.67764839 11.96328284 -0.41919672 0.08937303 0.06577237 0.90108855
0.00000000 -48.57640432 -11.49064055 -4.20741806 -0.42560302 0.07620687 0.03121627 0.90115489
0.00000000 -40.09067169 -32.62992449 -19.55881038 -0.42868809 0.06814860 0.01436868 0.90076403
0.00000000 -32.01845634 -54.65906364 -34.35775711 -0.43815252 0.06015563 -0.02540904 0.89652555
0.00000000 -24.16774851 -77.12238351 -48.85251613 -0.44248116 0.05152332 -0.04293841 0.89426622
0.00000000 -16.80326113 -100.33967938 -62.16500048 -0.44950449 0.02098999 -0.07844880 0.88957907
0.00000000 -9.52035537 -123.60437180 -74.69637142 -0.45241452 0.01100021 -0.09862205 0.88626959
0.00000000 -2.02656660 -147.24467609 -86.01546068 -0.45803180 -0.01940487 -0.13369502 0.87861025
0.00000000 4.93858412 -171.86514973 -97.35467408 -0.45988927 -0.02935579 -0.15333613 0.87414423
0.00000000 5.02217200 -171.78802378 -97.20663376 -0.46136285 -0.02920123 -0.15349303 0.87334501
0.00000000 5.32973208 -171.58852078 -96.82176446 -0.46223268 -0.02926622 -0.15384177 0.87282137
0.00000000 5.24873255 -171.56803852 -96.88638247 -0.45986424 -0.03114242 -0.15418887 0.87394555
0.00000000 5.24033373 -171.58110972 -96.88801025 -0.46186568 -0.03080773 -0.15447200 0.87285130
0.00000000 5.24663422 -171.56149804 -96.89683444 -0.46816290 -0.03040455 -0.15650655 0.86914024
0.00000000 5.23490367 -171.65281342 -96.92707564 -0.48244189 -0.02985301 -0.15952766 0.86076103
0.00000000 5.23872150 -171.63872046 -96.91366094 -0.48196626 -0.02960869 -0.15871301 0.86118641
0.00000000 5.28781561 -171.59693843 -96.81817003 -0.48184581 -0.02948568 -0.15781806 0.86142247
0.00000000 5.17588510 -171.76269141 -96.99660630 -0.48212960 -0.02521381 -0.15417336 0.86205910
0.00000000 5.09733632 -171.83209864 -97.11564549 -0.48258684 -0.02873816 -0.15262778 0.86196800
