0.00000000 -0.20487418 0.27229103 -0.32322791 0.00011799 0.00001541 0.00040125 0.99999991
0.00000000 -0.23283423 0.31138434 -0.25572565 0.00034642 -0.01483695 0.00126279 0.99988907
0.00000000 -0.23136101 0.30392604 -0.33041404 0.00051099 0.00606155 0.00113314 0.99998086
0.00000000 -0.21858845 0.29135810 -0.35116449 -0.01562011 0.03745006 0.00119392 0.99917570
0.00000000 -0.17014467 0.21567172 -0.02861319 -0.03402519 0.02071829 0.01235572 0.99912981
0.00000000 -0.16967353 0.15969457 -0.03696135 0.00343600 0.00768116 0.02284443 0.99970362
0.00000000 -0.17609610 0.05136335 -0.30957107 -0.01834500 0.01923913 -0.01119084 0.99958395
0.00000000 -0.21849283 -0.20445499 -0.16237879 -0.00598092 -0.00826212 -0.00033620 0.99994793
0.00000000 -0.26563000 -0.63511179 -0.43548715 0.01315775 -0.01527146 0.00564714 0.99978086
0.00000000 -0.46674731 -0.68334291 -0.20409735 0.05564813 -0.06470009 0.01089249 0.99629240
0.00000000 -0.77806541 -0.50575391 1.02436134 0.05869612 -0.02200054 0.01470074 0.99792516
0.00000000 -0.81221097 -0.35471041 1.65387599 0.08321224 -0.01438872 0.02025622 0.99622205
0.00000000 -0.75395807 -0.25019291 2.58822762 0.07236197 0.05684844 -0.01116825 0.99569437
0.00000000 -0.31706968 -0.23521410 3.31244891 0.05284362 0.22259752 0.00274248 0.97347335
0.00000000 -0.14053288 -0.22951571 3.14470966 0.04675189 0.43322546 -0.01623672 0.89992573
0.00000000 0.03272605 -0.26817047 3.21238309 0.05627718 0.53930122 -0.01831630 0.84003071
0.00000000 0.15316849 -0.27319838 3.23673157 0.05628745 0.59433722 -0.02032761 0.80198615
0.00000000 0.33238462 -0.28030043 3.31031335 0.06545823 0.64778851 -0.03297029 0.75828638
0.00000000 0.58699755 -0.27766755 3.34525903 0.03038070 0.67610264 -0.02922021 0.73560071
0.00000000 1.15211681 -0.25340543 3.35228340 0.03098110 0.71627184 -0.02395082 0.69672174
0.00000000 1.70707542 -0.21354548 3.31341627 0.00893807 0.70806299 -0.00532462 0.70607263
0.00000000 2.56796833 -0.24579357 3.23586646 0.03540848 0.71327728 -0.00743499 0.69994748
0.00000000 3.33866271 -0.23652189 3.17440452 0.02932721 0.69363465 -0.00674558 0.71969812
0.00000000 3.88323744 -0.25736725 3.24627778 0.00945027 0.68330369 0.00185093 0.73007078
0.00000000 4.87893378 -0.30207424 3.27220192 0.01272682 0.69629916 0.00002175 0.71763884
0.00000000 5.43357102 -0.33439534 3.30602920 -0.00311740 0.67691162 0.01767650 0.73584542
0.00000000 5.92748549 -0.36235887 3.30858776 0.00559292 0.66508582 0.01106580 0.74666399
0.00000000 6.56570796 -0.39746458 3.24732776 0.02338266 0.62905008 0.00330283 0.77700601
0.00000000 8.44090494 -0.37304765 3.70320794 0.04131077 0.64398577 0.01102148 0.76384179
0.00000000 9.38433022 -0.46899839 3.53576353 0.03235897 0.69517232 0.00776516 0.71807245
0.00000000 10.20152437 -0.47397344 3.46088522 0.01090120 0.72464431 0.00607022 0.68901012
0.00000000 11.62693930 -0.49163542 3.32476399 0.01193091 0.70313032 0.00782002 0.71091789
0.00000000 12.57454496 -0.50874267 3.06924959 0.00991796 0.68065164 0.01537369 0.73237875
0.00000000 13.33188363 -0.48263809 3.09549020 0.01348243 0.67059835 0.01551303 0.74153586
0.00000000 14.37247202 -0.43023445 2.97779330 0.01438778 0.68731284 0.03048027 0.72557908
0.00000000 15.13298307 -0.46378006 2.87230064 0.02908570 0.67155730 0.00638661 0.74035398
0.00000000 15.75715620 -0.43620473 2.95292186 0.01274255 0.67525451 0.02942187 0.73688759
0.00000000 18.71339274 -0.52836964 2.78386224 0.00056628 0.66075393 0.02793816 0.75008225
0.00000000 19.85451357 -0.49428715 2.67503151 0.01838775 0.69074020 0.01792889 0.72264681
0.00000000 20.99173323 -0.50872722 2.64731922 0.01070973 0.70168308 0.02161381 0.71208075
0.00000000 22.38225988 -0.55676145 2.49712119 -0.00519342 0.69031085 0.01566212 0.72332472
0.00000000 25.48170700 -0.69663210 2.19456983 -0.00323252 0.67861939 0.03869664 0.73346291
0.00000000 27.79085059 -0.60064332 2.00474150 -0.00058472 0.66331614 0.01947930 0.74808550
0.00000000 30.11998860 -0.48512666 2.03353388 0.01903139 0.64801332 0.02799032 0.76087652
0.00000000 32.25571790 -0.35047133 2.20792794 -0.00763959 0.65567959 0.02921569 0.75443513
0.00000000 34.68066261 -0.26847128 2.16126081 -0.00608514 0.66337989 0.00875059 0.74820687
0.00000000 36.32864659 -0.28911678 2.05785048 -0.00350360 0.65818451 0.02220824 0.75252088
0.00000000 38.61829620 -0.20391011 2.05565901 -0.00714796 0.64168274 0.00272172 0.76693204
0.00000000 40.07489602 -0.12472649 1.97447411 0.01197595 0.65123177 -0.00499288 0.75876797
0.00000000 41.58348133 -0.02417004 1.95587201 -0.01191715 0.66552636 0.01177723 0.74618626
0.00000000 42.67110655 0.03912540 1.95637359 -0.00803936 0.66560987 -0.00624819 0.74623041
0.00000000 44.04281514 0.18305299 1.94454841 -0.01881800 0.66136470 0.01978074 0.74956743
0.00000000 45.42486010 0.26447459 1.95880005 -0.04961665 0.65798592 0.03187203 0.75071758
0.00000000 46.67707780 0.37540089 1.97967052 -0.03198044 0.65041280 0.03235920 0.75821720
0.00000000 48.46904950 0.57469043 2.03119990 -0.03803005 0.66292894 0.03139850 0.74705627
0.00000000 49.41957412 0.66450725 2.06284713 -0.03119811 0.67503195 0.04933645 0.73547567
0.00000000 51.08470236 0.80958863 2.15008083 -0.01030078 0.64394173 0.01590491 0.76483984
0.00000000 52.40908495 0.96844555 2.18930837 -0.02006599 0.63365601 0.03344394 0.77263116
0.00000000 53.49974375 1.07968885 2.26400114 -0.02562124 0.65846740 0.03066673 0.75154760
0.00000000 54.90544124 1.26900376 2.47032404 -0.01711720 0.64406711 0.03630722 0.76391514
0.00000000 56.24817394 1.45367394 2.47832586 -0.01310837 0.64895037 0.01058081 0.76064423
0.00000000 57.37679719 1.56314271 2.43465158 -0.02053767 0.66915582 0.03154057 0.74216837
0.00000000 57.99556161 1.62846998 2.38335999 -0.01965565 0.71200359 0.02441080 0.70147606
0.00000000 58.75062204 1.71639483 2.19323346 -0.03078946 0.76998352 0.00183819 0.63731782
0.00000000 59.05839695 1.76113353 2.09560921 -0.02582659 0.84309937 -0.01029576 0.53703858
0.00000000 59.41001194 1.80799651 1.83302514 -0.01834223 0.90270662 -0.00889374 0.42977345
0.00000000 59.80999955 1.73151796 1.55212940 -0.03010993 0.93911222 -0.01406709 0.34199963
0.00000000 59.94090005 1.77864160 1.38425868 -0.01825764 0.96937377 -0.04408830 0.24090947
0.00000000 60.04136342 1.79219950 1.27901761 -0.01504207 0.98038219 -0.02575074 0.19483687
0.00000000 60.22899186 1.86912493 0.82574429 -0.01544028 0.99475750 -0.02280360 0.09848402
0.00000000 60.32769827 1.87051826 0.24147086 -0.04092314 0.99650006 -0.03560883 0.06359977
0.00000000 60.37743504 1.87040259 -0.23556578 -0.04068594 0.99765995 -0.04828532 -0.02622592
0.00000000 60.37228405 1.88399769 -0.95886868 -0.04052712 0.99848019 -0.03055884 -0.02147157
0.00000000 60.36483962 1.90624113 -1.99738624 -0.01793577 0.99964576 -0.01323034 -0.01454731
0.00000000 60.33893914 1.89256327 -3.10168981 -0.04978746 0.99764482 -0.03735450 -0.02882107
0.00000000 60.30506800 1.90418249 -3.79391812 -0.03456843 0.99888870 -0.02957493 0.01231746
0.00000000 60.23718027 1.88745492 -4.65156365 -0.04423327 0.99809407 -0.03574343 -0.02395936
0.00000000 60.19514664 1.86925247 -5.36100565 -0.04822144 0.99793413 -0.03608636 0.02235916
0.00000000 60.10982668 1.88194534 -6.19897101 -0.02696535 0.99847652 -0.04528201 0.01634176
0.00000000 60.04387248 1.86317694 -7.01193427 -0.03750445 0.99699640 -0.06500836 0.01911841
0.00000000 59.98343688 1.85313046 -7.83301573 -0.02204293 0.99766055 -0.05790923 0.02888022
0.00000000 59.96345434 1.82460881 -8.73249512 -0.03215594 0.99796984 -0.05393425 0.01064360
0.00000000 59.92377983 1.84027401 -9.52965235 -0.03411734 0.99766755 -0.03282386 0.04917386
0.00000000 59.87648901 1.84845145 -10.59604001 -0.02305421 0.99760543 -0.06044496 0.02446042
0.00000000 59.87739121 1.84243974 -11.45371805 -0.03289059 0.99830860 -0.04081940 0.02513804
0.00000000 59.87103165 1.83657460 -12.24317843 -0.01597494 0.99906529 -0.01918744 0.03528711
0.00000000 59.87552543 1.83178460 -13.61926167 -0.01976851 0.99941947 -0.02481888 0.01240766
0.00000000 59.81071599 1.76521112 -14.79727090 -0.01120039 0.99828988 -0.04800388 0.03142430
0.00000000 59.81947958 1.79494892 -15.22199254 -0.02132689 0.99919204 -0.01346169 0.03129225
0.00000000 59.74512142 1.75411696 -16.45345505 -0.01285470 0.99959888 -0.02520924 0.00115013
0.00000000 59.67179326 1.72848533 -17.04867137 -0.02573247 0.99893133 -0.02753590 0.02675449
0.00000000 59.59413912 1.73243977 -18.04633327 -0.00762552 0.99929929 -0.00791917 0.03577791
0.00000000 59.52573859 1.68403605 -19.14717703 -0.01005380 0.99968185 -0.02248452 0.00543677
0.00000000 59.51579696 1.68335837 -19.79456705 -0.02214485 0.99864128 -0.00881134 0.04634174
0.00000000 59.45354118 1.67835547 -20.81785715 -0.01043277 0.99875584 -0.02487437 0.04194264
0.00000000 59.40775383 1.66672547 -21.63511256 -0.02599032 0.99961834 -0.00931849 0.00092084
0.00000000 59.40449190 1.68163539 -22.39433165 -0.02173747 0.99894121 0.00780315 0.03978760
0.00000000 59.41386630 1.65587308 -23.72130956 -0.02604700 0.99920195 -0.01346711 0.02712296
0.00000000 59.35390911 1.62903083 -24.28552023 -0.03068926 0.99688895 -0.00298717 0.07253741
0.00000000 59.33381816 1.58716891 -25.52674125 -0.02881810 0.99768970 -0.01620148 0.05934886
0.00000000 59.29302631 1.57210890 -26.59078119 -0.01389845 0.99905922 -0.02122982 0.03516826
0.00000000 59.25266570 1.55555706 -27.95312612 -0.01518939 0.99864270 -0.03570377 0.03474594
0.00000000 59.23783440 1.53302365 -29.04646486 -0.01981619 0.99946053 -0.01926674 0.01774173
0.00000000 59.24748135 1.53746177 -30.00029242 -0.02898765 0.99831172 -0.02045415 0.04598981
0.00000000 59.16212520 1.49334335 -31.03847126 -0.03187158 0.99810974 -0.03217295 0.04154582
0.00000000 58.93694659 1.41746791 -31.85038786 -0.03454377 0.99703084 -0.03687119 0.05810983
0.00000000 58.82316512 1.43560684 -32.97933173 -0.02528411 0.99893106 -0.01556811 0.03542724
0.00000000 58.90523930 1.45789659 -34.44453923 -0.00984409 0.99815752 -0.03938851 0.04509118
0.00000000 58.95405754 1.45033093 -35.39174327 -0.02405063 0.99949613 -0.01102894 0.01753340
0.00000000 59.02766065 1.46875799 -36.29355292 -0.02184838 0.99907032 -0.02912677 0.02308193
0.00000000 59.10517411 1.47597717 -37.29444981 0.00051399 0.99970805 -0.01366625 0.01991963
0.00000000 59.15360956 1.44775657 -38.30397111 -0.01041018 0.99957864 -0.02627156 0.00663180
0.00000000 59.13818498 1.47754528 -38.75613637 -0.02099504 0.99940542 -0.00308097 0.02717582
0.00000000 59.20411524 1.44928988 -39.81314964 -0.01833213 0.99953450 -0.01916586 0.01507955
0.00000000 59.25637166 1.42471589 -40.43610796 -0.01522908 0.99908142 0.00597242 0.03960719
0.00000000 59.32292930 1.42975092 -40.97173440 -0.01563237 0.99948675 -0.01740008 0.02188838
0.00000000 59.39708049 1.40531251 -41.77738850 -0.01220095 0.99904626 -0.02048643 0.03657885
0.00000000 59.43305961 1.43981231 -42.48048352 -0.03142815 0.99778386 -0.00749682 0.05816734
0.00000000 59.45237859 1.44018784 -43.34715747 -0.02072500 0.99651561 0.01245351 0.07982501
0.00000000 59.52758701 1.40871280 -44.47482578 -0.02141050 0.99734911 -0.00888953 0.06897335
0.00000000 59.67714570 1.34197879 -48.13274838 -0.02119894 0.99731401 -0.00107121 0.07010148
0.00000000 59.65318928 1.38438074 -50.32761771 -0.04185977 0.99843529 0.00637102 0.03652583
0.00000000 59.47014132 1.34235568 -51.82115017 -0.04661664 0.99867999 -0.00666798 -0.02051106
0.00000000 59.31719309 1.31404178 -52.53119144 -0.03694576 0.99228525 -0.02102149 -0.11646066
0.00000000 58.89008935 1.28725913 -53.45900524 -0.03908133 0.97976404 -0.03168810 -0.19372901
0.00000000 58.63146168 1.22329630 -53.82149901 -0.03228100 0.96052675 -0.02236611 -0.27540163
0.00000000 57.95670883 1.15316234 -54.76055647 -0.04565698 0.93961010 -0.01665799 -0.33877840
0.00000000 57.08729735 1.09246805 -55.69178275 -0.05308924 0.89721859 -0.01842310 -0.43799648
0.00000000 56.30565947 1.02113637 -56.23547603 -0.04073713 0.86828038 -0.02076638 -0.49396197
0.00000000 54.33018350 0.84752426 -57.35660691 0.05178091 -0.80930151 0.03375397 0.58413223
0.00000000 52.75649162 0.70355694 -57.94055133 0.05050488 -0.78174141 0.04358429 0.62002422
0.00000000 51.78355030 0.62350074 -58.15869256 0.04052708 -0.76229788 0.05490951 0.64361824
0.00000000 50.67058326 0.49182688 -58.42109091 0.05429024 -0.74473391 0.05480586 0.66288784
0.00000000 49.08390413 0.36874406 -58.76925110 0.05390862 -0.75383824 0.04639044 0.65319958
0.00000000 46.75809608 0.21046755 -59.18279297 0.04004387 -0.76596616 0.05513013 0.63925972
0.00000000 44.67361475 0.01683216 -59.44612632 0.03384118 -0.76602761 0.03760431 0.64081385
0.00000000 43.13143692 -0.12481204 -59.72036352 0.05392059 -0.77158471 0.04715099 0.63208100
0.00000000 40.75319999 -0.34168653 -60.12823375 0.06113193 -0.78113221 0.05664979 0.61877796
0.00000000 39.19045327 -0.50029435 -60.26993379 0.05835759 -0.75787381 0.05774308 0.64721512
0.00000000 37.52157963 -0.62866785 -60.49490746 0.05217873 -0.76060137 0.04457602 0.64558185
0.00000000 36.63710339 -0.68275573 -60.60449382 0.05173070 -0.78510457 0.02987719 0.61647554
0.00000000 34.78562959 -0.84707523 -60.92340821 0.05525067 -0.79382052 0.04646499 0.60385210
0.00000000 33.59972572 -0.93070830 -61.05838988 0.05434672 -0.77937478 0.04495405 0.62257571
0.00000000 32.12016822 -1.04361873 -61.28548561 0.05034525 -0.76867593 0.04373186 0.63615265
0.00000000 31.34933242 -1.09177956 -61.35160885 0.04573471 -0.77822254 0.03756904 0.62519324
0.00000000 29.90888277 -1.18129326 -61.62422740 0.04294476 -0.76536844 0.02648160 0.64161174
0.00000000 29.21977670 -1.26379733 -61.65274890 0.05982525 -0.78928759 0.03032239 0.61034956
0.00000000 28.26448667 -1.32411480 -61.71508978 0.05033390 -0.76947367 0.04422544 0.63515421
0.00000000 27.02818119 -1.40903520 -61.85387682 0.06637933 -0.75509723 0.05157026 0.65020187
0.00000000 25.49064695 -1.49833677 -62.01611166 0.06787467 -0.77417891 0.04602884 0.62763157
0.00000000 24.24157628 -1.58266051 -62.20414458 0.05639192 -0.77928069 0.03005883 0.62340839
0.00000000 23.32161538 -1.65146899 -62.33541215 0.05716923 -0.76702913 0.03478985 0.63811258
0.00000000 22.21182750 -1.71226949 -62.49694977 0.05506371 -0.78508664 0.02828898 0.61628459
0.00000000 21.24223713 -1.77649063 -62.60192566 0.05151703 -0.76389083 0.03712303 0.64221389
0.00000000 19.84849420 -1.89896579 -62.74386775 0.05993338 -0.76199743 0.01040745 0.64471668
0.00000000 17.98841209 -2.03970197 -63.04641618 0.05566511 -0.76152758 0.00853415 0.64568128
0.00000000 16.86104291 -2.12367295 -63.21717620 0.04335589 -0.75643857 -0.00605570 0.65259811
0.00000000 16.00183379 -2.18245501 -63.31832266 0.00898019 -0.77072686 0.00393298 0.63709025
0.00000000 15.33075278 -2.26691910 -63.42240941 0.04344792 -0.77532177 0.00701168 0.63003116
0.00000000 14.43877249 -2.34531321 -63.55956836 0.03855653 -0.78756979 0.00669653 0.61498160
0.00000000 12.81536816 -2.49939281 -63.85754819 0.05306559 -0.78337759 0.02022211 0.61894641
0.00000000 11.79175623 -2.56558957 -64.00608886 0.05088655 -0.77560306 0.00321121 0.62915827
0.00000000 10.76002204 -2.66537768 -64.18362642 0.04763320 -0.78774938 0.01198285 0.61403454
0.00000000 9.61757688 -2.76012551 -64.39231697 0.04224285 -0.77764190 0.01706730 0.62705448
0.00000000 8.75129740 -2.80297921 -64.64656182 0.05268715 -0.80451358 0.00131861 0.59159127
0.00000000 7.29317727 -2.94927833 -64.87318532 0.04876362 -0.79391583 0.01775694 0.60580892
0.00000000 5.56872514 -3.10085429 -65.10481664 0.04909651 -0.80172007 -0.00436514 0.59566384
0.00000000 4.34101270 -3.20435729 -65.29433745 0.04856059 -0.79823234 0.03225773 0.59952185
0.00000000 3.15269324 -3.30495458 -65.43976477 0.05437693 -0.77575049 0.02654810 0.62813177
0.00000000 1.26976729 -3.47484313 -65.71182943 0.05837537 -0.76503471 0.01685095 0.64111641
0.00000000 -0.00759379 -3.63210363 -65.77657232 0.06113694 -0.75082319 0.01423097 0.65751372
0.00000000 -1.54101987 -3.79049948 -65.85842236 0.06168312 -0.73787833 0.00767108 0.67206541
0.00000000 -2.79665239 -3.90983206 -65.94373106 0.07946298 -0.74896691 0.00867825 0.65776811
0.00000000 -3.69913130 -4.00377409 -65.99842213 0.06297877 -0.70477911 0.02660363 0.70612487
0.00000000 -5.20486403 -4.15397794 -66.01294330 0.08128018 -0.68679551 0.02230195 0.72194742
0.00000000 -5.93623312 -4.21622720 -66.07846078 0.07665286 -0.68598617 0.05083535 0.72177773
0.00000000 -7.24543582 -4.31160871 -66.33589961 0.07941284 -0.69421141 0.02685082 0.71487283
0.00000000 -8.00718744 -4.36553644 -66.33347808 0.05499926 -0.68348967 0.02182435 0.72755801
0.00000000 -9.26887794 -4.44208514 -66.37761290 0.08175994 -0.68747072 0.01249580 0.72148678
0.00000000 -10.41753905 -4.53292880 -66.62293220 0.06618793 -0.68602048 0.01519687 0.72440604
0.00000000 -11.15679478 -4.56203194 -66.57376840 0.07689986 -0.66492756 0.02785150 0.74241636
0.00000000 -11.92671900 -4.65204560 -66.67422760 0.05220898 -0.66077183 0.01877364 0.74853348
0.00000000 -12.82957850 -4.72573772 -66.57546252 0.06880773 -0.65766970 0.03614379 0.74928612
0.00000000 -13.54716383 -4.77545494 -66.53897877 0.04888585 -0.62883346 0.02955092 0.77543884
0.00000000 -14.48757994 -4.85634447 -66.38246593 0.06222802 -0.64006724 0.00393943 0.76578462
0.00000000 -15.16769770 -4.91106377 -66.37963706 0.06306775 -0.61865441 0.01907577 0.78289545
0.00000000 -15.97976821 -4.96374499 -66.30953286 0.06185093 -0.63484823 0.00841285 0.77011130
0.00000000 -16.56314088 -4.96493582 -66.29795122 0.06361078 -0.61024901 0.01870895 0.78943004
0.00000000 -17.12114633 -5.00246125 -66.21795749 0.05466168 -0.58977372 0.02686113 0.80526861
0.00000000 -17.62231558 -5.03833180 -66.16117136 0.04953585 -0.60622048 0.03064730 0.79316056
0.00000000 -18.20785802 -5.06072599 -66.11506777 0.06364168 -0.58224224 0.04332662 0.80936180
0.00000000 -18.71379879 -5.16169057 -66.02682644 0.05295549 -0.58994866 0.04280755 0.80456436
0.00000000 -19.64478019 -5.16357127 -65.87799058 0.05926781 -0.60499833 0.00208207 0.79401512
0.00000000 -20.18310519 -5.22458565 -65.78329606 0.05390263 -0.58337862 0.01382078 0.81029184
0.00000000 -20.92104844 -5.26549683 -65.64445139 0.04809981 -0.61262933 0.02299020 0.78857033
0.00000000 -21.69814957 -5.33636246 -65.52894973 0.06313455 -0.57375556 0.02853010 0.81609106
0.00000000 -22.22581588 -5.36322471 -65.46536157 0.06672142 -0.58002403 0.04582387 0.81056804
0.00000000 -22.99046030 -5.40038769 -65.31648888 0.06818805 -0.56624002 0.03261663 0.82076719
0.00000000 -23.69238171 -5.44606809 -65.19827919 0.05369728 -0.56044507 0.04282422 0.82533872
0.00000000 -24.85472993 -5.57670114 -64.90719764 0.05691628 -0.53644179 0.03043147 0.84146579
0.00000000 -25.50049041 -5.60221599 -64.72486561 0.05097029 -0.54986221 0.02897967 0.83319491
0.00000000 -26.18386848 -5.64918018 -64.58526567 0.07425209 -0.55794695 0.02688030 0.82611094
0.00000000 -27.06552716 -5.71509623 -64.30143375 0.04909676 -0.56179165 0.02825881 0.82533695
0.00000000 -27.67521038 -5.76929327 -64.09957966 0.06708619 -0.54803840 0.03741403 0.83291869
0.00000000 -28.38069784 -5.82415266 -63.90787445 0.06041041 -0.53073780 0.03742863 0.84455140
0.00000000 -29.00818835 -5.87734458 -63.68452087 0.06547087 -0.55473329 0.01028550 0.82938456
0.00000000 -29.50427910 -5.91932036 -63.50376111 0.05562043 -0.53291543 0.03715632 0.84352055
0.00000000 -30.70600666 -6.05374023 -63.20395177 0.06488190 -0.53298909 0.02808579 0.84316319
0.00000000 -31.13818451 -6.08208552 -63.00037181 0.07311287 -0.49140708 0.04259341 0.86680989
0.00000000 -31.67280265 -6.13508211 -62.76327797 0.05742947 -0.47200525 0.05418201 0.87805308
0.00000000 -32.33818069 -6.20066303 -62.46926666 0.06202060 -0.47994549 0.03356433 0.87445938
0.00000000 -32.84111394 -6.26222254 -62.26993470 0.06801147 -0.45262321 0.05527804 0.88738436
0.00000000 -33.44172151 -6.30323451 -61.98158275 0.06975217 -0.46345128 0.05901006 0.88139966
0.00000000 -33.98860370 -6.35819962 -61.71407857 0.08994055 -0.44838770 0.06557022 0.88688202
0.00000000 -34.67529381 -6.39875403 -61.41585558 0.07244476 -0.43609778 0.05325171 0.89539641
0.00000000 -35.37980772 -6.46878712 -61.05458940 0.07480161 -0.46298939 0.02888495 0.88272941
0.00000000 -35.87277445 -6.52949908 -60.79520646 0.05196507 -0.44139474 0.03630110 0.89507125
0.00000000 -36.44652201 -6.55092799 -60.49772127 0.02507398 -0.46300374 0.03715634 0.88522214
0.00000000 -36.93427309 -6.57770332 -60.20977435 0.04648895 -0.46342555 0.02900686 0.88444001
0.00000000 -37.81083831 -6.66488331 -59.71315850 0.02235011 -0.46831833 0.03697871 0.88250269
0.00000000 -38.42731485 -6.73392113 -59.34752703 0.05489770 -0.46410899 0.03529068 0.88337062
0.00000000 -38.91332103 -6.78811218 -59.11739754 0.03271777 -0.45443872 0.02533056 0.88981647
0.00000000 -39.65063641 -6.82998814 -58.65473131 0.00820002 -0.46061227 0.03149371 0.88700465
0.00000000 -40.34171390 -6.91633731 -58.22412404 0.03246954 -0.42101761 0.03154938 0.90592193
0.00000000 -41.12834421 -6.98067767 -57.70322952 0.02123559 -0.45444081 0.01835217 0.89033466
0.00000000 -41.93440513 -7.06325083 -57.20572756 0.04220760 -0.42013402 0.04974659 0.90511391
0.00000000 -42.84137158 -7.11179334 -56.54968577 0.06683172 -0.42430345 0.05673431 0.90126651
0.00000000 -44.01994666 -7.20433493 -55.71748957 0.05843411 -0.45721230 0.02437575 0.88710100
0.00000000 -44.77079735 -7.24261079 -55.13473468 0.04168870 -0.42993947 0.04894826 0.90056547
0.00000000 -46.04068445 -7.45028774 -54.35633095 0.04397739 -0.45217341 0.03931392 0.88997731
0.00000000 -47.16036621 -7.52822910 -53.63669765 0.04539432 -0.48848602 0.03154592 0.87081893
0.00000000 -48.43390516 -7.65651770 -52.87861766 0.03059414 -0.51009921 0.02407784 0.85923399
0.00000000 -49.13094414 -7.78809583 -52.40772345 0.01640446 -0.48726250 0.02054326 0.87285974
0.00000000 -50.14767580 -7.89486225 -51.89654183 0.02865881 -0.53182165 -0.00054155 0.84637114
0.00000000 -50.81028377 -7.98575479 -51.63278913 0.01844177 -0.54357103 0.00701275 0.83913125
0.00000000 -52.22573166 -8.12695860 -51.16312574 0.02267503 -0.60170681 0.00813883 0.79835363
0.00000000 -53.45193821 -8.26062304 -50.89105287 0.03941647 -0.64806294 -0.00905684 0.76051215
0.00000000 -54.42762305 -8.30149698 -50.61859635 0.03983445 -0.66924351 0.01259186 0.74186777
0.00000000 -55.20761750 -8.33222648 -50.53860407 0.04333008 -0.69402330 -0.00668696 0.71861634
0.00000000 -56.46069898 -8.42245953 -50.36423249 0.03621679 -0.71076291 -0.00247765 0.70249433
0.00000000 -57.50392367 -8.50456778 -50.21935907 0.03335023 -0.67635789 0.00608802 0.73579256
0.00000000 -59.26213512 -8.63819665 -50.09403550 0.04125995 -0.69660596 0.00560590 0.71624460
0.00000000 -60.79796063 -8.84782622 -49.94326577 0.04356019 -0.68177869 0.00566064 0.73023851
0.00000000 -62.33850832 -8.94003311 -49.86633545 0.03855203 -0.69225781 -0.00543891 0.72059925
0.00000000 -63.57980742 -9.01577632 -49.96387179 0.04501697 -0.72507421 -0.00845878 0.68714577
0.00000000 -64.74714197 -9.03803977 -49.94689744 0.02916601 -0.73564683 -0.00508570 0.67671798
0.00000000 -65.87100130 -9.05898025 -49.97167085 0.03319771 -0.72146423 0.00460600 0.69164012
0.00000000 -67.28875296 -9.12655315 -49.95510604 0.03114579 -0.70218364 0.00854393 0.71126301
0.00000000 -69.62008752 -9.14491051 -49.86214902 0.04196461 -0.68914655 0.01315777 0.72328617
0.00000000 -71.14306245 -9.12604065 -49.78101886 0.03239973 -0.71236748 -0.00348990 0.70104967
0.00000000 -72.95321296 -9.15699635 -49.68731186 0.04032786 -0.69722075 -0.00349148 0.71571272
0.00000000 -74.22374363 -9.17400536 -49.56386733 0.04172076 -0.67700112 0.00786124 0.73475646
0.00000000 -75.44644248 -9.16177705 -49.51634028 0.04433857 -0.65477807 0.01345303 0.75439962
0.00000000 -76.79048568 -9.33968453 -49.47118631 0.04130062 -0.65790432 -0.00986717 0.75190345
0.00000000 -78.06446217 -9.37660538 -49.44242688 0.05384364 -0.69465098 -0.00742100 0.71729060
0.00000000 -79.19032378 -9.37693114 -49.45953962 0.04841336 -0.72428637 0.00839440 0.68774627
0.00000000 -80.51331990 -9.50583173 -49.68360369 0.07098686 -0.83762322 0.00804475 0.54155654
0.00000000 -81.41098621 -9.36808499 -50.13398700 -0.03099732 0.91356981 -0.02102675 -0.40495339
0.00000000 -81.86999237 -9.40991437 -50.59323793 -0.02395765 0.95801660 0.01712237 -0.28519650
0.00000000 -82.22370459 -9.45775564 -51.00677234 -0.00634008 0.98481172 0.03301839 -0.17033928
0.00000000 -82.62267195 -9.43195570 -51.69326008 -0.00036682 0.99597262 0.03387165 -0.08301277
0.00000000 -82.80445721 -9.37528805 -52.30330873 0.01050688 0.99787291 0.02921644 -0.05732064
0.00000000 -82.91518180 -9.30700642 -53.09792378 -0.00280186 0.99951375 0.03097931 0.00216724
0.00000000 -82.96755850 -9.24499436 -53.75443037 0.02591255 0.99880115 0.03382581 0.02409593
0.00000000 -83.03376048 -9.07656370 -55.30593123 0.02091824 0.99857328 0.02573432 0.04185194
0.00000000 -82.91141608 -8.95314948 -56.54723903 0.01091441 0.99651046 0.02793198 0.07789470
0.00000000 -82.74944130 -8.83339246 -57.64314027 0.01417682 0.99236398 0.05024120 0.11175228
0.00000000 -82.46767272 -8.70050694 -58.85064723 0.02783453 0.99071432 0.03706724 0.12781390
0.00000000 -81.92012915 -8.54868130 -60.61348119 0.03883311 0.98895070 0.02561901 0.14075571
0.00000000 -81.20561054 -8.34292878 -62.97619031 0.03046036 0.96600808 0.04340691 0.25301461
0.00000000 -80.48054604 -8.20852775 -64.41626184 0.02380175 0.94395355 0.03674164 0.32716239
0.00000000 -79.52528108 -8.11374547 -65.58672897 0.04651544 0.91433277 0.03300426 0.40092720
0.00000000 -78.98684786 -8.03881430 -66.40313581 0.03365044 0.93519942 0.02218922 0.35182002
0.00000000 -77.86437125 -7.95060875 -67.48366327 0.02993123 0.91426662 0.02768065 0.40305640
0.00000000 -76.92714931 -7.83185905 -68.47047500 0.02197664 0.89505779 0.03690790 0.44387655
0.00000000 -76.25847767 -7.81153018 -69.05263280 0.05613294 0.88119620 0.05788480 0.46582368
0.00000000 -74.94613175 -7.87484504 -69.95577161 0.03822811 0.86161300 0.06188130 0.50232695
0.00000000 -74.42485614 -7.79987830 -70.25358087 0.02250357 0.82252690 0.07177601 0.56372981
0.00000000 -73.67800512 -7.80926244 -70.68675974 0.03903760 0.81164580 0.06462400 0.57925029
0.00000000 -73.10254358 -7.69641701 -70.84050763 0.04119717 0.78093033 0.06444241 0.61991757
0.00000000 -72.67275672 -7.62966929 -70.96991689 0.03472671 0.76106844 0.05101464 0.64572935
0.00000000 -72.01767362 -7.57404759 -71.21056203 0.06436596 0.74748813 0.05322043 0.65900387
0.00000000 -70.98800688 -7.50993196 -71.52945030 0.05366807 0.75679228 0.04418722 0.64994821
0.00000000 -70.28733278 -7.42566581 -71.75441947 0.04293942 0.74086635 0.06411479 0.66720503
0.00000000 -68.98441360 -7.32050367 -72.03102212 0.05215018 0.72753816 0.04919623 0.68231101
0.00000000 -67.90941548 -7.21609871 -72.25587714 0.04514979 0.73584741 0.02399896 0.67521414
0.00000000 -66.74131144 -7.12495551 -72.50116460 0.04019587 0.74754371 0.05439277 0.66076026
0.00000000 -65.62327584 -7.02887507 -72.70946414 0.06050615 0.75699924 0.05686777 0.64811821
0.00000000 -64.43970769 -6.89381715 -72.94398719 0.02959760 0.76769228 0.03818129 0.63899510
0.00000000 -63.71740846 -6.80758916 -73.10962047 0.03704770 0.76800605 0.05963985 0.63658248
0.00000000 -62.66990468 -6.72195491 -73.32013080 0.02758469 0.77037282 0.05578057 0.63454971
0.00000000 -61.71214054 -6.68138001 -73.56407029 0.04235881 0.75543282 0.05161005 0.65181545
0.00000000 -60.38875804 -6.60094194 -73.76165439 0.02726900 0.77815665 0.05779242 0.62481091
0.00000000 -59.65448063 -6.51955769 -73.85352076 0.03182494 0.76427920 0.06939167 0.64035090
0.00000000 -58.48688988 -6.40988249 -74.10076501 0.04927511 0.79190039 0.06248786 0.60544281
0.00000000 -56.78207098 -6.28263279 -74.32148821 0.04664368 0.77613610 0.05795814 0.62616130
0.00000000 -54.57155868 -6.07703770 -74.67017364 0.03467141 0.76864307 0.06644343 0.63527237
0.00000000 -53.36366697 -5.99582383 -74.84411252 0.06057355 0.78380798 0.05719944 0.61538941
0.00000000 -51.48262280 -5.83914324 -75.09467334 0.05223396 0.77399116 0.05803032 0.62836437
0.00000000 -50.25801435 -5.74037127 -75.22767032 0.03893925 0.78598721 0.05845987 0.61423960
0.00000000 -49.23909776 -5.65006747 -75.38600137 0.01562448 0.77105754 0.07211856 0.63247534
0.00000000 -48.28230132 -5.58794622 -75.43333203 0.05360290 0.77840830 0.06690160 0.62187734
0.00000000 -46.39145192 -5.42039797 -75.72414711 0.04709911 0.77417120 0.08098139 0.62600530
0.00000000 -44.55236421 -5.31562044 -75.93651465 0.04622696 0.77149865 0.06857773 0.63083278
0.00000000 -43.51295550 -5.25604512 -75.94003912 0.04485087 0.75510697 0.07010810 0.65029741
0.00000000 -42.48102712 -5.21412760 -76.05392805 0.03959186 0.72984063 0.04937993 0.68068110
0.00000000 -41.72694558 -5.21681762 -75.82010636 0.05373537 0.72329219 0.06301460 0.68555823
0.00000000 -40.38706599 -5.08551885 -76.00448664 0.06074884 0.70903459 0.08401396 0.69751070
0.00000000 -39.66000325 -5.04919394 -75.95919828 0.02985538 0.64841491 0.07173536 0.75731156
0.00000000 -38.78369246 -5.05143103 -75.87776378 0.05420240 0.60739424 0.06949226 0.78949678
0.00000000 -37.68112881 -5.16296255 -75.51269366 0.06794381 0.49761233 0.05817890 0.86277507
0.00000000 -37.02545182 -5.18894268 -75.03516461 0.07383486 0.42008788 0.04931927 0.90312911
0.00000000 -36.76871056 -5.19356534 -74.74026757 0.06086705 0.35279495 0.04518851 0.93262475
0.00000000 -36.29234611 -5.19602525 -74.36230538 0.07182285 0.27301990 0.06312271 0.95724455
0.00000000 -36.07891092 -5.14308320 -74.05412071 0.06942856 0.22221650 0.07219975 0.96983849
0.00000000 -35.73181079 -5.16552120 -73.56646643 0.07201176 0.18246780 0.05142288 0.97922188
0.00000000 -35.40187566 -5.23829504 -73.09320411 0.07171847 0.09657185 0.05806767 0.99103909
0.00000000 -35.35542895 -5.17475121 -72.84090667 0.06464459 0.03911762 0.03697816 0.99645547
0.00000000 -35.22174027 -5.21813698 -72.38946646 0.09249061 -0.02039481 0.02371894 0.99522206
0.00000000 -35.02173317 -5.32185739 -72.02064316 0.08394444 -0.14109761 0.03971850 0.98563038
0.00000000 -35.07969027 -5.30754679 -71.55219421 0.07024974 -0.22852838 0.02440662 0.97069257
0.00000000 -35.17041766 -5.36597990 -70.95919566 0.06521986 -0.32779627 0.01357646 0.94239676
0.00000000 -35.31788856 -5.40747502 -70.56610156 0.04656841 -0.38625995 -0.00507903 0.92119967
0.00000000 -35.65253051 -5.47380638 -70.08284802 0.05311077 -0.41445016 0.00455130 0.90850955
0.00000000 -35.75657261 -5.56437452 -69.90183900 0.04904169 -0.46593595 0.00503757 0.88344396
0.00000000 -36.20024285 -5.55940531 -69.50738009 0.06378833 -0.45138057 0.00889676 0.89000420
0.00000000 -36.66534184 -5.61318951 -69.18446720 0.05357294 -0.46366867 0.02166304 0.88412218
0.00000000 -37.27919916 -5.69338479 -68.67973181 0.07233676 -0.45448797 0.01657972 0.88765601
0.00000000 -37.87469841 -5.76128582 -68.23959101 0.04318009 -0.44685242 0.02558916 0.89319851
0.00000000 -38.42158059 -5.85233595 -67.85985506 0.07443790 -0.43769677 0.03195390 0.89546607
0.00000000 -38.96620476 -5.90917483 -67.49325918 0.06002948 -0.41415897 0.04801298 0.90695290
0.00000000 -39.69839634 -5.97143503 -66.89545621 0.05323269 -0.39870293 0.02595746 0.91516581
0.00000000 -40.52256844 -6.09930923 -66.20899805 0.04684824 -0.40862208 0.02672072 0.91110880
0.00000000 -41.13133220 -6.20393136 -65.75703517 0.05718844 -0.39326250 0.03875078 0.91682739
0.00000000 -41.63408987 -6.28040102 -65.31960047 0.05608197 -0.40637683 0.02635892 0.91160183
0.00000000 -42.02978878 -6.31506236 -65.00563227 0.07236515 -0.37735607 0.03505526 0.92257076
0.00000000 -42.67762599 -6.39850394 -64.46467168 0.06123187 -0.40727440 0.04816067 0.90997735
0.00000000 -43.17490502 -6.44140785 -64.03978212 0.06590822 -0.38422566 0.04300525 0.91987896
0.00000000 -43.93047545 -6.53487262 -63.35399647 0.05476110 -0.40388736 0.00202595 0.91316599
0.00000000 -44.63511922 -6.62472390 -62.71532118 0.05498112 -0.38050547 0.01610379 0.92300235
0.00000000 -45.31795574 -6.67668074 -62.12176258 0.04815147 -0.42069639 0.02536668 0.90556751
0.00000000 -45.92958978 -6.78519232 -61.54398465 0.06614893 -0.37986238 0.01836632 0.92249204
0.00000000 -46.92723832 -6.95217115 -60.68104390 0.08297144 -0.39629208 0.02302207 0.91407785
0.00000000 -47.32012762 -7.10481195 -60.04050622 0.06914340 -0.42166279 0.03897544 0.90327216
0.00000000 -48.55677970 -7.27020270 -58.90051621 0.04081623 -0.42630743 0.02837525 0.90321141
0.00000000 -49.86265545 -7.45747718 -57.82328763 0.04837803 -0.47112938 0.03422628 0.88007115
0.00000000 -51.10089540 -7.66148802 -57.01847499 0.04212235 -0.49285479 0.01387213 0.86898068
0.00000000 -52.30943117 -7.79697104 -56.40060146 0.06550729 -0.54119103 -0.00121555 0.83834336
0.00000000 -53.08436011 -7.85210881 -56.02430827 0.03824910 -0.59334991 -0.00741981 0.80400114
0.00000000 -54.23437877 -7.94425807 -55.52616226 0.02202474 -0.61235903 -0.00441781 0.79026060
0.00000000 -55.45817759 -8.03815299 -55.21990575 0.02178543 -0.62825861 -0.01224753 0.77760305
0.00000000 -56.29500297 -8.05782291 -55.01840974 0.04158691 -0.62901678 -0.00707909 0.77624629
0.00000000 -57.22576552 -8.13067483 -54.83279151 0.01903759 -0.65133745 -0.00971365 0.75848714
0.00000000 -58.03018389 -8.12824275 -54.63028339 0.01473223 -0.63127691 -0.01433309 0.77528510
0.00000000 -58.57203744 -8.11870244 -54.51932419 0.01815459 -0.65685527 -0.03817350 0.75283089
0.00000000 -59.67501036 -8.15840377 -54.26469325 0.02457699 -0.66863885 -0.02789907 0.74265719
0.00000000 -60.60493137 -8.13669101 -54.07541900 0.02412988 -0.64512846 -0.01764019 0.76348926
0.00000000 -62.43452827 -8.32350170 -53.77493808 0.02334321 -0.65120003 -0.03383138 0.75779222
0.00000000 -64.01753326 -8.33144622 -53.50463278 0.02832413 -0.65513240 -0.01040162 0.75491131
0.00000000 -65.74295491 -8.45427287 -53.25863025 0.02532462 -0.66740921 -0.00849981 0.74421191
0.00000000 -66.99961837 -8.45057299 -52.99326357 0.03439477 -0.62347147 -0.02435083 0.78070952
0.00000000 -67.88157140 -8.42384964 -52.83126815 0.01747303 -0.64246323 -0.03943167 0.76510185
0.00000000 -68.84813665 -8.48962609 -52.68275589 0.03994056 -0.62411149 -0.01845851 0.78009543
0.00000000 -69.99410205 -8.41764174 -52.49060099 0.02769626 -0.64263922 -0.03116623 0.76503361
0.00000000 -70.82726364 -8.39759741 -52.34014988 0.03311876 -0.59327478 -0.02867151 0.80380727
0.00000000 -71.89034665 -8.34825290 -52.18782584 0.04682158 -0.60477233 -0.03901477 0.79406298
0.00000000 -72.75192007 -8.33407231 -52.01409115 0.02033244 -0.63175481 -0.03036577 0.77430638
0.00000000 -73.61713483 -8.33709154 -51.83155846 0.04495442 -0.60520526 -0.02272239 0.79447428
0.00000000 -74.57587447 -8.33472861 -51.69254834 0.03574200 -0.59646557 -0.03932469 0.80087758
0.00000000 -75.44218947 -8.33964018 -51.44625439 0.05321240 -0.54394044 -0.02002197 0.83719553
0.00000000 -76.53591133 -8.28232709 -51.20406795 0.06978991 -0.51907680 -0.01786327 0.85168630
0.00000000 -77.31583354 -8.30560744 -50.84454410 0.06009659 -0.47674362 -0.01895931 0.87678074
0.00000000 -78.12623610 -8.32445096 -50.44489280 0.05809538 -0.42750562 -0.01577903 0.90200604
0.00000000 -78.95775284 -8.34919781 -49.86058985 0.05913226 -0.39591576 -0.03886039 0.91555664
0.00000000 -79.68453681 -8.38044495 -49.27817535 0.06076809 -0.31292389 -0.00796046 0.94779877
0.00000000 -80.20368570 -8.41384647 -48.69052424 0.06717615 -0.25773667 -0.01916275 0.96368665
0.00000000 -80.47552348 -8.41033880 -48.29692262 0.08499822 -0.17804669 0.01351417 0.98025101
0.00000000 -80.97908977 -8.66227529 -46.95932103 0.08012056 -0.05542500 -0.00240784 0.99524016
0.00000000 -81.04746783 -8.65934265 -46.33605797 0.09531894 0.00379481 0.01086036 0.99538030
0.00000000 -80.99000058 -8.76780145 -45.40835968 0.07847586 0.01355186 0.01045211 0.99676910
0.00000000 -80.83935417 -8.89120086 -44.42773016 0.10088740 0.06248122 0.02545327 0.99260766
0.00000000 -80.64818926 -9.06222941 -43.34828845 0.09674882 0.10652670 0.00749858 0.98956329
0.00000000 -80.54314824 -9.11925749 -42.76908539 0.08319567 0.09109710 0.02326132 0.99208806
0.00000000 -80.18861988 -9.35679980 -40.88815615 0.07157252 0.07229902 0.02775439 0.99442442
0.00000000 -80.10657076 -9.49439256 -39.86721251 0.09409062 0.07718078 0.00828577 0.99253284
0.00000000 -79.83074301 -9.58712670 -39.24670095 0.06746925 0.06008363 0.02342858 0.99563495
0.00000000 -79.57182491 -9.81950325 -37.79644108 0.08976364 0.05001061 0.02393589 0.99441868
0.00000000 -79.27157325 -10.12560395 -35.95487448 0.08014056 0.02908107 0.01871717 0.99618344
0.00000000 -79.21635550 -10.20378262 -35.27418697 0.06482274 0.00954488 0.01331479 0.99776231
0.00000000 -78.98500579 -10.33304769 -34.27583792 0.08015630 0.04802186 0.02801770 0.99523056
0.00000000 -78.78426032 -10.52559698 -32.67187919 0.07739311 0.05099404 0.01902409 0.99551394
0.00000000 -78.72503327 -10.62253535 -31.96953154 0.06906931 0.00514029 0.00348904 0.99759252
0.00000000 -78.54253828 -10.75810890 -30.99313046 0.05851201 0.03070368 0.02972449 0.99737159
0.00000000 -78.32236635 -11.09211161 -28.47403920 0.05901123 0.01598099 0.02240599 0.99787788
0.00000000 -78.15093460 -11.27323950 -27.50723550 0.04996860 0.05739564 -0.00020279 0.99710022
0.00000000 -78.04031658 -11.32109675 -26.95348990 0.03083056 0.02095075 0.00958181 0.99925909
0.00000000 -77.88405328 -11.57540454 -25.44221591 0.04006675 0.06142995 -0.00522155 0.99729321
0.00000000 -77.66861614 -11.69068303 -24.04209041 0.03998390 0.01513595 -0.00129143 0.99908484
0.00000000 -77.48394429 -11.81430712 -22.88392301 0.02275088 0.01714406 0.01400240 0.99949608
0.00000000 -77.39176225 -11.98650196 -21.59145874 0.04410838 0.04656649 0.00231566 0.99793820
0.00000000 -77.29959538 -12.07466258 -20.47049355 0.00971293 0.00468511 0.01973189 0.99974715
0.00000000 -77.13657821 -12.23562851 -19.19146374 0.01123812 0.02992349 0.00134829 0.99948810
0.00000000 -77.01419278 -12.30232669 -18.45646357 0.01155323 0.00658089 0.00004189 0.99991160
0.00000000 -76.88001520 -12.42843732 -17.56783799 0.02749171 0.04793765 -0.00096977 0.99847146
0.00000000 -76.77516796 -12.55740979 -16.23323585 0.05144066 0.01727250 0.00613124 0.99850785
726.42802814 -76.63907199 -12.67331624 -15.26240243 0.04735649 0.03451981 0.02712505 0.99791281
0.00000000 -76.46325564 -12.83458665 -14.00283645 0.04163430 0.08568114 0.01923673 0.99526643
0.00000000 -76.24699085 -12.92204452 -12.91560563 0.02471200 0.04090128 0.01942545 0.99866864
0.00000000 -76.12213522 -13.03390732 -12.05553831 0.01810920 0.06747034 0.01253072 0.99747822
0.00000000 -75.89123431 -13.15286161 -10.86949862 0.03111488 0.04740548 0.00131319 0.99839013
0.00000000 -75.80116736 -13.24937109 -10.11908797 0.03142893 0.06727643 0.02108638 0.99701628
0.00000000 -75.68446217 -13.31722694 -9.31762566 0.00433179 0.02986122 0.00458229 0.99953416
0.00000000 -75.55153723 -13.42133414 -8.35373395 0.02058847 0.06757563 0.00760386 0.99747272
0.00000000 -75.40416775 -13.51577069 -7.43879670 0.03168602 0.01951243 -0.00027389 0.99930735
0.00000000 -75.29485278 -13.57427655 -6.80380921 0.02112555 0.06774260 0.01392271 0.99738198
0.00000000 -75.15462396 -13.64417279 -5.98915473 0.01877257 0.02262892 0.00905615 0.99952664
0.00000000 -74.95935073 -13.72936492 -4.97635131 0.03077431 0.04588304 0.02175444 0.99823566
0.00000000 -74.75034470 -13.88641269 -3.36238685 0.01246978 0.04610115 0.00946709 0.99881408
0.00000000 -74.60740616 -14.02729639 -3.12706872 -0.01868058 0.04845885 0.01262005 0.99857073
0.00000000 -74.64260531 -13.92848816 -2.85440489 0.03267286 0.04146228 0.01893121 0.99842625
0.00000000 -74.50771673 -13.95456245 -2.15666476 0.04055223 0.06614150 0.00431519 0.99697653
0.00000000 -74.44015259 -14.03122419 -1.24573625 0.01904381 0.02971613 0.00811715 0.99934398
0.00000000 -74.33034793 -14.09033718 -0.53960089 0.02761972 0.05593979 0.01222038 0.99797723
0.00000000 -74.06132946 -14.25131604 0.55755348 0.03339741 0.06510924 0.00511365 0.99730600
0.00000000 -73.88702444 -14.31029415 1.27731241 0.03231801 0.09956742 0.01585810 0.99437940
0.00000000 -73.69099569 -14.40347973 2.22985439 0.04828054 0.07941621 0.00044792 0.99567156
0.00000000 -73.47341050 -14.48882806 2.90967936 0.04434154 0.09873274 0.01480811 0.99401529
0.00000000 -73.21969769 -14.55946727 3.74184712 0.03998892 0.15080549 0.01283775 0.98767089
0.00000000 -73.03716212 -14.63147597 4.39890685 0.04672182 0.16826833 0.02372555 0.98434747
0.00000000 -72.68679201 -14.73333946 5.16340845 0.03934207 0.23439028 0.00412733 0.97133741
0.00000000 -72.20376690 -14.83920310 5.83832211 0.03612139 0.28947340 0.01643110 0.95636312
0.00000000 -71.76472838 -14.88911898 6.35227431 0.04250991 0.39223905 0.03840969 0.91807741
0.00000000 -71.03161563 -14.94991525 6.84758322 0.04438644 0.49141550 0.03497062 0.86909016
0.00000000 -70.43302142 -15.00392681 7.10807717 0.04464748 0.60753528 0.04454982 0.79178456
0.00000000 -69.68032890 -15.08784921 7.19228645 0.05188649 0.71291477 0.02854022 0.69874586
0.00000000 -68.91004674 -15.11120527 7.26645739 0.04987758 0.75908824 0.04547495 0.64747919
0.00000000 -67.66359239 -15.11095904 7.25789959 0.04872623 0.77402422 0.03581095 0.63026172
0.00000000 -67.06890312 -15.11580026 7.18185649 0.04899731 0.78964845 0.04601950 0.60986621
0.00000000 -66.16412392 -15.11399913 6.93063104 0.05719187 0.78963022 0.02877264 0.61023385
0.00000000 -65.32860454 -15.12256728 6.84471552 0.05616204 0.78316749 0.03050396 0.61851759
0.00000000 -64.45300258 -15.11273342 6.56838968 0.03257806 0.77370982 0.05510682 0.63029757
0.00000000 -63.56541785 -15.14855625 6.27376738 0.04956565 0.76045688 0.05724095 0.64495896
0.00000000 -62.26827539 -15.14314184 5.83026623 0.06109115 0.78859733 0.05476174 0.60941224
0.00000000 -61.82139204 -15.13526675 5.68874598 0.04788990 0.77248847 0.06086276 0.63028870
0.00000000 -60.93107589 -15.12993482 5.41214229 0.05019065 0.79591386 0.05970527 0.60036431
0.00000000 -60.34381630 -15.15518249 5.12402007 0.05262162 0.78011616 0.05044760 0.62137330
0.00000000 -58.57571126 -15.16442776 4.57482551 0.06132386 0.76508100 0.05400619 0.63872825
0.00000000 -57.69638619 -15.15759429 4.32202585 0.06054360 0.77384018 0.02949673 0.62979027
0.00000000 -56.65082044 -15.16722189 3.98163045 0.05392821 0.75020969 0.05968532 0.65628868
0.00000000 -55.77755347 -15.14457926 3.75072402 0.05467335 0.75784430 0.03737268 0.64906558
0.00000000 -54.70013315 -15.14710837 3.39303981 0.05673929 0.74173240 0.06037515 0.66555882
0.00000000 -54.27920267 -15.22520526 3.09573734 0.06795512 0.77036950 0.03927406 0.63274836
0.00000000 -53.49100993 -15.09741947 2.98011442 0.06855372 0.76011381 0.05140259 0.64411580
0.00000000 -52.45258749 -15.11449659 2.65824462 0.06455506 0.75378099 0.02686930 0.65339491
0.00000000 -51.41064047 -15.10214314 2.32576147 0.05313086 0.75457047 0.06231447 0.65108941
0.00000000 -49.56780467 -15.08161007 2.05438155 0.05345979 0.74444426 0.05958966 0.66286791
0.00000000 -48.04442753 -15.07914205 1.61971687 0.05032492 0.76063421 0.06189142 0.64426117
0.00000000 -46.72242926 -15.04701292 1.22356252 0.06428424 0.74723256 0.04491345 0.65991956
0.00000000 -45.64413197 -14.99437685 0.83332856 0.05580352 0.74477014 0.07007138 0.66128164
0.00000000 -44.30508305 -15.00587117 0.39055417 0.06709445 0.76802130 0.05295930 0.63469436
0.00000000 -41.47917561 -14.91300491 -0.51374724 0.06101293 0.77236488 0.05508091 0.62983808
0.00000000 -40.91660360 -14.88296115 -0.68258537 0.06209558 0.80001691 0.06006173 0.59372524
0.00000000 -40.11381736 -14.85801690 -0.94304518 0.03982041 0.77505479 0.06311209 0.62747213
0.00000000 -39.06159190 -14.86399697 -1.32191824 0.05969139 0.79746817 0.06822123 0.59651263
0.00000000 -38.00066826 -14.87208441 -1.73224362 0.06741469 0.81055213 0.06155290 0.57850821
0.00000000 -37.16601121 -14.93766493 -2.12913232 0.05988805 0.83508160 0.05806367 0.54376534
0.00000000 -36.11349903 -14.92737275 -2.73447357 0.07115098 0.85846366 0.05359441 0.50507953
0.00000000 -35.23872677 -14.83359352 -3.26163828 0.04283445 0.83999648 0.08318847 0.53446310
0.00000000 -33.99743423 -14.73905454 -4.02266942 0.05317620 0.83902676 0.06789069 0.53721248
0.00000000 -33.27855875 -14.74067749 -4.46977619 0.06028867 0.83018514 0.08510818 0.54764451
0.00000000 -31.84222120 -14.59683085 -5.48313894 0.03979436 0.82736874 0.09000837 0.55297004
0.00000000 -30.94825777 -14.48853729 -6.07094409 0.06062181 0.83789243 0.07299428 0.53752498
0.00000000 -30.15939535 -14.37813348 -6.45882704 0.02806131 0.81371031 0.07328566 0.57594905
0.00000000 -29.33373872 -14.32220610 -6.83560882 0.03812723 0.78138698 0.07172351 0.61873778
0.00000000 -28.56874876 -14.27386928 -7.16133535 0.03793350 0.79867345 0.06454827 0.59708902
0.00000000 -27.89893426 -14.21824584 -7.46871667 0.03282503 0.77385368 0.07001625 0.62862606
0.00000000 -27.40768406 -14.15348745 -7.66668360 0.02665095 0.79606502 0.06712127 0.60088680
0.00000000 -26.61721264 -14.08148882 -8.03706429 0.01600529 0.78775685 0.06877924 0.61192516
0.00000000 -25.60119965 -14.32255480 -8.58716613 0.03626920 0.80096249 0.06651332 0.59390203
0.00000000 -25.19049722 -14.10455973 -8.57991323 0.02834154 0.77508223 0.06545665 0.62782141
0.00000000 -24.56942126 -14.11432492 -8.76104084 0.02896939 0.77789236 0.04728599 0.62594592
0.00000000 -23.85602885 -14.11186029 -9.00830217 0.02674924 0.77306604 0.06505338 0.63041370
0.00000000 -22.85158731 -14.12835533 -9.17647832 0.03164544 0.76857873 0.05461596 0.63663365
0.00000000 -22.29535310 -14.11953219 -9.23666327 0.02213907 0.73993144 0.05933992 0.66969403
0.00000000 -21.29451385 -14.31155771 -9.48486433 0.02464040 0.74904079 0.07221098 0.65811574
0.00000000 -21.37555115 -14.16683135 -9.35852644 0.03621432 0.73610080 0.07994186 0.67115828
0.00000000 -20.67703712 -14.17613482 -9.45705468 0.03764463 0.74850927 0.06666753 0.65868975
0.00000000 -19.77809665 -14.16861225 -9.67615657 0.04960045 0.73103721 0.07013741 0.67690851
0.00000000 -19.21034976 -14.16642633 -9.76975792 0.06705259 0.75759462 0.04139140 0.64795146
0.00000000 -18.75335421 -14.15112317 -9.89373801 0.07492765 0.74571540 0.04257452 0.66066769
0.00000000 -18.27981020 -14.10533109 -9.95551466 0.04993751 0.76375221 0.03692248 0.64251501
0.00000000 -17.45657891 -14.07416330 -10.21275368 0.04151779 0.78153384 0.05171563 0.62032783
0.00000000 -15.92452680 -14.02824241 -10.68072969 0.04535328 0.77395503 0.04428178 0.63006017
0.00000000 -15.11926856 -13.98925047 -10.94422524 0.06017625 0.79335118 0.05631132 0.60315982
0.00000000 -14.39115371 -13.94374582 -11.14667484 0.05200966 0.77034651 0.05633250 0.63299913
0.00000000 -13.57110716 -13.87254320 -11.47307493 0.06635395 0.78819098 0.05949669 0.60894357
0.00000000 -12.73540803 -13.79617469 -11.75684699 0.04455614 0.76967850 0.06343034 0.63370841
0.00000000 -11.90674780 -13.77055888 -12.06181434 0.05481046 0.75898895 0.06386773 0.64564116
0.00000000 -11.10874011 -13.75972522 -12.31281681 0.06179248 0.76470458 0.03917915 0.64021370
0.00000000 -10.36815133 -13.69757823 -12.54324897 0.05378337 0.71916068 0.05495089 0.69057633
0.00000000 -9.35052558 -13.55813507 -12.83092501 0.04412177 0.76261623 0.03805151 0.64422189
0.00000000 -8.70435990 -13.50824617 -12.91034802 0.04349594 0.74226667 0.04071785 0.66745063
0.00000000 -8.14326279 -13.49873364 -12.96929837 0.05612809 0.73219570 0.04772934 0.67709748
0.00000000 -7.09930350 -13.49449727 -13.18717172 0.04337637 0.74454658 0.03691532 0.66513618
0.00000000 -6.14104574 -13.47863587 -13.45001883 0.03910085 0.81325792 0.02405555 0.58008966
0.00000000 -5.61016622 -13.45057071 -13.61758065 0.05157463 0.86838412 0.04418530 0.49121965
0.00000000 -5.13137939 -13.56948722 -13.83054610 0.04417932 0.90515016 0.02837056 0.42183704
0.00000000 -4.90776317 -13.52854154 -13.91721972 0.04357053 0.94775709 0.02311175 0.31515702
0.00000000 -4.73037350 -13.53479451 -14.01255848 0.03798757 0.97123507 0.03294697 0.23275283
0.00000000 -4.54437858 -13.48459475 -14.17656458 0.03747962 0.98092585 0.04500763 0.18534851
0.00000000 -4.38565946 -13.44053321 -14.41216169 0.03797257 0.99028673 0.03150781 0.12999051
0.00000000 -4.34224890 -13.41966005 -14.48903217 0.03541195 0.99586725 0.03130536 0.07755254
0.00000000 -4.30609602 -13.41370596 -14.52969723 0.03330452 0.99884551 0.01807828 0.02952347
0.00000000 -4.26401678 -13.41044712 -14.58434417 0.02883562 0.99858517 0.02677782 -0.03576462
0.00000000 -4.08703300 -13.30985001 -14.39240554 0.03460983 0.99714439 0.02446592 -0.06250309
0.00000000 -4.13242358 -13.35558263 -15.11233760 0.00365954 0.99562919 0.03479162 -0.08659479
0.00000000 -4.05570277 -13.34554908 -15.23669388 0.00360476 0.98586615 0.01966457 -0.16633777
0.00000000 -4.04035971 -13.31035646 -15.41239939 0.00806307 0.97937466 0.04195630 -0.19748399
0.00000000 -3.96682824 -13.34979267 -15.41041528 0.01977375 0.98362769 0.05339697 -0.17098050
0.00000000 -4.10072116 -13.24815799 -15.99481873 0.01375492 0.98053854 0.05035398 -0.18926029
0.00000000 -4.00284419 -13.28887459 -16.02546435 0.02804930 0.97537141 0.04676116 -0.21372233
0.00000000 -4.14851388 -13.17683426 -16.40516019 0.03404409 0.97810523 0.04427536 -0.20047658
0.00000000 -4.39409450 -13.13543111 -17.02197590 0.02487485 0.96702378 0.04318703 -0.24976215
0.00000000 -4.91720563 -13.07218001 -18.16273562 0.01800324 0.96450320 0.05976083 -0.25658937
0.00000000 -5.38283047 -12.80822674 -19.22717148 0.02340076 0.97236394 0.06257168 -0.22370865
0.00000000 -5.85468763 -12.63842576 -20.04725763 0.01105706 0.94664456 0.04727094 -0.31860205
0.00000000 -6.14458465 -12.59101470 -20.38886571 0.00222607 0.89006652 0.03167753 -0.45472319
0.00000000 -6.75499902 -12.49742035 -20.63443375 -0.00072215 -0.86235745 -0.03802814 0.50486925
0.00000000 -7.31581212 -12.38406480 -20.82070899 0.00448324 -0.82414826 -0.02691169 0.56571663
0.00000000 -8.14103490 -12.31199476 -21.00881148 0.01878788 -0.82321587 -0.02019478 0.56705803
0.00000000 -9.10164529 -12.44355545 -21.44003071 0.02383670 -0.82324444 -0.05240973 0.56475979
0.00000000 -9.26365157 -12.24014282 -21.39923102 0.01518948 -0.81060946 -0.03121581 0.58455723
0.00000000 -9.84149950 -12.20484505 -21.62949146 0.00179674 -0.79542638 -0.02520646 0.60552314
0.00000000 -10.52721859 -12.16623261 -21.93433272 0.02194756 -0.82045695 -0.03873468 0.56997221
0.00000000 -10.98490504 -12.13620650 -22.11042225 -0.00118194 -0.85100270 -0.03402487 0.52405659
0.00000000 -11.61271058 -12.11632379 -22.53039647 0.00917999 -0.85364223 -0.03322277 0.51971812
0.00000000 -11.87737663 -12.07222943 -22.70506093 -0.00069290 0.86577008 0.03194443 -0.49942090
0.00000000 -12.02695762 -12.06094684 -22.79160246 -0.01703110 0.87963997 0.02762902 -0.47453146
0.00000000 -12.32235746 -12.01558692 -23.00740239 -0.02431879 0.86658117 0.02670555 -0.49772732
0.00000000 -12.37196527 -12.01884051 -23.06760966 0.02673833 -0.85305390 -0.04160815 0.51947364
0.00000000 -12.48702372 -12.00533648 -23.15852941 0.00168441 -0.85362791 -0.05452931 0.51801844
0.00000000 -12.55088388 -11.99504592 -23.16074525 0.00175560 0.86701298 0.05656504 -0.49506141
0.00000000 -12.55145353 -12.00093244 -23.14962948 -0.00429052 -0.85545714 -0.06736589 0.51345546
0.00000000 -12.58876446 -12.00835382 -23.09900128 0.00596665 0.88741241 0.05796598 -0.45727842
0.00000000 -12.60913502 -12.01055664 -23.06203350 -0.00633390 0.90599216 0.05980954 -0.41899988
0.00000000 -12.65187863 -12.01707757 -22.98341718 -0.00877246 0.92797501 0.07347476 -0.36522169
0.00000000 -12.68845246 -12.03318061 -22.81360783 0.01265766 0.92925562 0.07846340 -0.36078702
0.00000000 -12.78031590 -12.06374201 -22.63065445 0.01177569 0.94710560 0.06826200 -0.31335701
0.00000000 -12.87218390 -12.07981389 -22.49893251 0.00224983 0.96438961 0.06313369 -0.25683020
0.00000000 -13.02796195 -12.10159958 -22.14574753 0.02151134 0.96647293 0.06761577 -0.24677004
0.00000000 -13.18847892 -12.08491206 -21.94797394 0.00096151 0.98479022 0.07155152 -0.15832776
0.00000000 -13.40602007 -12.12331493 -21.55954911 0.00754596 0.97767846 0.04706538 -0.20462829
0.00000000 -13.61222932 -12.14385090 -21.38460875 0.01889079 0.97317446 0.03140616 -0.22713049
0.00000000 -13.63586199 -12.13175480 -21.39027626 0.01025587 0.96192830 0.04552584 -0.26928826
