0.00000000 0.06847864 0.01955888 -0.01103926 -0.02700714 -0.01330057 0.09944179 0.99458787
0.00000000 0.08081124 0.07830202 -0.02228427 -0.05782061 -0.02585379 0.23262419 0.97050211
-0.00781250 0.07546823 0.07546249 -0.02495781 -0.05586964 -0.02517568 0.22590710 0.97221950
-0.00781250 0.06591136 0.07909803 -0.03370226 -0.08276144 -0.06555034 0.35331093 0.92952950
0.00000000 0.09371831 0.00687612 -0.00058976 -0.10042229 -0.05374173 0.34358744 0.93218821
-0.00781250 0.15576647 -0.09881197 0.02755665 -0.08738134 -0.04523701 0.33441432 0.93727540
0.00000000 -0.03243591 -0.36532768 0.01793669 -0.00226075 0.00223793 0.04482174 0.99898994
0.00000000 -0.03744601 -0.56937486 0.00131845 0.03650007 -0.01081885 0.06399208 0.99722400
0.00000000 -0.10423840 -0.69353999 0.03748911 0.05519908 -0.01808230 0.09064940 0.99418750
0.00000000 -0.09057662 -0.67715282 0.31624230 0.05960176 -0.07353843 0.10238608 0.99023069
0.00000000 0.21066119 -0.52942610 0.72512951 -0.00414869 -0.04212748 0.35991967 0.93202247
0.00000000 -0.17470820 -0.65375740 1.07282202 0.04028858 -0.08539945 0.09931349 0.99056580
0.00000000 -0.21806471 -0.65850751 1.41171893 0.04845431 -0.07534914 0.10739616 0.99017208
0.00000000 -0.25004575 -0.66923978 1.55005876 0.05698876 -0.04401841 0.12067134 0.99007731
0.00000000 -0.29157917 -0.64670078 1.82004918 0.03416479 -0.03794245 0.13881964 0.98900063
0.00000000 -0.27858868 -0.63068190 1.97583262 0.04351270 -0.06521152 0.14924440 0.98568769
0.00000000 -0.24363882 -0.58639886 2.17223183 0.04768178 -0.07539018 0.15275699 0.98422968
0.00000000 -0.25145087 -0.54423262 2.34822872 0.03391446 -0.05693216 0.15289569 0.98601798
0.00000000 -0.29472801 -0.53908643 2.53538860 0.03633669 -0.03897040 0.15557559 0.98638592
0.00000000 -0.34332387 -0.52255189 2.87432896 0.02453195 -0.03940006 0.16422753 0.98532996
0.00000000 -0.35152530 -0.50385241 3.00471242 0.03862946 -0.04751365 0.16360364 0.98462382
0.00000000 -0.36324311 -0.50212372 3.08899819 0.04215006 -0.05277040 0.16684730 0.98366693
0.00000000 -0.38397061 -0.50874718 3.21408102 0.04130578 -0.04683135 0.15960987 0.98520320
0.00000000 -0.38695692 -0.51276517 3.24879095 0.04959898 -0.04398729 0.15619956 0.98549823
0.00000000 -0.39187513 -0.50835223 3.28105142 0.04065627 -0.04281442 0.16214067 0.98499969
0.00000000 -0.41438355 -0.52156603 3.32091564 0.03691329 -0.05387283 0.16328006 0.98441594
0.00000000 -0.42402816 -0.51840002 3.33354625 0.04307782 -0.06730040 0.16079649 0.98374765
0.00000000 -0.42394864 -0.52325778 3.33925980 0.04415503 -0.08728329 0.16000268 0.98225816
0.00000000 -0.42506971 -0.52841437 3.34345445 0.04968198 -0.10443917 0.15823620 0.98060464
0.00000000 -0.42655324 -0.52533716 3.34346357 0.05025845 -0.11935865 0.15980175 0.97861688
0.00000000 -0.42425848 -0.52512849 3.34662097 0.04963527 -0.14626803 0.15273585 0.97612180
0.00000000 -0.43438723 -0.51956185 3.33941907 0.05555829 -0.16402959 0.15274802 0.97297257
0.00000000 -0.43237958 -0.52440939 3.33747830 0.05974432 -0.18169244 0.16178940 0.96811294
0.00000000 -0.43547149 -0.53589277 3.32786054 0.05797199 -0.19984563 0.16236687 0.96454029
0.00000000 -0.43265120 -0.53298392 3.32422585 0.06409699 -0.22384183 0.16356984 0.95866121
0.00000000 -0.42830150 -0.53312734 3.32350712 0.06877736 -0.24215049 0.16696426 0.95328681
0.00000000 -0.42315899 -0.54404240 3.32096283 0.06463319 -0.25962425 0.17146446 0.94816546
0.00000000 -0.42568308 -0.53935305 3.31139246 0.07180640 -0.28492303 0.16313179 0.94183370
0.00000000 -0.41841707 -0.55112876 3.30368856 0.06675276 -0.30797930 0.16422257 0.93473192
0.00000000 -0.42374988 -0.54838343 3.28698792 0.07350759 -0.32686341 0.16266141 0.92806154
0.00000000 -0.43021061 -0.55177390 3.26744639 0.08267247 -0.34093419 0.16549507 0.92170523
0.00000000 -0.43609491 -0.56499875 3.24690580 0.07964334 -0.36040716 0.16990311 0.91372674
0.00000000 -0.45187130 -0.55947217 3.20876644 0.09115735 -0.39373728 0.16918486 0.89890921
0.00000000 -0.47180771 -0.58046788 3.12809042 0.10137489 -0.45724408 0.16899261 0.86723266
0.00000000 -0.49288830 -0.61223661 3.03761523 0.11042434 -0.52220380 0.17458527 0.82742350
0.00000000 -0.49427498 -0.63024564 2.95819278 0.11749001 -0.57151637 0.17748907 0.79250411
0.00000000 -0.48591068 -0.61824730 2.91340278 0.12494395 -0.61448274 0.17380394 0.75933666
0.00000000 -0.48983149 -0.60774528 2.89381475 0.13955367 -0.66633336 0.16930435 0.71264343
0.00000000 -0.49181107 -0.60670640 2.89142428 0.14272175 -0.70766389 0.16898172 0.67103465
0.00000000 -0.48386305 -0.61217080 2.87896974 0.14190890 -0.74225710 0.16608727 0.63350713
0.00000000 -0.45526962 -0.60611513 2.87343629 0.14289852 -0.76662915 0.16441088 0.60401062
0.00000000 -0.42694433 -0.60600464 2.85981186 0.14222622 -0.79032109 0.16387921 0.57298157
0.00000000 -0.42594350 -0.60064694 2.85248191 0.14410833 -0.80659449 0.16300503 0.54960665
0.00000000 -0.41326394 -0.59581861 2.83914871 0.14572129 -0.82913589 0.15513791 0.51694410
0.00000000 -0.39332909 -0.59288386 2.82051323 -0.15000047 0.85873622 -0.15107581 -0.46609878
0.00000000 -0.36035551 -0.58996018 2.79324770 -0.15436038 0.89535103 -0.13977236 -0.39367891
0.00000000 -0.32384229 -0.58250316 2.75199142 -0.16024966 0.92424222 -0.13200647 -0.32042262
0.00000000 -0.25838646 -0.56934547 2.69006893 -0.15329720 0.94600891 -0.12991912 -0.25433862
0.00000000 -0.19435428 -0.49278122 2.56164970 -0.16874587 0.96390620 -0.10480379 -0.17727332
0.00000000 -0.09311405 -0.47748594 2.43135657 -0.14048832 0.97761947 -0.09962177 -0.12082512
0.00000000 -0.12266834 -0.67920638 2.30174347 -0.01494034 0.99684216 -0.07621429 -0.01654903
0.00000000 0.01316265 -0.70755547 1.60344759 -0.02992258 0.99557606 -0.08215163 -0.03441011
0.00000000 0.06662973 -0.56949818 1.06488848 -0.13923197 0.98292550 -0.11223897 -0.04329355
0.00000000 0.09117667 -0.58485388 0.90311657 -0.12967762 0.97953534 -0.12902294 -0.08394833
0.00000000 0.11188137 -0.60212204 0.75479861 -0.12495024 0.97674926 -0.13601568 -0.10884876
0.00000000 0.08150394 -0.59229656 0.40153922 -0.12544805 0.97715985 -0.13451215 -0.10643262
0.00000000 0.07461717 -0.60738691 0.31424655 -0.11902927 0.97482231 -0.13330022 -0.13335871
0.00000000 0.06288331 -0.60525901 0.27279615 -0.12045597 0.97200048 -0.13047337 -0.15389000
0.00000000 0.07371847 -0.60617049 0.20748770 -0.12391454 0.96448351 -0.13320274 -0.19150397
0.00000000 0.07604292 -0.61625642 0.14854688 -0.12961251 0.95625951 -0.14133026 -0.22089389
0.00000000 0.10205016 -0.63041239 0.06778509 -0.12171181 0.94982856 -0.14515685 -0.24888034
0.00000000 0.11785404 -0.63819477 -0.01651069 -0.12339998 0.94115611 -0.15328693 -0.27477397
0.00000000 0.10060020 -0.63348631 -0.13435499 -0.11874069 0.93587415 -0.14657722 -0.29758251
0.00000000 0.06803958 -0.63276435 -0.23785730 -0.10982907 0.92689812 -0.14744236 -0.32719749
0.00000000 0.04133210 -0.63868047 -0.27981322 -0.09846302 0.92258369 -0.14204626 -0.34491628
0.00000000 0.03340172 -0.65820260 -0.32862352 -0.10477184 0.91393269 -0.14021547 -0.36618237
0.00000000 0.02258498 -0.65930767 -0.35528314 -0.09178424 0.90878671 -0.14447430 -0.38053849
0.00000000 0.01146249 -0.64407601 -0.39389464 -0.10686249 0.89130276 -0.15497139 -0.41248474
0.00000000 0.01937674 -0.64217099 -0.43179451 -0.11010254 0.87632239 -0.15700680 -0.44191103
0.00000000 0.03055037 -0.64856214 -0.45974060 -0.11057032 0.86468771 -0.15907973 -0.46344687
0.00000000 0.05455386 -0.65255259 -0.53646127 -0.10702091 0.84781615 -0.16316839 -0.49308252
0.00000000 0.06953983 -0.65342934 -0.58662190 -0.10440332 0.85186272 -0.15287727 -0.48995755
0.00000000 0.05943932 -0.65164219 -0.61461112 -0.09260068 0.85570729 -0.14088566 -0.48922528
0.00000000 -0.08217846 -0.66555986 -0.71037749 -0.07768452 0.85719979 -0.14089559 -0.48920554
0.00000000 -0.25857582 -0.70697705 -0.82837325 0.07961299 -0.84737206 0.13615607 0.50703440
0.00000000 -0.33806991 -0.69770460 -0.91549911 0.06964247 -0.82934542 0.14839984 0.53414753
0.00000000 -0.35020481 -0.72791657 -0.93848050 0.07142993 -0.81852563 0.14142727 0.55218827
0.00000000 -0.37968426 -0.72957673 -0.97528598 0.06947105 -0.80495580 0.15149360 0.56944676
0.00000000 -0.40529330 -0.74891650 -1.00557537 0.07870437 -0.78999826 0.15720384 0.58736302
0.00000000 -0.42820855 -0.75470968 -1.03022540 0.07648780 -0.78486537 0.16124606 0.59341021
0.00000000 -0.48323776 -0.76325879 -1.07417773 0.07533408 -0.77426137 0.15529742 0.60887340
0.00000000 -0.50204021 -0.77008150 -1.07975360 0.06962172 -0.77509591 0.15513692 0.60853240
0.00000000 -0.55361683 -0.76806848 -1.09053952 0.07034849 -0.77811762 0.15320237 0.60507279
0.00000000 -0.57394667 -0.77128475 -1.09568440 0.06939128 -0.78016690 0.15361502 0.60243414
0.00000000 -0.58701322 -0.77686953 -1.09735176 0.06638331 -0.78180263 0.15603350 0.60002620
0.00000000 -0.61213842 -0.78648410 -1.10047526 0.06097861 -0.78624166 0.15949286 0.59385831
0.00000000 -0.66946544 -0.79219419 -1.10717336 0.06417059 -0.79013482 0.15473932 0.58959719
0.00000000 -0.70231451 -0.79219601 -1.10199479 0.06674608 -0.79281960 0.15890365 0.58457820
0.00000000 -0.71350487 -0.79574589 -1.10648782 0.06428421 -0.79285705 0.16198103 0.58395837
0.00000000 -0.73503963 -0.80305924 -1.10380447 0.06560344 -0.79440070 0.15983387 0.58230306
0.00000000 -0.74173629 -0.81238116 -1.09457974 0.05662728 -0.79715231 0.16710693 0.57742257
0.00000000 -0.76993526 -0.80789049 -1.10771090 0.06949811 -0.79749565 0.16011786 0.57752314
0.00000000 -0.79468894 -0.81142830 -1.11002239 0.07480882 -0.79893794 0.15514894 0.57622097
0.00000000 -0.81417464 -0.82767215 -1.11806628 0.06490506 -0.79981218 0.15960423 0.57499069
0.00000000 -0.82833551 -0.82619119 -1.12477402 0.06150624 -0.80234596 0.16197411 0.57115876
0.00000000 -0.85473359 -0.81974605 -1.12390384 0.07614150 -0.80251728 0.15222434 0.57183584
0.00000000 -0.88124566 -0.83310506 -1.12534602 0.06555993 -0.80427125 0.15656814 0.56950511
0.00000000 -0.90221434 -0.83361614 -1.13323608 0.06659036 -0.80409240 0.15457257 0.57018283
0.00000000 -0.92342851 -0.84162585 -1.14426910 0.06332471 -0.80175054 0.15507195 0.57370615
0.00000000 -0.95671521 -0.84766883 -1.14341275 0.06000671 -0.80168251 0.15763406 0.57345955
0.00000000 -0.97538403 -0.84794514 -1.15442519 0.06664843 -0.79865236 0.15541044 0.57754652
0.00000000 -1.00201295 -0.84830102 -1.16587415 0.06414569 -0.79436224 0.15811013 0.58298812
63338634560890757120.00000000 -1.02302158 -0.85386082 -1.17437909 0.07122020 -0.79091171 0.15223372 0.58839719
0.00000000 -1.05766414 -0.86042672 -1.17477824 0.06752970 -0.78842579 0.14909397 0.59295489
0.00000000 -1.08676931 -0.86624629 -1.17707842 0.07139322 -0.78625577 0.14726567 0.59583361
0.00000000 -1.10202546 -0.87996548 -1.19362492 0.06676606 -0.78047513 0.15551107 0.60184480
0.00000000 -1.13579013 -0.87374785 -1.18366109 0.08364224 -0.77873634 0.15283930 0.60267225
0.00000000 -1.14781621 -0.88769461 -1.19366058 0.07148582 -0.77712098 0.16322423 0.60359805
0.00000000 -1.17955236 -0.87868365 -1.18687826 0.09172351 -0.77554338 0.15893163 0.60403642
0.00000000 -1.18437602 -0.88943972 -1.19225528 0.08736629 -0.77577141 0.15853543 0.60449348
0.00000000 -1.20048298 -0.89062767 -1.19185515 0.08960361 -0.77635149 0.15733364 0.60373478
0.00000000 -1.20865903 -0.89103059 -1.19989562 0.09180949 -0.77722794 0.15664800 0.60245262
0.00000000 -1.22264408 -0.89946137 -1.19613578 0.08728894 -0.78640008 0.15645558 0.59116597
0.00000000 -1.23472978 -0.88293240 -1.20071994 0.09990453 -0.78814105 0.15452508 0.58734553
0.00000000 -1.23429130 -0.89559195 -1.19702834 0.08848713 -0.79336715 0.15660640 0.58156086
0.00000000 -1.24029491 -0.89281464 -1.19355780 0.08999147 -0.79620224 0.15634703 0.57751115
0.00000000 -1.23850896 -0.89992564 -1.19137761 0.08235128 -0.79969706 0.15923308 0.57301632
0.00000000 -1.23336376 -0.90721992 -1.19167936 0.07888630 -0.79951150 0.15918599 0.57377533
0.00000000 -1.23247701 -0.90172573 -1.19401039 0.08467764 -0.79781987 0.15946248 0.57522593
0.00000000 -1.23231090 -0.89663001 -1.19746511 0.08714551 -0.79743897 0.15968389 0.57532409
0.00000000 -1.22985073 -0.89688909 -1.19999169 0.08586419 -0.79818998 0.16207031 0.57380599
0.00000000 -1.22851780 -0.89492862 -1.19469094 0.08389864 -0.80214681 0.17285805 0.56536855
0.00000000 -1.23319959 -0.88444826 -1.20485525 0.09117452 -0.80202869 0.16226738 0.56754425
0.00000000 -1.23884306 -0.87309451 -1.20746184 0.10145550 -0.80483650 0.15505966 0.56382754
0.00000000 -1.23221117 -0.88448362 -1.20615970 0.08840518 -0.81064286 0.16918223 0.55355222
0.00000000 -1.23397918 -0.87716182 -1.20767004 0.09916647 -0.81593263 0.15937655 0.54682637
0.00000000 -1.23978960 -0.87397564 -1.19901854 0.10428127 -0.81963977 0.15854248 0.54053710
801343081618409914368.00000000 -1.22262488 -0.88095814 -1.21255862 0.10106757 -0.83097772 0.16236097 0.52239860
0.00000000 -1.21770886 -0.87823905 -1.21046603 0.10049327 -0.84176699 0.16802977 0.50308592
0.00000000 -1.21927749 -0.87287996 -1.20854966 -0.10368511 0.84435296 -0.16482846 -0.49914834
0.00000000 -1.21738580 -0.87519694 -1.20899894 -0.10414973 0.84523753 -0.16348764 -0.49799411
0.00000000 -1.21182667 -0.87424848 -1.21632692 -0.10182564 0.84637809 -0.16642861 -0.49555745
0.00000000 -1.20702872 -0.87537157 -1.21206786 -0.09794779 0.85232503 -0.16877521 -0.48524551
0.00000000 -1.20644446 -0.87339098 -1.21317246 -0.10098004 0.85532299 -0.16571709 -0.48037846
0.00000000 -1.20509741 -0.87410722 -1.21067939 -0.10174485 0.85835762 -0.16434748 -0.47524739
0.00000000 -1.20514753 -0.87145349 -1.20956313 -0.09705910 0.86108563 -0.16614021 -0.47064689
0.00000000 -1.19965316 -0.87683503 -1.21604016 -0.09427900 0.86229394 -0.16390815 -0.46978160
0.00000000 -1.20102267 -0.87448391 -1.21252100 -0.09528144 0.86398553 -0.15902525 -0.46814679
0.00000000 -1.20868019 -0.86863766 -1.18542993 -0.09775010 0.86878768 -0.15405305 -0.46034829
0.00000000 -1.19988710 -0.87190666 -1.21229815 -0.09084371 0.86892779 -0.15885444 -0.45986648
0.00000000 -1.22155436 -0.86046434 -1.17202791 -0.10527604 0.87350046 -0.14841792 -0.45153740
0.00000000 -1.20170787 -0.86651576 -1.20731241 -0.09300154 0.87272833 -0.15545549 -0.45335369
0.00000000 -1.21675465 -0.87046799 -1.18119964 -0.11069922 0.87824809 -0.14675908 -0.44146092
0.00000000 -1.19166291 -0.85970440 -1.21629508 -0.08685841 0.88054678 -0.15989545 -0.43763732
0.00000000 -1.19480485 -0.85510939 -1.20754218 -0.09250569 0.88292691 -0.15918035 -0.43190785
0.00000000 -1.18776082 -0.85730303 -1.21933591 -0.09298582 0.88493205 -0.15901099 -0.42774339
0.00000000 -1.19004950 -0.85209210 -1.21557570 -0.09182560 0.88786515 -0.16231446 -0.42061567
0.00000000 -1.18733648 -0.85472602 -1.21912402 -0.09334701 0.88834983 -0.16042788 -0.41998072
0.00000000 -1.18815823 -0.85299417 -1.22133321 -0.08925822 0.89099908 -0.16252906 -0.41441273
