0.00000000 -0.24525187 0.05321751 -0.97790413 0.00000016 0.00001192 0.00275344 0.99999621
0.00000000 -0.26976914 0.05877939 -1.03270004 -0.00032970 0.00014044 0.00275856 0.99999613
0.00000000 -0.10735026 0.00911425 -0.58408206 0.00416605 -0.01592028 0.00170488 0.99986313
0.00000000 -0.14074781 0.01285042 -0.70678643 -0.01380834 -0.00686233 0.00223787 0.99987861
-0.00781250 -0.24577517 0.02010042 -0.97593892 0.00260870 -0.00567853 0.00198121 0.99997851
0.00000000 -0.26307809 -0.00263911 -1.03487500 0.01592233 0.00983071 -0.00426578 0.99981580
0.00000000 -0.00288636 -0.17168013 -0.38798924 0.05514835 0.01892912 -0.01169867 0.99823018
0.00000000 -0.11741693 -0.39759227 -1.02180983 0.05763925 0.03852433 -0.02269538 0.99733571
0.00000000 0.23275381 -0.98635939 -0.57816385 0.07277390 0.03679845 -0.00344222 0.99666343
0.00000000 0.01874379 -0.97784155 -1.05736951 0.05202518 0.13800667 -0.03044955 0.98859515
0.00000000 0.13134405 -1.02722496 -0.84359824 0.04491933 0.35205551 -0.03634458 0.93419390
0.00000000 0.24591640 -1.01929417 -0.91013404 0.03549101 0.46276209 -0.03290290 0.88516046
0.00000000 0.38447090 -1.01502906 -0.91827508 0.03176192 0.53598054 -0.04717729 0.84231249
0.00000000 0.47118603 -0.98869121 -0.98583364 0.03155598 0.58984595 -0.03187058 0.80626934
0.00000000 0.36864324 -0.96479171 -1.16223585 0.02377703 0.62854241 -0.02634699 0.77696520
0.00000000 0.40159142 -0.96782064 -1.21437768 0.02225826 0.64341036 -0.02116359 0.76490508
0.00000000 0.47789801 -0.95568127 -1.29161336 0.01588948 0.69370463 -0.02082688 0.71978306
0.00000000 0.55419968 -0.94190896 -1.35466016 0.00241969 0.73477800 -0.01847318 0.67805175
-0.00781250 0.38245739 -0.98488696 -1.29699901 0.01088812 0.75309847 -0.02051944 0.65749760
0.00000000 0.92508991 -0.92243815 -1.47141308 0.00786533 0.71375592 -0.03401581 0.69952380
0.00000000 2.16557903 -0.78640765 -1.66309757 0.00999173 0.71169413 -0.00814844 0.70237115
0.00000000 2.38902520 -0.78336556 -1.71609313 0.01181479 0.68741810 -0.01328081 0.72604435
0.00000000 2.23681665 -0.74526552 -1.66804731 0.01917512 0.69914050 -0.01863589 0.71448414
0.00000000 2.76386283 -0.67972002 -1.68705544 0.01251290 0.65999721 -0.00605110 0.75113947
0.00000000 3.24908814 -0.63797479 -1.65739474 0.02963463 0.69034794 -0.02771826 0.72233870
0.00000000 3.63103897 -0.60152444 -1.61900767 0.01797027 0.69242003 0.00232867 0.72126704
0.00000000 4.01730091 -0.56689307 -1.58534176 0.02431738 0.65290876 -0.00024399 0.75704607
0.00000000 4.57433909 -0.51950125 -1.42615285 0.01692003 0.70757212 0.01104981 0.70635212
0.00000000 5.45676039 -0.47829252 -1.31930886 0.01521375 0.67737067 0.00243168 0.73548053
0.00000000 5.67355471 -0.46631236 -1.22083971 0.00788706 0.66875407 -0.00532952 0.74342275
0.00000000 5.97671933 -0.41182463 -1.06145531 0.03371559 0.68362319 0.00009861 0.72905595
0.00000000 6.17328733 -0.39984660 -0.95528717 0.01561407 0.67061565 0.00938737 0.74158124
0.00000000 6.43286457 -0.36225622 -0.84719345 0.03040462 0.63461313 0.01105248 0.77215256
0.00000000 6.02762675 -0.41617659 -0.82586754 0.03049787 0.61345253 0.00410139 0.78913183
0.00000000 7.15773104 -0.35205392 -0.62136816 0.01001702 0.63256021 0.01268171 0.77434257
0.00000000 7.02202021 -0.31796084 -0.53193679 0.03186288 0.62169174 0.01436510 0.78248181
0.00000000 7.46572991 -0.34420487 -0.22643309 0.03664916 0.60358254 0.00077425 0.79645738
0.00000000 8.00221793 -0.31545151 -0.09514164 0.02743949 0.64862484 0.02207238 0.76029317
0.00000000 8.67726600 -0.32106796 -0.06315119 0.03056760 0.64096902 0.03867830 0.76598194
0.00000000 9.20177176 -0.31312255 0.07461358 0.02370611 0.65578769 0.00975730 0.75450999
0.00000000 10.22017474 -0.30620709 0.21199419 0.01401734 0.67497951 0.01595123 0.73753083
0.00000000 10.38553970 -0.29510414 0.26973342 0.01347435 0.65456027 0.03582222 0.75504044
0.00000000 10.09822220 -0.29382098 0.29168141 0.00370556 0.64583821 0.01811851 0.76325028
0.00000000 10.44090097 -0.25564123 0.37984583 0.00573675 0.68630719 0.00766866 0.72724874
0.00000000 11.51922657 -0.26232358 0.58175604 0.02120516 0.67627771 0.03486945 0.73551541
0.00000000 11.09239278 -0.23600526 0.62652759 0.01136741 0.65370318 0.04293562 0.75544654
0.00000000 11.50409605 -0.20379821 0.84450114 0.00387989 0.67604189 0.01053998 0.73677759
0.00000000 12.22201590 -0.23841877 1.17774859 -0.00796578 0.68101004 0.02324846 0.73186159
0.00000000 12.66899208 -0.21649139 1.19986121 -0.01034480 0.71315732 0.02996171 0.70028703
0.00000000 13.60532341 -0.23085748 1.21769950 0.01146288 0.74853586 0.03496036 0.66207284
0.00000000 13.92027429 -0.20147066 1.29012088 0.02207665 0.73677970 0.03747528 0.67473246
0.00000000 13.61253085 -0.15084782 1.30715215 0.01712718 0.71978450 0.03298738 0.69320182
0.00000000 14.64949723 -0.18891894 1.36523342 0.00666534 0.72672878 0.03888655 0.68579055
0.00000000 14.89287401 -0.15295646 1.41623913 0.01808407 0.71602150 0.04011874 0.69668979
0.00000000 15.07592717 -0.14120600 1.44650499 0.00954912 0.70278399 0.06180886 0.70864881
0.00000000 14.81764874 -0.11487220 1.37835307 0.00698239 0.68723982 0.05147962 0.72457058
0.00000000 15.08139070 -0.03961436 1.46105233 -0.01270689 0.71419132 0.02642461 0.69933614
0.00000000 15.45215705 -0.01770815 1.45944855 -0.00333171 0.73111641 0.05614587 0.67993040
0.00000000 15.79620884 -0.02184279 1.32041654 0.00767031 0.71171179 0.05913302 0.69993627
0.00000000 16.30626876 -0.03613999 1.44179583 0.00632252 0.72277560 0.03919380 0.68994153
0.00000000 16.98736210 -0.02134907 1.39643741 0.00682907 0.74125851 0.06716093 0.66781629
0.00000000 17.46481158 -0.00439716 1.40737171 -0.00002829 0.75196864 0.04014202 0.65797552
0.00000000 18.50804722 -0.02543161 1.52077817 0.00797035 0.73921124 0.05787104 0.67093529
0.00000000 18.64976297 -0.01916877 1.55773420 0.00033139 0.71466415 0.07223868 0.69572740
0.00000000 18.36701165 -0.01269743 1.65881915 -0.00111131 0.72512853 0.05171346 0.68666811
0.00000000 19.68809752 0.06593008 1.41195647 -0.00724774 0.71494558 0.06083744 0.69649056
0.00000000 19.33658653 0.01495150 1.45933330 -0.00546002 0.70044797 0.05314074 0.71170141
0.00000000 19.67030018 0.00996917 1.50106243 0.00673369 0.70564388 0.03764614 0.70753384
0.00000000 20.66903090 0.10527746 1.49406912 -0.00128216 0.71674063 0.06108108 0.69465843
0.00000000 20.44992382 0.02633880 1.54428213 -0.00580170 0.70117646 0.06676194 0.70983150
0.00000000 20.91112001 0.08793808 1.57446361 -0.01437390 0.72866570 0.03992958 0.68355345
0.00000000 21.60424035 0.12381104 1.32287668 -0.01248808 0.72049829 0.07875825 0.68885659
0.00000000 21.92689983 0.13870996 1.33791345 -0.03223373 0.70988063 0.05887908 0.70111606
0.00000000 23.13885224 0.28648844 1.39829646 -0.02433129 0.71163185 0.06933430 0.69869940
0.00000000 23.02581525 0.26661586 1.44445945 -0.04093765 0.69164486 0.07141558 0.71753140
0.00000000 23.50979687 0.34324399 1.46905888 -0.02081943 0.69974188 0.04787827 0.71248546
0.00000000 23.84284886 0.38602232 1.50447695 -0.03316717 0.71306053 0.06037648 0.69771004
0.00000000 24.21429666 0.47271787 1.53427194 -0.04100270 0.70047317 0.07752594 0.70826961
0.00000000 24.75457385 0.49006674 1.55188390 -0.03204334 0.68069471 0.05836117 0.72953540
0.00000000 25.26732958 0.52660196 1.59485639 -0.00720128 0.71097547 0.05572869 0.70096814
0.00000000 25.75106711 0.63118876 1.60416375 -0.01010298 0.69197442 0.06840235 0.71860313
0.00000000 26.69574434 0.69189831 1.65728429 -0.01883127 0.70525973 0.06348720 0.70584947
0.00000000 27.23006937 0.78941259 1.66283084 -0.01556996 0.69536327 0.08933348 0.71291446
0.00000000 27.97145316 0.83555323 1.68617006 -0.00562886 0.70337223 0.05933779 0.70831833
0.00000000 28.66088954 0.96679381 1.68061152 -0.00765571 0.70308830 0.08403965 0.70607760
0.00000000 29.19575448 1.03978859 1.72613599 -0.02278117 0.68182188 0.06731918 0.72805774
0.00000000 29.79637587 1.11952700 1.74156498 -0.01291800 0.70982047 0.06640602 0.70112642
0.00000000 30.34521852 1.21278804 1.78632931 -0.00632491 0.68112018 0.08046992 0.72770865
0.00000000 31.09308005 1.33208131 1.83766557 -0.00356173 0.69915903 0.06833691 0.71168394
0.00000000 31.56129622 1.41957471 1.85109694 -0.00088637 0.68796842 0.08397103 0.72086583
0.00000000 32.04672142 1.48663616 1.89304522 -0.00351566 0.67213743 0.07362273 0.73674867
0.00000000 33.10603667 1.61921863 2.01093508 -0.00121453 0.68106586 0.07062914 0.72880679
0.00000000 33.10357271 1.64142661 2.04700067 -0.00257931 0.65048013 0.08016590 0.75527636
0.00000000 33.82667616 1.76525662 2.13314685 0.00508307 0.63556190 0.07230960 0.76863942
0.00000000 34.79224214 1.92931165 2.24431463 0.00003924 0.63278141 0.09474465 0.76851229
0.00000000 35.41585305 2.03984090 2.36493546 -0.00337523 0.65362970 0.07089439 0.75347914
-0.00781250 36.05456456 2.13686626 2.40568143 -0.00517465 0.67842362 0.07796994 0.73050346
0.00000000 36.97207643 2.29440139 2.44096214 -0.01482526 0.69175435 0.06450114 0.71909369
0.00000000 37.57203066 2.41213796 2.49224424 -0.01681465 0.67560361 0.08101268 0.73260765
0.00000000 38.28150984 2.52494264 2.55288881 -0.01131442 0.67414180 0.05837301 0.73620473
0.00000000 39.09918993 2.61698220 2.63262747 -0.01235142 0.66459682 0.05910205 0.74475866
0.00000000 39.81809985 2.75009095 2.73476292 -0.02163736 0.66409963 0.07312907 0.74374434
0.00000000 40.49318217 2.86707577 2.82373880 -0.03384952 0.66418157 0.08245029 0.74223918
0.00000000 41.08961721 2.94893410 2.92540882 -0.03301685 0.70628079 0.07967607 0.70265856
0.00000000 41.75042441 3.06862502 2.98880823 -0.05831585 0.69913628 0.08434043 0.70759764
0.00000000 42.47669249 3.18443145 3.05793003 -0.05476670 0.71479304 0.07997918 0.69258562
0.00000000 42.88586483 3.27763480 3.10361257 -0.05144435 0.70630048 0.08809455 0.70052299
0.00000000 43.41714386 3.35837643 3.11583467 -0.04289778 0.74633111 0.06064128 0.66141688
0.00000000 43.82654517 3.41844261 3.09458557 -0.05884391 0.79650708 0.07022040 0.59764786
0.00000000 44.65999807 3.56441519 2.83825247 -0.07200474 0.81348978 0.06032523 0.57394300
0.00000000 44.90753366 3.62192068 2.82744304 -0.05228322 0.85312635 0.04129588 0.51743266
0.00000000 45.00282689 3.65158633 2.96529594 -0.06033981 0.87454093 0.06644260 0.47657386
0.00000000 45.48352511 3.75263461 2.65315623 -0.05445304 0.90728420 0.05657256 0.41312202
0.00000000 45.67937241 3.82447337 2.53898412 -0.08791498 0.94372173 0.06286119 0.31258396
0.00000000 45.79003221 3.86942633 2.67781686 -0.08208611 0.96614493 0.06205607 0.23659011
0.00000000 46.22727750 4.01541108 2.30331509 -0.10866162 0.97365481 0.05525605 0.19270634
0.00000000 46.51055160 4.11383956 2.04016870 -0.10804321 0.98730402 0.04753922 0.10628952
0.00000000 46.86197169 4.27493281 1.44760246 -0.10789488 0.99200868 0.03524459 0.05509351
0.00000000 47.00299920 4.38831998 1.06612652 -0.08512569 0.99486142 0.04618044 -0.02952510
0.00000000 47.03747134 4.45402373 0.59240670 -0.10653698 0.99320921 0.04652734 -0.00453282
0.00000000 47.00979863 4.55952454 -0.24191242 -0.09601017 0.99422168 0.04069753 -0.02547566
0.00000000 46.99439770 4.61156904 -0.29502612 -0.08559827 0.99498760 0.05149862 -0.00452753
0.00000000 46.98977560 4.68735643 -0.71719312 -0.09580194 0.99514740 0.02111821 -0.00759311
0.00000000 46.95216153 4.76742501 -1.44060223 -0.07217560 0.99686541 0.03227609 0.00287809
0.00000000 46.96432741 4.89210456 -2.29527683 -0.09383635 0.99501620 0.03329619 -0.00537165
0.00000000 46.97465595 4.98819280 -2.64466517 -0.07648523 0.99576111 0.04796258 0.01759041
0.00000000 47.01016087 5.06759735 -3.17363939 -0.09529571 0.99505891 0.02295136 0.01580285
0.00000000 46.98667757 5.14075409 -4.00112231 -0.09404976 0.99466390 0.04204499 0.00553023
0.00000000 47.05067296 5.20084600 -4.06022353 -0.08560317 0.99523276 0.02731439 0.03791805
0.00000000 47.06210843 5.30315852 -4.70454729 -0.09090304 0.99528259 0.03270845 0.00890790
-0.00781250 47.02867583 5.38374465 -5.19699173 -0.08208124 0.99519556 0.04907170 0.02098666
0.00000000 47.05239348 5.45164083 -5.66126465 -0.08670651 0.99601658 0.01497390 0.01444740
0.00000000 47.02473224 5.53248511 -6.42675703 -0.07195604 0.99697303 0.02880766 0.00610055
0.00000000 47.09273541 5.57510562 -6.44139350 -0.06749346 0.99651398 0.02984358 0.03890872
0.00000000 47.10289373 5.69892020 -7.21293532 -0.08117497 0.99588214 0.04033241 -0.00163785
0.00000000 47.09012785 5.77594363 -7.60324427 -0.07205989 0.99609670 0.04663099 0.02059819
0.00000000 47.15499889 5.86015467 -8.14484156 -0.08516412 0.99557550 0.02636643 0.02968670
0.00000000 47.20823281 5.97227828 -8.82685523 -0.06459309 0.99654693 0.04187102 0.03112516
0.00000000 47.29131091 6.18831276 -10.36079692 -0.06918903 0.99606864 0.02288142 0.05036457
0.00000000 47.33115322 6.25206847 -10.81876394 -0.09268546 0.99458525 0.03296857 0.03350601
0.00000000 47.41787849 6.44101593 -12.14463008 -0.08135076 0.99638667 0.02017710 0.01373122
0.00000000 47.43149709 6.54698829 -12.96026269 -0.06705688 0.99718271 0.02204250 0.02538019
0.00000000 47.41965034 6.63247938 -13.59952008 -0.06056118 0.99786010 0.02462676 0.00104174
0.00000000 47.40883154 6.69086151 -13.99646247 -0.06449534 0.99723165 0.02961165 0.02219315
0.00000000 47.45207002 6.84855707 -15.12587116 -0.06097203 0.99733744 0.02812722 0.02844829
0.00000000 47.56137100 6.98131483 -16.05971002 -0.07504503 0.99629720 0.03959937 0.01385715
0.00000000 47.60937048 7.09727513 -16.64786621 -0.07675870 0.99355138 0.06396012 0.05359913
0.00000000 47.61921670 7.16962956 -17.18217193 -0.06969981 0.99552129 0.05356543 0.03478553
0.00000000 47.63674396 7.26906904 -17.80050881 -0.06670746 0.99346049 0.07735732 0.05101195
0.00000000 47.69087029 7.37799814 -18.48759994 -0.07748798 0.99584766 0.03898621 0.02762471
0.00000000 47.75287420 7.49888113 -19.14326679 -0.05734198 0.99572925 0.05970880 0.04086584
-0.00781250 47.77193354 7.56503211 -19.70276926 -0.07187554 0.99621324 0.03915422 0.02932626
0.00000000 47.80970842 7.69173151 -20.48444990 -0.05333221 0.99579899 0.05963885 0.04453374
0.00000000 47.82382577 7.77011854 -21.02964239 -0.06691584 0.99486626 0.04013789 0.06443877
0.00000000 47.86772448 7.85105233 -21.66472603 -0.04662429 0.99459235 0.07047393 0.06037923
0.00000000 47.97258652 7.95217838 -22.37341367 -0.07265165 0.99534417 0.04488292 0.04469052
0.00000000 47.98879875 8.01328404 -22.95177988 -0.04407412 0.99416862 0.07407739 0.06479796
0.00000000 48.09039705 8.11157839 -23.83229533 -0.05541271 0.99715937 0.04303783 0.02739298
0.00000000 48.10891168 8.18391949 -24.40587852 -0.04539820 0.99658039 0.03539455 0.05927694
0.00000000 48.20428227 8.37762198 -25.56014843 -0.04575920 0.99566016 0.05895990 0.05559376
0.00000000 48.34419983 8.49937699 -26.41266929 -0.05649344 0.99638302 0.03044942 0.05569740
0.00000000 48.45541647 8.60695192 -27.06690824 -0.03979896 0.99434012 0.04188918 0.08915753
0.00000000 48.60888743 8.76075841 -28.10263014 -0.04656076 0.99569298 0.03808584 0.07054828
0.00000000 48.76180654 8.92314277 -28.99042349 -0.05950245 0.99551947 0.04553179 0.05768272
0.00000000 48.91123158 9.04723554 -29.74395754 -0.03960066 0.99489941 0.05562941 0.07424496
0.00000000 49.01587213 9.13797932 -30.40222181 -0.04442473 0.99718121 0.05167561 0.03139609
0.00000000 49.16230590 9.28810670 -31.28397579 -0.04710652 0.99397806 0.04638996 0.08738738
0.00000000 49.31516746 9.50285389 -32.47709884 -0.04528141 0.99256713 0.05727960 0.09736086
0.00000000 49.67745446 9.83578569 -34.15869736 -0.04262407 0.99413053 0.04777691 0.08720694
-0.00781250 49.78267440 9.98736825 -34.89019883 -0.02173115 0.99210502 0.08996601 0.08462566
0.00000000 49.85101826 10.09623055 -35.52967121 -0.05677740 0.99365451 0.07216524 0.06495559
0.00000000 49.95384401 10.20319488 -36.21633174 -0.03037378 0.99414915 0.06811630 0.07813493
0.00000000 50.21950726 10.44970104 -37.49224618 -0.03499108 0.99451637 0.05249691 0.08340801
0.00000000 50.33274860 10.51782335 -37.91619355 -0.05869639 0.99023604 0.06863045 0.10619406
0.00000000 50.59970810 10.63224728 -38.65720416 -0.03687893 0.99389719 0.06313045 0.08260062
0.00000000 50.78892382 10.74445417 -39.23948973 -0.04113153 0.98982195 0.07287534 0.11510819
0.00000000 51.00237454 10.85863608 -40.02298851 -0.02477409 0.99339711 0.07040620 0.08712860
0.00000000 51.26923204 11.01169396 -41.04168739 -0.05331426 0.99431765 0.05503004 0.07390332
0.00000000 51.43583685 11.06840962 -41.62753163 -0.02953093 0.99534635 0.03623545 0.08426478
0.00000000 51.60910166 11.08680343 -42.00893879 -0.04285992 0.99825017 0.03946825 -0.01009372
0.00000000 51.62001940 11.29838212 -43.10185387 -0.05926604 0.99597737 0.06360480 -0.02170353
0.00000000 51.63769693 11.34226348 -43.44926816 -0.05537453 0.99207028 0.04650851 -0.10279679
0.00000000 51.47402565 11.45558827 -44.27152400 -0.07475033 0.98724937 0.05555569 -0.12909158
0.00000000 51.37784895 11.51817367 -44.67980513 -0.06003208 0.98753641 0.06156335 -0.13182545
0.00000000 50.35271430 11.61413151 -45.48729512 -0.07460377 0.98731480 0.07656849 -0.11739260
0.00000000 50.33279562 11.76957736 -45.97520855 -0.06748826 0.97353047 0.08720997 -0.20019533
0.00000000 50.28158857 11.95478754 -46.96916724 -0.07770590 0.97122971 0.05983979 -0.21701117
0.00000000 50.09921235 12.03174999 -47.65820372 -0.06946272 0.96328069 0.07173174 -0.24923843
0.00000000 49.87474563 12.11959881 -48.26522601 -0.08027307 0.93564707 0.06856265 -0.33677880
0.00000000 48.21047524 12.40753494 -50.30021635 -0.09253037 0.92648886 0.06353429 -0.35919342
0.00000000 48.01229943 12.46148642 -50.60857445 -0.09225754 0.89755751 0.05593041 -0.42749368
0.00000000 47.46541961 12.56240353 -51.22786024 -0.10443605 0.88982375 0.07238857 -0.43825415
0.00000000 46.77106943 12.51806861 -51.70308229 -0.09911547 0.87325296 0.06287710 -0.47291845
0.00000000 46.05042814 12.63739445 -52.28603633 -0.10426540 0.87869346 0.06402098 -0.46144105
0.00000000 45.60788304 12.68173831 -52.69124972 0.08835280 -0.85761483 -0.04420483 0.50471429
0.00000000 43.72353277 12.80912170 -54.34495772 0.09316610 -0.84179757 -0.03557629 0.53050096
0.00000000 43.21372645 12.81095322 -54.60924256 0.08924703 -0.84763357 -0.03669762 0.52173325
0.00000000 42.70135789 12.83959860 -54.88520445 0.10904522 -0.83397466 -0.03874508 0.53953148
0.00000000 41.95404458 12.84911145 -55.26588686 0.08472981 -0.83621246 -0.03706622 0.54055127
0.00000000 40.68960482 12.82838557 -55.84902544 0.09573701 -0.82243134 -0.04201888 0.55917397
0.00000000 39.61583909 12.87249106 -56.30862048 0.09893685 -0.84012491 -0.04507188 0.53138513
0.00000000 38.74398337 12.91103109 -56.66582306 0.08261638 -0.83220501 -0.05082199 0.54591802
0.00000000 37.92744456 12.93109717 -56.99038127 0.09688007 -0.82087354 -0.04586877 0.56096073
0.00000000 37.04065814 12.95858835 -57.30261634 0.07314609 -0.83339017 -0.05515172 0.54504015
0.00000000 36.14693340 12.93699504 -57.66425781 0.08280206 -0.81487315 -0.04505827 0.57192247
0.00000000 35.46584068 12.96174566 -57.97358488 0.08572853 -0.84464832 -0.05417371 0.52562824
0.00000000 33.97117424 13.02604672 -58.62052487 0.08412129 -0.83181052 -0.04595236 0.54672045
0.00000000 33.18322519 13.07058822 -58.92553195 0.06348484 -0.82268625 -0.04145698 0.56341666
0.00000000 32.62848593 13.08371260 -59.15465025 0.08418637 -0.82766827 -0.04696754 0.55287606
0.00000000 31.85111159 13.11799138 -59.48243063 0.05286051 -0.83266901 -0.04570850 0.54934398
0.00000000 31.07812694 13.17627818 -59.87600611 0.07309212 -0.81613906 -0.04309184 0.57159222
0.00000000 30.45383531 13.22105397 -60.18850530 0.04388097 -0.83357745 -0.05166924 0.54822750
0.00000000 28.95638421 13.34535280 -60.79871582 0.06097755 -0.83182874 -0.03232506 0.55072478
0.00000000 28.39753395 13.36590567 -61.02636207 0.07505380 -0.83686344 -0.05258252 0.53968656
0.00000000 27.35329477 13.40676513 -61.45035431 0.05610377 -0.84366807 -0.04866468 0.53170321
0.00000000 26.46874570 13.33466307 -61.61569251 0.06377829 -0.83147996 -0.04942652 0.54966393
0.00000000 25.36006817 13.33396094 -61.91748964 0.06290277 -0.83097001 -0.05066746 0.55042247
0.00000000 24.83793022 13.34960073 -62.08870615 0.05800501 -0.81204671 -0.04605597 0.57887339
0.00000000 24.23038405 13.39909254 -62.37463546 0.05570782 -0.83363242 -0.04785829 0.54741503
0.00000000 23.10520251 13.38812098 -62.66200585 0.05896953 -0.82454346 -0.05294965 0.56022050
0.00000000 21.88364083 13.40816321 -63.00663082 0.07518181 -0.83861689 -0.05463717 0.53673475
0.00000000 21.22160377 13.44879498 -63.23119975 0.04969119 -0.82909834 -0.04036981 0.55542507
0.00000000 19.76627751 13.56463665 -63.94109467 0.05451902 -0.82857291 -0.03707501 0.55598567
0.00000000 17.66476947 13.68420464 -64.60796223 0.04752099 -0.84146734 -0.03519503 0.53706217
-0.00781250 16.84366427 13.77248077 -65.06240281 0.05750088 -0.82764751 -0.04590131 0.55640482
0.00000000 15.89211414 13.81305278 -65.40167628 0.05717031 -0.83713714 -0.03742384 0.54270842
0.00000000 15.14045708 13.88562292 -65.80237219 0.06136143 -0.82494850 -0.02226080 0.56142605
0.00000000 13.99359831 13.95707625 -66.17286662 0.05688461 -0.83450204 -0.05701782 0.54508665
0.00000000 13.57509494 13.98952848 -66.32396753 0.05623488 -0.81582468 -0.04498619 0.57379785
0.00000000 12.68222034 14.09454992 -66.68964171 0.04743265 -0.81847677 -0.05742853 0.56969104
0.00000000 12.62810501 14.06112725 -66.76453116 0.04234945 -0.83372700 -0.06270347 0.54696809
0.00000000 12.20086233 14.13175365 -66.99944468 0.04237959 -0.82013698 -0.06543195 0.56683151
0.00000000 11.55448438 14.14955674 -67.24482629 0.04768645 -0.81636029 -0.04118733 0.57409536
0.00000000 11.67464338 14.16586702 -67.22362901 0.03013496 -0.82796057 -0.06502362 0.55618802
0.00000000 11.05962822 14.21288342 -67.56813559 0.06350550 -0.83998420 -0.05649808 0.53591189
0.00000000 10.48888399 14.24388986 -67.82564746 0.05619670 -0.82879714 -0.05528192 0.55396854
0.00000000 9.43453550 14.34772362 -68.41603231 0.06075175 -0.84283616 -0.06483666 0.53078494
0.00000000 8.81076355 14.38182822 -68.61478319 0.04754042 -0.84787237 -0.06071366 0.52456287
0.00000000 7.17629000 14.52657969 -69.41011846 0.04537602 -0.85275696 -0.06298112 0.51650747
0.00000000 6.41858509 14.56796198 -69.75058218 0.06633610 -0.84694547 -0.03838865 0.52612660
0.00000000 5.64176281 14.61038234 -69.98025344 0.04834155 -0.83905989 -0.03842309 0.54052314
0.00000000 4.72163423 14.72451210 -70.43614025 0.06045990 -0.83148986 -0.06822185 0.54801003
0.00000000 4.20581682 14.74357385 -70.69734133 0.04110966 -0.82738189 -0.03393276 0.55910444
0.00000000 3.64077939 14.77458686 -70.87887000 0.04969816 -0.83467478 -0.06621618 0.54448464
0.00000000 3.26428282 14.82970172 -71.04290695 0.05289064 -0.81258033 -0.05939978 0.57739713
0.00000000 2.58219468 14.87645250 -71.44653370 0.05555614 -0.84903234 -0.05459926 0.52256724
0.00000000 1.96026600 14.94130549 -71.87857052 0.06510377 -0.85844353 -0.04090776 0.50711217
0.00000000 1.02487414 15.02103270 -72.56879544 -0.05190169 0.90005546 0.05511976 -0.42914823
0.00000000 0.25370812 15.13236191 -73.12976196 -0.03758308 0.89379974 0.03393982 -0.44559806
0.00000000 -0.52726422 15.23239820 -73.76201428 -0.06092981 0.88386075 0.04830269 -0.46124243
0.00000000 -1.37538991 15.36554670 -74.39555978 -0.02191877 0.89292470 0.08199604 -0.44213312
0.00000000 -2.13226926 15.45518969 -74.98948167 -0.05692841 0.86342618 0.05857071 -0.49781911
0.00000000 -2.90663802 15.55172881 -75.51278198 -0.05324274 0.86737286 0.03520982 -0.49354817
0.00000000 -3.81113396 15.63712174 -75.96882893 0.03402267 -0.85247434 -0.04700598 0.51953864
0.00000000 -4.76138206 15.74553310 -76.45538394 0.03656264 -0.82528746 -0.04578080 0.56166529
0.00000000 -5.38708357 15.81956707 -76.81595189 0.04606432 -0.84624440 -0.05868911 0.52754534
0.00000000 -6.30021287 15.89620030 -77.16694860 0.03705097 -0.83840097 -0.05091294 0.54140458
0.00000000 -7.08755791 15.93472840 -77.48063997 0.05347055 -0.81796134 -0.06008677 0.56962244
0.00000000 -7.58467960 15.96089997 -77.60715148 0.03671119 -0.85047797 -0.05920842 0.52137690
0.00000000 -8.70811643 16.04333846 -78.02572200 0.04197712 -0.85870097 -0.05224113 0.50807620
0.00000000 -9.27968913 16.08920572 -78.29090353 0.06387663 -0.83696915 -0.04923648 0.54127459
0.00000000 -9.92605261 16.14459466 -78.52477475 0.04059583 -0.84819442 -0.05813427 0.52491773
0.00000000 -10.47849295 16.17853922 -78.75411476 0.05899256 -0.82794344 -0.05016509 0.55543947
0.00000000 -10.93300694 16.23234664 -78.92757506 0.03513532 -0.84288409 -0.04824805 0.53477476
0.00000000 -12.08762953 16.39166254 -79.47165690 0.05268740 -0.83068774 -0.04920051 0.55205183
0.00000000 -13.32535818 16.46588098 -79.72081207 0.03401308 -0.83615169 -0.05700615 0.54446649
0.00000000 -13.82518526 16.52255538 -79.92262790 0.05853175 -0.81664337 -0.04644986 0.57228494
0.00000000 -14.35462334 16.57076033 -80.09339839 0.02671640 -0.82597261 -0.04550921 0.56123470
0.00000000 -15.35083168 16.68726803 -80.50994245 0.04347869 -0.80845840 -0.07579986 0.58203006
0.00000000 -15.81046446 16.73978901 -80.67292061 0.04834028 -0.79056246 -0.07109104 0.60631697
0.00000000 -16.60926222 16.80452403 -80.82952222 0.03893022 -0.80336697 -0.07447093 0.58952525
0.00000000 -17.48934106 16.88091594 -81.10309312 0.03904344 -0.74825079 -0.05842985 0.65968350
0.00000000 -18.42920860 16.95045067 -81.24054968 0.05685122 -0.66959733 -0.03991595 0.73946877
0.00000000 -19.58791961 16.97048697 -81.13009121 0.05310657 -0.61772721 -0.05925724 0.78235629
0.00000000 -20.62250198 17.02424697 -81.03032208 0.05697392 -0.64074970 -0.06549914 0.76282610
0.00000000 -21.29116330 17.00362389 -80.90063275 0.06086573 -0.59224655 -0.04870622 0.80197699
0.00000000 -22.15297286 17.01227634 -80.75999732 0.06359131 -0.60602985 -0.06665959 0.79008890
0.00000000 -22.96112003 16.98691778 -80.56667147 0.06059500 -0.56371896 -0.03835430 0.82284757
0.00000000 -24.00195897 17.02616590 -80.40984727 0.06162529 -0.58553735 -0.06135246 0.80596787
0.00000000 -24.66864824 16.98330681 -80.25344050 0.05351507 -0.58216199 -0.04922105 0.80981532
0.00000000 -25.73767952 16.98242104 -80.12339109 0.06744606 -0.56247477 -0.05485383 0.82223125
0.00000000 -26.65389202 17.00011453 -79.97834439 0.05815083 -0.59538622 -0.04576588 0.80002451
0.00000000 -27.39734445 17.02499532 -79.82877411 0.06360510 -0.55699685 -0.05634492 0.82615625
0.00000000 -28.36222164 17.02877508 -79.53393421 0.05666017 -0.56265571 -0.05679081 0.82278976
0.00000000 -29.47343539 17.05161047 -79.21569881 0.05612286 -0.57715469 -0.05013095 0.81316024
0.00000000 -29.99851194 17.05626249 -79.09941794 0.05993695 -0.60163830 -0.06467789 0.79388644
0.00000000 -30.65188240 17.06959283 -78.94837409 0.06344516 -0.56851327 -0.05914700 0.81808863
0.00000000 -31.09739981 17.08037634 -78.80282579 0.05186224 -0.58448694 -0.03741464 0.80887914
0.00000000 -31.74071420 17.12571712 -78.67401126 0.07731508 -0.56209062 -0.05368862 0.82170192
0.00000000 -32.48583662 17.15281573 -78.45980828 0.04933126 -0.57271015 -0.04127008 0.81723087
0.00000000 -33.14305419 17.15914076 -78.23997593 0.06403702 -0.54963348 -0.04645965 0.83165125
0.00000000 -33.60363696 17.14418667 -78.10092519 0.05878659 -0.53195390 -0.06846492 0.84195115
0.00000000 -34.08213509 17.16407129 -77.93140818 0.05277775 -0.55147951 -0.05204565 0.83088875
0.00000000 -34.60536023 17.16531768 -77.80603794 0.06663568 -0.53432482 -0.05233111 0.84102208
0.00000000 -35.26929362 17.18515358 -77.55717063 0.05398760 -0.51061845 -0.05175381 0.85654870
0.00000000 -35.66686646 17.17457012 -77.42258421 0.06227220 -0.53234754 -0.05358579 0.84253002
0.00000000 -36.01168116 17.19313030 -77.37764498 0.08558657 -0.52184980 -0.04701034 0.84743009
0.00000000 -37.19145203 17.23770457 -76.94229987 0.05176879 -0.54135833 -0.04384141 0.83805076
0.00000000 -37.95391137 17.28842446 -76.61191804 0.04916104 -0.51597703 -0.05099658 0.85366870
0.00000000 -38.53649967 17.30934219 -76.43400340 0.04389737 -0.51027324 -0.03115667 0.85832599
0.00000000 -39.41201556 17.32262519 -76.01622443 0.03918498 -0.51116338 -0.06227312 0.85632855
0.00000000 -39.95734922 17.29586943 -75.75354891 0.05145168 -0.50531045 -0.04361635 0.86029744
0.00000000 -41.73510221 17.32096486 -74.96072126 0.05650010 -0.50518887 -0.03324385 0.86051542
0.00000000 -41.71538136 17.31172936 -75.03515311 0.03637992 -0.52512563 -0.06013255 0.84811771
0.00000000 -42.29789483 17.32171307 -74.80864401 0.05278991 -0.49804151 -0.05507175 0.86379106
0.00000000 -42.80305611 17.33884553 -74.58506383 0.02965787 -0.50994472 -0.05102159 0.85818040
0.00000000 -44.56593267 17.46257244 -73.74210695 0.04544716 -0.49799965 -0.03469730 0.86529013
0.00000000 -47.35732755 17.47737862 -72.43650304 0.04469508 -0.49961120 -0.04363764 0.86399465
0.00000000 -48.41036048 17.35722707 -71.61066638 0.06200239 -0.49992038 -0.02787061 0.86339941
0.00000000 -50.45356704 17.39487093 -70.59568867 0.03795028 -0.54647176 -0.04959737 0.83514579
0.00000000 -52.06521973 17.40714901 -69.89995393 0.03904863 -0.57866296 -0.03567405 0.81384995
0.00000000 -53.46267967 17.41565334 -69.34942881 0.03772203 -0.61061427 -0.05172769 0.78933612
0.00000000 -54.71855235 17.43703055 -68.97911138 0.04798994 -0.66186232 -0.04963889 0.74643902
0.00000000 -55.49333834 17.45231416 -68.81774959 0.03554449 -0.70619989 -0.05561188 0.70492951
0.00000000 -56.29910087 17.47954827 -68.65361974 0.03853182 -0.73168947 -0.05901121 0.67798488
0.00000000 -56.86651928 17.51116504 -68.58225862 0.01819693 -0.77275173 -0.04465172 0.63287428
0.00000000 -58.30955288 17.63205091 -68.57898826 -0.00014475 -0.77267017 -0.05350033 0.63254921
0.00000000 -59.32166938 17.70422675 -68.59247936 0.01726448 -0.77347709 -0.04264871 0.63215205
0.00000000 -60.44147813 17.82979914 -68.72083302 0.02938368 -0.76805898 -0.03883635 0.63852465
0.00000000 -61.19378686 17.92364258 -68.78192544 0.00211420 -0.78885390 -0.06495190 0.61113527
0.00000000 -62.68386812 18.10726423 -68.96884807 -0.00330355 -0.79785356 -0.07119157 0.59862388
0.00000000 -63.87563621 18.18145638 -69.13281002 -0.01275425 -0.80795337 -0.06426371 0.58559274
0.00000000 -65.40184089 18.34488009 -69.21401105 0.00760333 -0.80492990 -0.05024418 0.59118996
0.00000000 -66.71946668 18.47426816 -69.32097703 -0.00547466 -0.79815506 -0.05923060 0.59950836
0.00000000 -68.55601455 18.70335173 -69.72760365 -0.01066132 -0.80669267 -0.06758819 0.58699669
-0.00781250 -70.19444892 18.90186526 -70.06629593 0.01075600 -0.80162762 -0.05960459 0.59474764
0.00000000 -71.69095388 19.12554124 -70.30888017 -0.01101206 -0.80126854 -0.06683240 0.59445849
0.00000000 -73.28564418 19.34039551 -70.45941060 -0.00192050 -0.81788689 -0.07362073 0.57064642
0.00000000 -74.16000366 19.44661491 -70.67580193 0.00258934 -0.79942492 -0.07222106 0.59640357
0.00000000 -75.29766425 19.62946764 -70.92337085 0.01693789 -0.78902837 -0.07672924 0.60931106
0.00000000 -76.30524308 19.77354759 -71.07151334 0.00712209 -0.80100353 -0.10004038 0.59019873
0.00000000 -77.38125815 19.93105779 -71.29130269 0.02191028 -0.79285255 -0.07463675 0.60442877
0.00000000 -78.11693402 20.03029522 -71.45243418 0.02768908 -0.80620284 -0.07040868 0.58678183
0.00000000 -78.70742972 20.08153040 -71.55299510 -0.03228990 0.87785436 0.07112004 -0.47251563
0.00000000 -78.40212537 20.02361649 -71.55041428 -0.00704995 0.92927108 0.03733313 -0.36743952
0.00000000 -78.12784786 19.93783782 -71.06999659 0.00174702 0.96086719 0.03067121 -0.27530070
0.00000000 -78.08602771 19.93576639 -71.06022644 0.01292246 0.98472191 0.01656132 -0.17286266
0.00000000 -77.99321553 19.95800361 -71.06944405 0.01619531 0.99567495 0.01295719 -0.09056057
0.00000000 -77.98326129 19.95032071 -70.98912212 0.01981395 0.99879069 0.00638365 -0.04454007
0.00000000 -77.96315939 19.93046676 -70.89829629 0.03060148 0.99937604 0.00114711 0.01760024
0.00000000 -77.96132559 19.91215419 -70.80348205 0.03820552 0.99505497 -0.00866307 0.09127377
0.00000000 -77.92863268 19.91217542 -70.77794288 0.04298268 0.98640073 -0.01152299 0.15821921
0.00000000 -77.87423241 19.89771791 -70.77765588 0.06348162 0.96414836 -0.01550648 0.25719169
0.00000000 -77.83492853 19.89340380 -70.76356956 0.06605930 0.95172398 -0.01816420 0.29921180
0.00000000 -77.80545376 19.88377795 -70.71067429 0.07131796 0.93813350 -0.02256893 0.33809752
0.00000000 -77.73386113 19.87042139 -70.68509207 0.06899459 0.91206024 -0.03471522 0.40271667
0.00000000 -77.72990585 19.87169898 -70.64972293 0.07320165 0.90353193 -0.02917028 0.42121333
0.00000000 -77.72106174 19.87208175 -70.63302218 0.08256080 0.88967678 -0.03008355 0.44805572
0.00000000 -77.73268303 19.88323727 -70.62178451 0.07308969 0.88438245 -0.03481804 0.45968825
0.00000000 -77.70476780 19.87801058 -70.58864894 0.07141761 0.87058021 -0.03495190 0.48555945
0.00000000 -77.68368144 19.89388618 -70.68340612 0.07247057 0.88256505 -0.00706696 0.46451804
0.00000000 -77.71965578 19.90779682 -70.69806289 0.07592119 0.89527579 0.00103607 0.43899449
0.00000000 -77.74681309 19.91900285 -70.70069702 0.07248274 0.91264397 0.01010991 0.40215051
0.00000000 -77.78973163 19.92178614 -70.70764361 0.06475629 0.93654897 0.01424310 0.34420893
0.00000000 -77.05262539 19.74955904 -70.29047751 -0.02210233 0.99202443 0.05745973 0.10998819
