0.00000000 0.00000000 0.00000000 0.00000000 0.00000000 0.00000000 0.00000000 1.00000000
0.00000000 0.00993118 0.00383625 -0.00360020 -0.00096126 -0.00147831 0.00237821 0.99999562
0.00000000 0.01414861 0.00353317 0.00507497 -0.00164922 -0.00236592 0.00324017 0.99999059
-0.00781250 0.01735090 0.00686928 -0.00282738 -0.00443255 -0.02481389 0.01671179 0.99954257
0.00000000 -0.06788220 -0.05956432 -0.00899908 -0.04879559 -0.04388717 0.01468517 0.99773606
0.00000000 -0.09978783 -0.19355181 -0.00961986 -0.04224289 -0.05794663 0.03734912 0.99672603
0.00000000 -0.17354188 -0.41741086 -0.05486545 -0.05583493 -0.05094324 -0.02422395 0.99684525
0.00000000 -0.24639434 -0.61319866 -0.15689459 -0.03574497 -0.04217370 -0.02526732 0.99815091
0.00000000 -0.43218927 -0.72923819 -0.25952290 0.01114726 -0.07317600 0.00249446 0.99725362
0.00000000 -0.69404055 -0.78460407 0.10899631 0.05787386 -0.03812019 0.00580506 0.99757895
0.00000000 -0.79250990 -0.78918530 0.31791509 0.04780504 0.05077717 0.00425798 0.99755613
0.00000000 -0.84485467 -0.78875177 0.43444608 0.04186392 0.16193230 0.01262679 0.98583260
0.00000000 -0.81449240 -0.78609780 0.56707392 0.04386919 0.28345896 0.00297250 0.95797582
0.00000000 -0.73243348 -0.79204579 0.68565240 0.05168120 0.34671806 -0.00029995 0.93654447
0.00000000 -0.62567821 -0.81356128 0.79308072 0.04642762 0.39985308 -0.00966301 0.91535163
0.00000000 -0.58354964 -0.83573763 0.97798980 0.05098698 0.49634050 -0.00820793 0.86659048
0.00000000 -0.53234072 -0.83730943 1.22064410 0.03509295 0.53794969 0.00046669 0.84224604
0.00000000 -0.37750974 -0.84549984 1.47542032 0.03485228 0.53185010 -0.00134947 0.84611995
0.00000000 -0.29866254 -0.86350697 1.76161453 0.03310278 0.52083666 0.00284061 0.85300956
0.00000000 -0.29451515 -0.88283647 2.06704757 0.03332020 0.47499228 0.00627985 0.87933649
0.00000000 -0.28195185 -0.89139097 2.18724062 0.03610210 0.42049968 0.00156686 0.90657278
0.00000000 -0.25846922 -0.89581116 2.26481158 0.03495474 0.37640612 0.00020287 0.92579510
0.00000000 -0.21676126 -0.90051078 2.36511364 0.04597795 0.33281797 -0.00234101 0.94186663
0.00000000 -0.20744428 -0.88338392 2.43038085 0.03827637 0.29507351 -0.00014613 0.95470756
0.00000000 -0.24316874 -0.86973956 2.53135822 0.04432405 0.27325399 0.00443465 0.96090997
0.00000000 -0.31760573 -0.86719649 2.67364220 0.06201278 0.25922136 0.01125810 0.96375928
0.00000000 -0.36474655 -0.84353133 2.73553368 0.06439715 0.23217564 0.01421960 0.97043562
0.00000000 -0.41621722 -0.83803540 2.81525055 0.06203907 0.17056651 0.01174948 0.98332099
0.00000000 -0.43133373 -0.83742976 2.83996984 0.06498283 0.14101195 0.01523611 0.98775540
0.00000000 -0.46652910 -0.83232662 2.86647257 0.06740042 0.11737025 0.01896683 0.99061681
0.00000000 -0.49701273 -0.82214494 2.90152241 0.06994191 0.08765577 0.01835694 0.99352283
0.00000000 -0.53683890 -0.81073286 2.92905835 0.07171424 0.05742190 0.01759454 0.99561550
0.00000000 -0.56881071 -0.81726720 2.94615381 0.07161210 0.02997278 0.02041868 0.99677300
0.00000000 -0.56559247 -0.81403160 2.95353918 0.07269562 0.00051162 0.02485165 0.99704437
0.00000000 -0.56382327 -0.81308399 2.95716717 0.07248090 -0.02342556 0.02665117 0.99673842
0.00000000 -0.56711530 -0.81498834 2.94994426 0.07060638 -0.03975400 0.02785271 0.99632253
0.00000000 -0.56864337 -0.81583108 2.94713347 0.06716557 -0.06197661 0.02602766 0.99547489
0.00000000 -0.56198544 -0.81276362 2.95641306 0.06570786 -0.09348114 0.02277721 0.99318928
0.00000000 -0.57514130 -0.81356655 2.95946661 0.06625583 -0.10784366 0.02139015 0.99172696
0.00000000 -0.59223867 -0.81884096 2.95959087 0.06512497 -0.13387593 0.02210065 0.98860889
0.00000000 -0.61167194 -0.81771830 2.95297521 0.06649304 -0.17360708 0.02465033 0.98225843
0.00000000 -0.62599335 -0.81931275 2.94672064 0.06677562 -0.19491394 0.02617650 0.97819444
0.00000000 -0.63916965 -0.82311604 2.92918557 0.06512962 -0.21942702 0.02747689 0.97306471
0.00000000 -0.64914164 -0.82271312 2.91887519 0.06185076 -0.25387159 0.02791919 0.96485451
0.00000000 -0.65537671 -0.82295882 2.91596241 0.05892563 -0.28168328 0.02813093 0.95728311
0.00000000 -0.66741278 -0.82047367 2.88905999 0.06041611 -0.30459890 0.02990967 0.95009200
0.00000000 -0.68642343 -0.81655915 2.86751187 0.06169237 -0.33176175 0.03159351 0.94081350
0.00000000 -0.70760139 -0.80971703 2.82690423 0.06485016 -0.38333667 0.03474236 0.92067389
0.00000000 -0.71543656 -0.80994398 2.76764877 0.06299316 -0.47379653 0.03158958 0.87781024
0.00000000 -0.72185045 -0.81061754 2.70289070 0.05759156 -0.55339147 0.02939445 0.83040777
0.00000000 -0.72459417 -0.81440729 2.64477826 0.05933283 -0.59739662 0.03269940 0.79907924
0.00000000 -0.70910467 -0.81096797 2.57759560 0.06569826 -0.63860585 0.03672219 0.76584449
0.00000000 -0.68924776 -0.80364401 2.53150475 0.06244320 -0.66940201 0.03639919 0.73937602
0.00000000 -0.67883156 -0.79597956 2.46560991 0.05797398 -0.70922811 0.03489286 0.70172430
0.00000000 -0.65465932 -0.79540331 2.41792776 0.05661227 -0.74839650 0.04137261 0.65953471
0.00000000 -0.60968225 -0.80194499 2.38012647 0.05666636 -0.77458900 0.03665900 0.62885366
0.00000000 -0.59300251 -0.79844435 2.33697434 0.05777044 -0.80830472 0.02944678 0.58518283
0.00000000 -0.56771194 -0.80374932 2.31132387 0.05432929 -0.82509036 0.02514875 0.56182004
0.00000000 -0.56276276 -0.78937772 2.25454504 -0.04770772 0.87252909 -0.02205236 -0.48572694
0.00000000 -0.56026548 -0.77950187 2.20689764 -0.04579246 0.90820799 -0.01667084 -0.41567220
0.00000000 -0.55721707 -0.77486161 2.14635254 -0.03506276 0.94132554 -0.01793978 -0.33519397
0.00000000 -0.54854874 -0.76698468 2.09472200 -0.02510678 0.96995415 -0.01159978 -0.24171065
0.00000000 -0.55468109 -0.74780944 2.00677218 -0.02555156 0.99222332 -0.00188208 -0.12180501
0.00000000 -0.51863913 -0.74302100 1.96029324 -0.01104962 0.99906148 0.01302431 -0.03980499
0.00000000 -0.28184291 -0.68502864 1.61344061 -0.03406419 0.99885283 0.01763008 -0.02866755
0.00000000 -0.13819330 -0.68116327 1.40843655 -0.01249143 0.99984796 0.00333813 -0.01169916
0.00000000 -0.03085181 -0.65673144 1.04193257 -0.02112524 0.99623454 0.03001763 -0.07854561
0.00000000 -0.01290873 -0.65002525 0.85922840 -0.02049249 0.98691869 0.00404512 -0.15985995
0.00000000 -0.03106150 -0.63621420 0.71952216 -0.04441988 0.97151798 0.01000842 -0.23255004
0.00000000 -0.09175482 -0.61395998 0.51190536 -0.06089576 0.95576823 -0.00752530 -0.28764937
0.00000000 -0.13159831 -0.58705574 0.24225365 -0.06213394 0.94328625 0.01962241 -0.32552326
0.00000000 -0.13219822 -0.52916685 0.05707837 -0.05462471 0.92934596 0.00467251 -0.36511697
0.00000000 -0.18202285 -0.54789486 -0.23468243 -0.05937436 0.90987735 0.02351288 -0.40993296
0.00000000 -0.20750566 -0.49486413 -0.51074699 -0.05012868 0.90404376 0.02443251 -0.42378656
0.00000000 -0.17585130 -0.45727396 -0.64957843 -0.04250336 0.90229698 0.00308325 -0.42900364
0.00000000 -0.15541386 -0.42379401 -0.75308346 -0.04590456 0.88436515 -0.01526476 -0.46428229
0.00000000 -0.16945521 -0.37716053 -0.81175711 -0.04828870 0.87205959 0.00608930 -0.48697350
0.00000000 -0.21559470 -0.32742659 -0.83587860 0.03590233 -0.86261880 -0.01944397 0.50420409
0.00000000 -0.33204238 -0.29017729 -0.86484018 0.02568967 -0.85670849 -0.03329259 0.51408385
0.00000000 -0.60480968 -0.28963301 -0.98178065 0.03029987 -0.86158703 -0.03234950 0.50567105
0.00000000 -0.68929761 -0.28133742 -1.04072484 0.04197310 -0.84807393 -0.03973753 0.52671605
0.00000000 -0.92330060 -0.27861698 -1.18424763 0.04904148 -0.84352529 -0.05208937 0.53230321
0.00000000 -0.95448943 -0.27503042 -1.20015571 0.05108232 -0.85188185 -0.05381857 0.51845103
0.00000000 -0.99292263 -0.27560297 -1.21574684 0.04861823 -0.86066508 -0.05572863 0.50377198
0.00000000 -1.03983172 -0.27530521 -1.23431336 -0.04115932 0.87099335 0.04550864 -0.48744790
0.00000000 -1.13021799 -0.26899605 -1.26783412 -0.03501404 0.87598111 0.04903618 -0.47856720
0.00000000 -1.22390340 -0.27854508 -1.32045805 -0.05367213 0.87270716 0.04607994 -0.48309229
0.00000000 -1.28561329 -0.29735827 -1.34581030 -0.05284658 0.87040522 0.03017094 -0.48856085
0.00000000 -1.35656906 -0.31079647 -1.38078158 -0.06617052 0.87059761 0.03387056 -0.48634767
0.00000000 -1.38451214 -0.31622192 -1.39168635 -0.06649507 0.87462508 0.03098368 -0.47921747
0.00000000 -1.39746106 -0.31286373 -1.40721689 -0.06585912 0.87660371 0.02713819 -0.47591179
0.00000000 -1.41711607 -0.31520426 -1.40884108 -0.06383481 0.88133446 0.02504953 -0.46749033
0.00000000 -1.42665698 -0.31797565 -1.41064685 -0.06232684 0.88420029 0.02508058 -0.46225120
0.00000000 -1.43884498 -0.31883734 -1.41387050 -0.06243838 0.88695723 0.02454848 -0.45695262
0.00000000 -1.44990672 -0.32153823 -1.41528774 -0.06351343 0.88919069 0.02255897 -0.45254509
3712.00049775 -1.46827041 -0.32121886 -1.41671414 -0.06271960 0.89312366 0.02054036 -0.44494322
0.00000000 -1.47944595 -0.32505257 -1.41905010 -0.06081270 0.89524165 0.01958819 -0.44097677
0.00000000 -1.49580903 -0.32892014 -1.42085059 -0.05886020 0.89833334 0.01823774 -0.43497134
0.00000000 -1.51422038 -0.33351153 -1.42737506 -0.06136013 0.90116341 0.01555519 -0.42883270
0.00000000 -1.52411469 -0.33387517 -1.42740830 -0.06228798 0.90278078 0.01410401 -0.42533299
0.00000000 -1.53729195 -0.33406611 -1.43089825 -0.06102528 0.90570830 0.01287844 -0.41928814
0.00000000 -1.54860550 -0.33583481 -1.43596299 -0.06134959 0.90823568 0.00936030 -0.41383157
0.00000000 -1.55938073 -0.34002584 -1.43764430 -0.06261623 0.91069398 0.00812675 -0.40822744
0.00000000 -1.57137464 -0.34186540 -1.43963252 -0.06711374 0.91149250 0.00606559 -0.40575902
0.00000000 -1.58329353 -0.34580816 -1.44152440 -0.06614792 0.91328780 0.00432659 -0.40188448
0.00000000 -1.59586554 -0.34816034 -1.44338222 -0.05868234 0.91676975 0.00254665 -0.39507357
0.00000000 -1.61300670 -0.35036515 -1.44925597 -0.05402178 0.91962797 0.00487923 -0.38902730
0.00000000 -1.63169510 -0.34866078 -1.45387926 -0.05675114 0.92063836 0.00620737 -0.38621987
0.00000000 -1.66022522 -0.35294180 -1.46181333 -0.05474625 0.92307104 0.01093564 -0.38055633
0.00000000 -1.68047608 -0.34996922 -1.47134431 -0.05543068 0.92338560 0.01346527 -0.37961185
0.00000000 -1.70943296 -0.34771539 -1.47963100 -0.06263863 0.92303212 0.01198148 -0.37940026
0.00000000 -1.71565507 -0.34611547 -1.48133405 -0.06350925 0.92318993 0.01112760 -0.37889723
0.00000000 -1.74028419 -0.35112695 -1.49054710 -0.06723162 0.92284084 0.01166632 -0.37908915
0.00000000 -1.76427305 -0.35572911 -1.50002072 -0.07478883 0.92135079 0.01452773 -0.38119326
0.00000000 -1.80518887 -0.35713564 -1.50747536 -0.08785674 0.92008957 0.01946413 -0.38123159
0.00000000 -1.84425227 -0.37880073 -1.52491237 -0.08373004 0.91932731 0.02579961 -0.38361563
0.00000000 -1.85351974 -0.38152453 -1.52743095 -0.08337286 0.91935887 0.02257351 -0.38382115
0.00000000 -1.86142763 -0.38720797 -1.53856246 -0.08289009 0.91819925 0.01934126 -0.38686598
0.00000000 -1.86964615 -0.38946821 -1.54154834 -0.08357275 0.91749224 0.01763455 -0.38847471
0.00000000 -1.90531559 -0.40444855 -1.55622002 -0.07763049 0.91375893 0.01400086 -0.39852490
0.00000000 -1.92943644 -0.41036612 -1.56438408 -0.07271424 0.91103791 0.01305123 -0.40565038
0.00000000 -1.95317475 -0.41119859 -1.55589158 -0.07380797 0.91083047 0.01172034 -0.40595920
0.00000000 -1.99124372 -0.41454454 -1.56378148 -0.07191642 0.90947757 0.00546558 -0.40944927
0.00000000 -2.02003378 -0.42646873 -1.57578586 -0.07002634 0.91459517 0.00761022 -0.39818848
-0.00781250 -2.06309978 -0.43060948 -1.58076501 -0.06678702 0.92603155 0.00576491 -0.37144559
0.00000000 -2.08831447 -0.42895644 -1.57849223 -0.06554307 0.93170038 0.00447632 -0.35723727
0.00000000 -2.11255296 -0.43161079 -1.58139585 -0.05849644 0.93969169 0.00797801 -0.33688879
0.00000000 -2.13475229 -0.43587328 -1.58008407 -0.05429023 0.94683475 0.01066311 -0.31692716
0.00000000 -2.16642111 -0.43729515 -1.57855175 -0.05417014 0.95317213 0.01032485 -0.29735818
0.00000000 -2.19824080 -0.43969010 -1.57451455 -0.05072699 0.95932476 0.00796006 -0.27759578
0.00000000 -2.23894868 -0.43811125 -1.56776716 -0.05018711 0.96535576 0.00563152 -0.25600349
0.00000000 -2.27423629 -0.43702095 -1.57332854 -0.04361399 0.96810197 0.00692396 -0.24663426
0.00000000 -2.32696855 -0.43305954 -1.59206463 -0.04939214 0.96977211 0.01313587 -0.23859992
0.00000000 -2.37547192 -0.43049478 -1.61007016 -0.05813226 0.97214811 0.01810870 -0.22632007
0.00000000 -2.41428581 -0.43086836 -1.62871835 -0.05909657 0.97575556 0.02229698 -0.20955079
0.00000000 -2.47810133 -0.44119844 -1.65839949 -0.06302669 0.98015488 0.01522630 -0.18732912
0.00000000 -2.49430204 -0.44351327 -1.66656827 -0.06088885 0.98157807 0.01120895 -0.18075230
0.00000000 -2.53611644 -0.44949159 -1.68059743 -0.05983510 0.98633523 0.00615471 -0.15337765
0.00000000 -2.56258183 -0.45197116 -1.69599204 -0.05537248 0.99024218 0.00727455 -0.12767694
0.00000000 -2.62177193 -0.44986895 -1.73240786 -0.04792308 0.99521587 0.00402675 -0.08504427
0.00000000 -2.68808369 -0.45735063 -1.76148636 -0.04285923 0.99800219 -0.00109132 -0.04640606
0.00000000 -2.75731745 -0.45757838 -1.80161011 -0.03999813 0.99918866 0.00105057 -0.00458928
0.00000000 -2.78239769 -0.45176895 -1.83335469 -0.03576052 0.99926179 0.00408562 0.01343044
0.00000000 -2.79245308 -0.44498969 -1.89880269 -0.02694387 0.99898083 0.00921969 0.03501891
0.00000000 -2.79539192 -0.44104874 -1.99061576 -0.03523471 0.99808090 -0.00625594 0.05053617
0.00000000 -2.79044574 -0.43209386 -2.08174086 -0.03509230 0.99767368 -0.00370856 0.05832676
0.00000000 -2.78542019 -0.42422858 -2.15530408 -0.03551956 0.99690002 -0.00333409 0.07012551
0.00000000 -2.76369309 -0.57797510 -2.13537155 0.01123636 0.99704826 0.02481141 0.07178368
0.00000000 -2.77655065 -0.41509234 -2.17330822 -0.03213656 0.99670423 -0.00277441 0.07443266
0.00000000 -2.77613277 -0.41316141 -2.18343709 -0.03038510 0.99630026 -0.00153784 0.08037523
0.00000000 -2.77142796 -0.41073538 -2.21554206 -0.02548844 0.99502972 -0.00257731 0.09622655
0.00000000 -2.77085840 -0.40905780 -2.25007225 -0.02245384 0.99264665 -0.00589106 0.11880133
0.00000000 -2.76792370 -0.40867345 -2.28485285 -0.02154780 0.98937171 -0.00948722 0.14348974
0.00000000 -2.76847244 -0.40457232 -2.31753035 -0.02498717 0.98501792 -0.01310222 0.17012842
0.00000000 -2.77110077 -0.40502655 -2.36237635 -0.02354149 0.97917738 -0.01723267 0.20089922
0.00000000 -2.76866219 -0.40800163 -2.44466475 -0.00845523 0.97156232 -0.00917371 0.23645510
0.00000000 -2.75883759 -0.40998886 -2.56122353 0.01545003 0.96606175 0.00531174 0.25779407
0.00000000 -2.70324675 -0.33340073 -2.85749621 0.00107126 0.95773857 -0.02525365 0.28652737
0.00000000 -2.64135425 -0.33682466 -2.95025446 0.00762045 0.93070192 -0.01846072 0.36523289
0.00000000 -2.58990683 -0.34035932 -3.04421346 0.01934009 0.88649112 -0.02544566 0.46164051
0.00000000 -2.55811540 -0.34351500 -3.10193077 0.03127303 0.84654311 -0.02467399 0.53082762
0.00000000 -2.55082629 -0.34415767 -3.11501796 0.04390475 0.82350174 -0.02990187 0.56482133
0.00000000 -2.55134174 -0.34350027 -3.13490817 0.04913174 0.80565931 -0.01901934 0.59003170
0.00000000 -2.47568115 -0.31877476 -3.26106353 0.04281294 0.78623553 -0.01112318 0.61634164
0.00000000 -2.44159498 -0.31278885 -3.34020325 0.03000788 0.76373873 -0.01368676 0.64468237
0.00000000 -2.35929513 -0.29460871 -3.45850316 0.05060494 0.72700627 -0.00522278 0.68474356
0.00000000 -2.31115318 -0.28764707 -3.52731458 0.05401292 0.68229867 -0.01308881 0.72895803
0.00000000 -2.29366472 -0.28076275 -3.59810733 0.06225423 0.65403085 -0.01629633 0.75372574
0.00000000 -2.11031085 -0.25897423 -3.70345088 0.06931802 0.64723167 0.00068687 0.75913484
0.00000000 -1.84019012 -0.25501103 -3.74167516 0.07473727 0.67934431 -0.00718318 0.72996852
0.00000000 -1.42829277 -0.24032931 -3.82813694 0.08230053 0.66838244 0.01551819 0.73908776
0.00000000 -1.13584835 -0.22827401 -3.81380427 0.05326696 0.66617770 0.01501195 0.74373688
0.00000000 -0.58348954 -0.22316434 -3.83468942 0.07192184 0.66692189 0.01588146 0.74147840
0.00000000 -0.34398021 -0.22266716 -3.85425595 0.06537316 0.64724992 0.01310141 0.75935647
0.00000000 0.00170571 -0.22077328 -3.82848829 0.06866422 0.66835442 0.00239324 0.74066313
0.00000000 0.30040537 -0.21089402 -3.81683953 0.06847103 0.68262387 0.01254060 0.72744698
0.00000000 0.53757553 -0.20569568 -3.81460861 0.06913301 0.67065785 0.01773152 0.73832531
0.00000000 0.96648066 -0.20523693 -3.74801020 0.06337373 0.67684724 0.00166808 0.73338858
0.00000000 1.06117949 -0.20545234 -3.72635954 0.06175651 0.68937320 0.00479629 0.72175323
0.00000000 1.47820583 -0.19074350 -3.69642934 0.07019920 0.69819608 0.00738274 0.71241828
0.00000000 1.61530561 -0.19659478 -3.68856360 0.07682823 0.68134970 0.00864882 0.72786345
0.00000000 1.74061601 -0.19864084 -3.68522830 0.07004909 0.67000048 0.00757987 0.73900949
0.00000000 2.06758979 -0.18469541 -3.65305507 0.06377884 0.68702415 0.00266334 0.72382525
0.00000000 2.28292253 -0.18516858 -3.63528399 0.06426644 0.70192442 0.01118748 0.70925790
0.00000000 2.58342844 -0.16243979 -3.61838475 0.07000368 0.69547360 0.01720233 0.71492660
0.00000000 2.89575116 -0.15810820 -3.58986219 0.06667966 0.69177775 0.01711469 0.71882157
0.00000000 3.17523535 -0.15787658 -3.54657222 0.07489928 0.71031613 0.00844928 0.69983548
0.00000000 3.34630598 -0.14934540 -3.53234175 0.06676291 0.71530793 0.02050317 0.69531065
0.00000000 3.61230572 -0.13124237 -3.52573508 0.06843433 0.70381795 0.01824583 0.70684095
0.00000000 3.92014883 -0.13012925 -3.51258381 0.07012826 0.69088333 0.02312701 0.71918522
0.00000000 4.48367721 -0.11580165 -3.45605324 0.06635104 0.70455425 0.01271308 0.70642709
0.00000000 4.98675493 -0.08986297 -3.42842175 0.06604632 0.69901790 0.02223333 0.71170046
0.00000000 5.71411015 -0.07715843 -3.37464237 0.06888766 0.71647580 0.01680266 0.69399898
0.00000000 6.20990363 -0.05165766 -3.36508380 0.06909810 0.71285791 0.02718683 0.69736642
0.00000000 6.47236954 -0.06228480 -3.35353582 0.06796517 0.69953931 0.01886835 0.71110440
-0.00781250 7.04883119 -0.04186512 -3.28850730 0.06616767 0.70803566 0.01890080 0.70281584
0.00000000 7.24313796 -0.02451528 -3.26238604 0.07220879 0.69486741 0.02247837 0.71515026
0.00000000 7.52802974 -0.02122866 -3.24035001 0.07687516 0.67526871 0.02687761 0.73306205
0.00000000 8.13091859 0.00338539 -3.20487454 0.07063198 0.69766600 0.01915830 0.71267541
0.00000000 8.58991672 0.02666783 -3.18347727 0.06697420 0.68594401 0.01890416 0.72431892
0.00000000 9.33815094 0.04164181 -3.11554654 0.06311240 0.69673549 0.01257261 0.71443573
0.00000000 9.90821021 0.06166013 -3.09046725 0.06316567 0.68655275 0.01850271 0.72409465
0.00000000 10.43197410 0.07189849 -3.03402138 0.05861059 0.69849198 0.01509355 0.71305395
0.00000000 11.00739973 0.09577840 -2.97615514 0.06938345 0.69176670 0.02127945 0.71846500
0.00000000 11.21335386 0.08476500 -2.96166755 0.06904014 0.68025559 0.01728198 0.72951157
0.00000000 11.52592863 0.10304639 -2.92739847 0.07209105 0.69051849 0.01460721 0.71956496
0.00000000 11.71881669 0.10199508 -2.91411103 0.06886578 0.70233287 0.02851256 0.70793579
0.00000000 12.01534366 0.11606364 -2.88559299 0.06856472 0.68795634 0.02626282 0.72202855
0.00000000 12.29166242 0.11102434 -2.87960443 0.06870720 0.67539678 0.02654256 0.73376699
0.00000000 12.74290902 0.12964342 -2.83404494 0.06451881 0.68888488 0.01928955 0.72173601
0.00000000 13.20125782 0.14681417 -2.79499253 0.07492921 0.68418542 0.01418119 0.72531016
0.00000000 13.77131116 0.16130909 -2.76302947 0.06712728 0.69732186 0.01138448 0.71351703
0.00000000 14.20868740 0.17897777 -2.73563908 0.06684555 0.69349694 0.03254114 0.71661338
0.00000000 14.46617939 0.18779924 -2.74110401 0.06526603 0.68014559 0.03677551 0.72923925
0.00000000 14.79121368 0.20542361 -2.73407951 0.04983392 0.67473590 0.03543697 0.73552176
0.00000000 15.06088165 0.20268028 -2.72385184 0.05577683 0.69211626 0.03089769 0.71896409
0.00000000 15.34130535 0.22028910 -2.71034058 0.06516762 0.68286278 0.04136872 0.72645732
0.00000000 15.70754541 0.21701920 -2.69131710 0.05804460 0.67837415 0.03110273 0.73175950
0.00000000 16.04947014 0.24116743 -2.64607960 0.05404588 0.69224692 0.02593657 0.71916656
0.00000000 16.39510551 0.23358957 -2.61703291 0.06908670 0.69338495 0.03731475 0.71627645
0.00000000 16.68900216 0.24250163 -2.61317381 0.07404005 0.67951978 0.03410634 0.72911432
0.00000000 17.02267614 0.25284536 -2.60924083 0.06782808 0.68325770 0.02168831 0.72669656
0.00000000 17.15180350 0.25895078 -2.60511566 0.06457968 0.69272072 0.02300276 0.71794035
0.00000000 17.38964707 0.25743602 -2.60448087 0.06465294 0.69508555 0.02549990 0.71555980
0.00000000 17.60697785 0.27272181 -2.60065205 0.07172809 0.68362818 0.02536561 0.72585410
0.00000000 17.84175053 0.27382700 -2.61851602 0.06328109 0.67965079 0.03145934 0.73012370
0.00000000 18.13633186 0.29462566 -2.61105070 0.06581379 0.69333272 0.02225290 0.71726083
0.00000000 18.27868546 0.29496513 -2.61085626 0.05985611 0.70695832 0.02532422 0.70426264
0.00000000 18.42211931 0.29135265 -2.59912898 0.06907403 0.70239091 0.02924547 0.70782801
0.00000000 18.51561939 0.30262107 -2.60466482 0.07078678 0.69110696 0.02379718 0.71888392
0.00000000 18.66708350 0.31950582 -2.61201663 0.05940562 0.67115130 0.02941711 0.73835055
0.00000000 18.81159174 0.31246869 -2.61741202 0.05905774 0.66110727 0.01941075 0.74771157
0.00000000 19.03901876 0.31953691 -2.60100312 0.06168008 0.65868535 0.01621745 0.74971073
0.00000000 19.18357503 0.31595967 -2.58554486 0.06537030 0.67258506 0.01975952 0.73686201
0.00000000 19.36721697 0.31966573 -2.56140672 0.06345274 0.68444917 0.02332063 0.72591957
0.00000000 19.69581071 0.33244855 -2.56016765 0.07005242 0.67062267 0.02357461 0.73810712
0.00000000 19.90536301 0.32092117 -2.55058298 0.06707679 0.66743478 0.01957492 0.74138273
0.00000000 20.10047060 0.33555439 -2.51699325 0.06812051 0.66602575 0.01430594 0.74267398
0.00000000 20.22065552 0.34274125 -2.49908691 0.07155835 0.67959345 0.00846900 0.73004139
0.00000000 20.46614624 0.33332980 -2.46193518 0.07973509 0.68970240 0.02111798 0.71937956
0.00000000 20.66576432 0.34852537 -2.41635304 0.07694649 0.68034313 0.02475271 0.72842280
-0.00781250 20.89970085 0.35317773 -2.38706207 0.07854904 0.66939298 0.02766440 0.73822609
0.00000000 21.20265792 0.37291298 -2.37248811 0.07803047 0.66036319 0.01878509 0.74664505
0.00000000 21.41794303 0.38469923 -2.33437761 0.07376397 0.67343367 0.00707596 0.73552424
0.00000000 21.59461477 0.36922933 -2.32584844 0.06990089 0.69013156 0.01658856 0.72010910
0.00000000 21.79906911 0.39202051 -2.29669095 0.07006581 0.67800279 0.01690679 0.73151702
0.00000000 22.03457420 0.39830087 -2.28698886 0.07400618 0.66152352 0.00232993 0.74626021
0.00000000 22.26835408 0.40347183 -2.28114595 0.06541535 0.64748576 0.00774588 0.75922528
0.00000000 22.67700463 0.40554538 -2.23448582 0.07111335 0.65398361 0.00265771 0.75315421
0.00000000 22.83763882 0.40061906 -2.21957989 0.07095402 0.66926410 0.00745875 0.73959142
0.00000000 23.06179267 0.41244586 -2.20814615 0.07654391 0.67250519 0.01135178 0.73603596
0.00000000 23.35422975 0.41781126 -2.17074595 0.08162420 0.67188545 0.01105991 0.73606053
0.00000000 23.63884947 0.40244953 -2.13462174 0.07703227 0.67463856 0.01328388 0.73399754
0.00000000 23.97240393 0.39804448 -2.09209208 0.07955066 0.68417250 0.00699847 0.72493496
0.00000000 24.37865226 0.40072673 -2.04178610 0.07730097 0.67194004 0.02492413 0.73613852
0.00000000 24.70732823 0.41272941 -2.02948757 0.07846989 0.65611761 0.02154589 0.75025857
0.00000000 25.11108063 0.43082551 -2.00519406 0.07506551 0.67367851 0.01011377 0.73513274
0.00000000 25.49671535 0.44093810 -1.96994007 0.07735831 0.68086366 0.01415384 0.72817583
0.00000000 25.74079928 0.45252498 -1.94533538 0.08232792 0.66434256 0.01419646 0.74274459
0.00000000 26.21398572 0.48090675 -1.91141587 0.07956182 0.66062626 0.00514871 0.74646926
0.00000000 26.39898125 0.48783316 -1.89141014 0.07421509 0.67382261 -0.00487937 0.73514039
0.00000000 26.64188795 0.48803887 -1.87204826 0.07845979 0.67369484 0.02270336 0.73448205
0.00000000 26.89852732 0.50570689 -1.85905360 0.07516873 0.65638621 0.02394512 0.75028890
0.00000000 27.30353303 0.51055545 -1.82661303 0.07920721 0.65148285 0.02335542 0.75415571
0.00000000 27.50544946 0.51478412 -1.80661134 0.07139737 0.66897247 0.01193108 0.73975395
0.00000000 27.92205256 0.53940932 -1.76456804 0.07835497 0.65671517 0.02313954 0.74970010
0.00000000 28.32944421 0.52809233 -1.72931386 0.07644539 0.65386369 0.02266835 0.75239918
0.00000000 28.49354702 0.53518569 -1.69921547 0.07667837 0.66949527 0.01009698 0.73877911
0.00000000 28.61868825 0.53064918 -1.68254245 0.07505968 0.68646154 0.00792210 0.72323844
0.00000000 28.85862126 0.54501374 -1.65610464 0.07018589 0.68780342 0.02475587 0.72207170
0.00000000 29.10595384 0.55804587 -1.64553425 0.07767956 0.67334527 0.02506835 0.73480856
0.00000000 29.49774103 0.56940784 -1.65736723 0.08050191 0.68990450 0.02014554 0.71912821
0.00000000 29.68908342 0.57085104 -1.66095077 0.07999077 0.70246684 0.02998016 0.70657130
0.00000000 29.94917049 0.57490677 -1.65317206 0.08502737 0.68471272 0.02742415 0.72331650
0.00000000 30.08171003 0.57833351 -1.65681980 0.07790805 0.66697550 0.03349785 0.74023774
0.00000000 30.21100668 0.57913398 -1.64173723 0.07561571 0.65356778 0.03089671 0.75244722
0.00000000 30.51107084 0.59454053 -1.57098956 0.07603280 0.66017008 0.02166230 0.74694392
0.00000000 30.59348573 0.60170425 -1.56887431 0.07806091 0.67429544 0.02152942 0.73400861
0.00000000 30.73412144 0.61341265 -1.56207161 0.07202902 0.68568193 0.02209903 0.72399154
0.00000000 31.09696191 0.60913504 -1.48064444 0.07433739 0.69706191 0.00951583 0.71308351
0.00000000 31.24257818 0.62037568 -1.45091554 0.05547896 0.70657214 0.00816570 0.70541563
0.00000000 31.35040635 0.62274318 -1.43475759 0.04759379 0.72306427 0.00807575 0.68909192
0.00000000 31.42757498 0.62172816 -1.43701403 0.05098470 0.73769373 0.00745894 0.67316631
0.00000000 31.52011788 0.61653254 -1.43234940 0.06072204 0.75024146 0.00998676 0.65829389
0.00000000 31.68563048 0.63483287 -1.41868442 0.05508580 0.76115218 0.01414329 0.64607498
0.00000000 31.87980756 0.64831532 -1.42964363 0.05865019 0.77538564 0.01987245 0.62844439
0.00000000 31.95619945 0.65320117 -1.44607565 0.05579580 0.79846359 0.01725776 0.59920355
0.00000000 32.03645609 0.66346684 -1.44769399 0.04618888 0.83900593 0.01894407 0.54182724
0.00000000 32.17164175 0.65084062 -1.38708255 0.03913348 0.88764259 0.01994359 0.45843371
0.00000000 32.31243439 0.63769301 -1.35951559 0.03715262 0.91404179 0.01339598 0.40369276
0.00000000 32.55886922 0.64843304 -1.40023650 0.03235482 0.93324760 0.01413628 0.35749441
0.00000000 32.64423494 0.64627082 -1.41104834 0.01829110 0.95634221 0.01011308 0.29150083
0.00000000 32.72710578 0.63760381 -1.40096427 0.01463463 0.97486939 0.00918333 0.22210623
0.00000000 32.80159500 0.63507620 -1.39239239 0.01972101 0.98497742 0.00003459 0.17155340
0.00000000 32.86236483 0.64767090 -1.43743891 0.01006945 0.99252864 0.00176279 0.12158287
0.00000000 32.93183731 0.66535902 -1.55703413 0.00581392 0.99554730 -0.00473085 0.09396485
0.00000000 32.97069264 0.68017936 -1.63647914 -0.00057200 0.99976737 -0.00789398 0.02006412
0.00000000 32.99560019 0.68173462 -1.66351115 0.00326104 0.99937906 -0.00872928 -0.03398032
0.00000000 33.04986140 0.67666020 -1.68453594 -0.00991795 0.99517559 -0.01263762 -0.09678566
0.00000000 33.10397657 0.66993856 -1.68173970 -0.01779957 0.98550793 -0.01673633 -0.16786061
0.00000000 33.10744918 0.67106652 -1.69244429 -0.02188294 0.97945528 -0.00901148 -0.20026802
0.00000000 33.08392791 0.66480500 -1.69526353 -0.02471236 0.97295160 -0.00542537 -0.22961934
0.00000000 33.07039309 0.66470153 -1.68436905 -0.02755567 0.96486636 -0.00563604 -0.26123136
0.00000000 33.05172846 0.66352306 -1.67143334 -0.02916669 0.95631348 -0.00827637 -0.29076681
0.00000000 33.03498798 0.66413661 -1.66584722 -0.03243959 0.94845391 -0.00863544 -0.31513217
0.00000000 33.00028212 0.66218332 -1.64748437 -0.03827913 0.93594814 -0.01195988 -0.34984675
0.00000000 32.97399902 0.66154362 -1.63522124 -0.04145070 0.92543976 -0.01262044 -0.37640909
0.00000000 32.95633930 0.66166172 -1.62864028 -0.04398853 0.91585913 -0.01251969 -0.39888636
0.00000000 32.92981009 0.66136575 -1.62286889 -0.04573562 0.90184308 -0.01265241 -0.42944991
0.00000000 32.89939608 0.66092853 -1.61536150 -0.04756666 0.88227124 -0.01197096 -0.46817900
0.00000000 32.87705538 0.65863850 -1.60098702 0.04975998 -0.86184373 0.01280711 0.50456447
0.00000000 32.85855652 0.65740727 -1.57401724 0.05206263 -0.83592080 0.01098928 0.54626471
0.00000000 32.81452086 0.65088074 -1.53421946 0.05794636 -0.80310754 0.00920307 0.59293828
0.00000000 32.77623836 0.64886462 -1.49498473 0.06087549 -0.77968671 0.00888308 0.62314035
0.00000000 32.71597049 0.65602534 -1.47074011 0.05607398 -0.77018388 0.00630927 0.63532094
0.00000000 32.58662061 0.67132066 -1.46794267 0.04569016 -0.76956236 -0.00756975 0.63689001
0.00000000 32.33547653 0.69202268 -1.58570986 0.04220952 -0.74881858 -0.01631869 0.66122825
0.00000000 31.41071193 0.70697049 -1.82023254 0.06033234 -0.72678774 0.00298905 0.68420075
0.00000000 31.17133944 0.70557806 -1.85937744 0.05830535 -0.70711809 -0.00252986 0.70468297
-0.00781250 30.95576457 0.73375231 -1.88701131 0.05031207 -0.71605927 -0.00132347 0.69622272
0.00000000 30.48811103 0.73553672 -1.93479812 0.04839135 -0.72713076 -0.00582662 0.68476652
0.00000000 30.23041652 0.76374140 -1.97708491 0.05229340 -0.71231115 -0.00573839 0.69988949
0.00000000 29.44089655 0.76700832 -2.06689942 0.05462997 -0.72387901 0.00637978 0.68773108
0.00000000 29.20426850 0.76275358 -2.10796713 0.05503354 -0.74319841 -0.00306347 0.66679686
0.00000000 28.45848785 0.77655526 -2.21053654 0.04800408 -0.74649438 0.00373314 0.66364736
0.00000000 28.18791965 0.78654597 -2.24100194 0.03961829 -0.76055021 0.00855227 0.64801283
0.00000000 27.60876537 0.81529797 -2.32722406 0.05026442 -0.74303381 -0.00917320 0.66730061
0.00000000 27.39871158 0.81234704 -2.35740650 0.04654106 -0.72703892 -0.00479879 0.68500022
0.00000000 26.89149592 0.82125309 -2.43657528 0.04349669 -0.74218047 0.00391781 0.66877563
0.00000000 26.05176576 0.84723824 -2.62528951 0.05216682 -0.73437104 -0.00216095 0.67673712
0.00000000 25.80687638 0.86021252 -2.67719164 0.04393271 -0.74979385 0.00163410 0.66020939
0.00000000 25.00979360 0.90709865 -2.82133730 0.04118879 -0.74901775 -0.01542625 0.66108844
0.00000000 24.32482089 0.92428238 -2.94819934 0.03777654 -0.76024604 0.00684489 0.64849984
0.00000000 23.70906702 0.94372872 -3.05914741 0.04860740 -0.74704456 0.01502956 0.66282415
0.00000000 23.24092564 0.96640338 -3.11232360 0.04149758 -0.76102800 0.00649429 0.64735783
0.00000000 22.61192003 0.98796773 -3.17316973 0.04963436 -0.74869882 -0.00525155 0.66102869
0.00000000 22.00515347 1.01059034 -3.24213707 0.02596233 -0.76044149 0.00224655 0.64888339
0.00000000 21.25077738 1.01882632 -3.33685986 0.03005772 -0.75817753 0.00022334 0.65135498
0.00000000 20.85048779 1.04550824 -3.38568139 0.02761372 -0.77452379 0.00179897 0.63193919
0.00000000 20.45713389 1.04922220 -3.43507112 0.02520196 -0.77742076 -0.01133223 0.62837362
0.00000000 20.15441456 1.07501549 -3.47617365 0.03286390 -0.75492285 -0.02051654 0.65466826
4851802351059767.00000000 19.62912536 1.09849752 -3.51544980 0.01982450 -0.75838969 -0.01378573 0.65135399
0.00000000 19.31580317 1.09595498 -3.52760777 0.01861388 -0.74502965 -0.01788021 0.66653180
0.00000000 19.02904022 1.10292685 -3.54359965 0.02690266 -0.72525114 -0.01432466 0.68780945
0.00000000 18.54194381 1.11090665 -3.57186816 0.02508077 -0.74050361 -0.00250001 0.67157956
0.00000000 18.03730883 1.12219245 -3.63028138 0.03984787 -0.74603515 -0.00864075 0.66465708
0.00000000 17.92621385 1.12424557 -3.64513395 0.03097182 -0.73606958 -0.01239788 0.67608328
0.00000000 17.32921496 1.14232533 -3.67934182 0.01748512 -0.73762411 -0.00581325 0.67496011
0.00000000 16.82528059 1.15664851 -3.70269089 0.02870516 -0.73084513 -0.01208401 0.68183237
0.00000000 16.52637589 1.15076169 -3.71811938 0.02029849 -0.73661133 -0.01301804 0.67588627
0.00000000 16.41868566 1.15974769 -3.71983319 0.02009972 -0.74747457 -0.01240932 0.66387030
0.00000000 16.21901783 1.16674369 -3.71129345 0.01530503 -0.76153773 -0.01285486 0.64781232
0.00000000 15.86215877 1.16587088 -3.70149010 0.02376773 -0.77227346 -0.01348868 0.63470218
0.00000000 15.58117634 1.16934919 -3.71183736 0.02780455 -0.76077897 -0.01135711 0.64831573
0.00000000 15.20142428 1.17596945 -3.73913970 0.02385952 -0.77319990 -0.00810863 0.63366150
0.00000000 14.76791883 1.17178188 -3.76757428 0.02378000 -0.77902497 -0.01228602 0.62642132
0.00000000 14.37305065 1.18510164 -3.80925083 0.02802156 -0.76871931 -0.01585569 0.63877540
0.00000000 13.84148829 1.20914645 -3.86800922 0.01852969 -0.78284072 -0.01923575 0.62164865
0.00000000 13.35794324 1.22087726 -3.92815707 0.02118515 -0.77721784 -0.01569523 0.62867899
0.00000000 13.16897721 1.22705580 -3.96905566 0.02310722 -0.76625390 -0.00953250 0.64205152
0.00000000 12.71068129 1.24469513 -4.02065526 0.02152101 -0.76342901 -0.00108316 0.64553219
0.00000000 12.38423486 1.25346002 -4.05771421 0.01455662 -0.77150829 -0.01252125 0.63592946
0.00000000 11.91035963 1.26319766 -4.12311781 0.02434007 -0.77338831 -0.02047524 0.63313414
0.00000000 11.27489761 1.28521258 -4.26025200 0.00789433 -0.77200000 -0.02245620 0.63517667
0.00000000 10.77914678 1.30723179 -4.38178512 0.03331228 -0.75000484 -0.02441195 0.66014171
0.00000000 10.64091280 1.30780660 -4.42272597 0.03596308 -0.73450247 -0.01803338 0.67741241
0.00000000 9.99212260 1.32864436 -4.58934435 0.02939992 -0.74598063 -0.01437440 0.66516308
0.00000000 9.49175996 1.35399095 -4.66216969 0.04676769 -0.73644745 -0.00583348 0.67485102
0.00000000 8.87110917 1.37665594 -4.73794770 0.04125621 -0.74538431 -0.01120026 0.66526289
0.00000000 8.41235950 1.37733448 -4.77961350 0.03265441 -0.75488608 -0.01751509 0.65480831
0.00000000 8.17814935 1.39631790 -4.81323240 0.04062860 -0.74349358 -0.01764969 0.66727438
0.00000000 7.54733656 1.42241003 -4.87379054 0.02657102 -0.74942198 -0.01177772 0.66145443
0.00000000 6.89908407 1.44743544 -5.00649600 0.03488950 -0.74066230 -0.02204018 0.67060891
0.00000000 6.47032383 1.48319049 -5.08135605 0.02158397 -0.74385322 -0.02357044 0.66757842
0.00000000 5.81024526 1.49771631 -5.26399442 0.02481735 -0.74173459 -0.02485523 0.66977318
0.00000000 5.27241401 1.51897404 -5.38228555 0.02370315 -0.75325011 -0.01290799 0.65718020
0.00000000 4.99431769 1.51660809 -5.43797228 0.02366607 -0.76532778 -0.02202583 0.64282826
0.00000000 4.57407487 1.54081198 -5.50795630 0.03310902 -0.74923232 -0.02303207 0.66107809
0.00000000 4.11687417 1.56780422 -5.55148885 0.01996142 -0.76228840 -0.02499940 0.64644641
0.00000000 3.75455960 1.55734413 -5.60118375 0.02996414 -0.77610046 -0.02246648 0.62949621
0.00000000 3.30167079 1.57122845 -5.67451557 0.02451041 -0.76724051 -0.02817323 0.64027143
0.00000000 2.66715025 1.58868858 -5.73169257 0.01937500 -0.76451551 -0.02819421 0.64369693
0.00000000 2.42091294 1.61177270 -5.78818685 0.03138592 -0.75091579 -0.02976357 0.65897991
0.00000000 2.02394745 1.62976194 -5.88883996 0.02236929 -0.75182197 -0.02776768 0.65840132
0.00000000 1.75439072 1.63539210 -5.94005070 0.02361808 -0.76558031 -0.02251461 0.64251231
0.00000000 1.38790835 1.65259157 -6.02101004 0.03226374 -0.75078983 -0.02043316 0.65943625
0.00000000 1.14375505 1.66119777 -6.09343348 0.03026717 -0.72892108 -0.02225185 0.68356624
0.00000000 0.84937599 1.68378792 -6.17345269 0.02698735 -0.73425284 -0.02223924 0.67797483
0.00000000 0.68474290 1.68683193 -6.21474812 0.03418652 -0.75319503 -0.01985759 0.65660810
0.00000000 0.30319632 1.71398402 -6.32636955 0.03564299 -0.72989779 -0.01908400 0.68235958
0.00000000 0.15521423 1.71340928 -6.38113728 0.02709621 -0.70622477 -0.01482485 0.70731364
0.00000000 -0.01614246 1.71811464 -6.42927134 0.03667180 -0.68526703 -0.01492510 0.72721490
0.00000000 -0.35578263 1.74530126 -6.48589976 0.04432563 -0.66528155 -0.00550681 0.74525524
0.00000000 -0.59741870 1.75069531 -6.53191472 0.04356695 -0.64035730 -0.01833878 0.76662125
0.00000000 -0.71963646 1.75937117 -6.55512600 0.05645238 -0.61911940 -0.01752943 0.78306897
0.00000000 -0.80997815 1.76309439 -6.57614912 0.06094311 -0.59409917 -0.02351767 0.80173501
0.00000000 -0.94867427 1.75899916 -6.59843685 0.05658516 -0.56347703 -0.01363838 0.82407873
0.00000000 -1.12344340 1.77251483 -6.61473647 0.06133811 -0.53112675 -0.00943575 0.84501655
0.00000000 -1.31388788 1.78482853 -6.60450183 0.06478118 -0.49703214 -0.01177630 0.86523047
0.00000000 -1.53475008 1.77424847 -6.61328624 0.06250936 -0.46090410 -0.00662780 0.88522091
0.00000000 -1.70823973 1.78387718 -6.62009182 0.07678960 -0.41531431 -0.00752062 0.90639992
0.00000000 -1.80624180 1.78297466 -6.61919311 0.07571040 -0.37690545 -0.00739373 0.92312272
0.00000000 -1.88044863 1.78106212 -6.61635535 0.07775564 -0.35235336 0.00254282 0.93262785
0.00000000 -2.13993392 1.79524552 -6.58907173 0.07591020 -0.31517483 -0.00098508 0.94599234
0.00000000 -2.31679903 1.80430903 -6.54185053 0.07457243 -0.27665909 0.00315334 0.95806511
0.00000000 -2.48911312 1.79035087 -6.51114155 0.08841023 -0.24743551 0.00271991 0.96485849
0.00000000 -2.58081727 1.79410236 -6.50857233 0.09485704 -0.20963774 0.00215649 0.97316469
0.00000000 -2.63314968 1.79141104 -6.48130871 0.09037213 -0.17831276 0.00903993 0.97977330
0.00000000 -2.69087102 1.78662274 -6.48250639 0.09676618 -0.14375750 0.01785210 0.98470878
0.00000000 -2.74071853 1.78059143 -6.47385919 0.09752107 -0.11528388 0.02160225 0.98829784
0.00000000 -2.81561102 1.79121975 -6.48390738 0.10245385 -0.08764890 0.01507716 0.99075403
0.00000000 -2.88422388 1.79042141 -6.39059354 0.10102660 -0.08698356 0.00990961 0.99102436
0.00000000 -2.94663571 1.76772851 -6.26148026 0.10262716 -0.08805230 0.00922082 0.99077214
0.00000000 -2.97407996 1.76014013 -6.20599073 0.11011356 -0.09702137 0.00683166 0.98914872
0.00000000 -3.02663674 1.74079453 -6.11308259 0.10350087 -0.10541025 0.01311638 0.98894095
0.00000000 -3.04831880 1.73596642 -6.06818517 0.10256602 -0.10193857 0.01297996 0.98940399
0.00000000 -3.06198002 1.73184019 -6.04437126 0.09854765 -0.09948541 0.01473131 0.99003737
0.00000000 -3.08278142 1.72547505 -5.98950365 0.10298256 -0.08650231 0.01434109 0.99081092
0.00000000 -3.12254299 1.71353879 -5.89711001 0.10743056 -0.05502445 0.01487197 0.99257736
0.00000000 -3.13934025 1.70926856 -5.88321428 0.11065436 -0.04138117 0.01837374 0.99282708
0.00000000 -3.14600969 1.71107418 -5.89563647 0.10973081 -0.03288648 0.01948854 0.99322597
0.00000000 -3.15427141 1.70920976 -5.86790656 0.10802311 -0.02851323 0.01705096 0.99359311
0.00000000 -3.16312509 1.70338614 -5.82953347 0.10621122 -0.01777059 0.01750064 0.99403074
0.00000000 -3.18671962 1.67519028 -5.55110882 0.10501518 -0.01686496 0.01757867 0.99417221
-0.00781250 -3.18210498 1.64019531 -5.36342884 0.10840472 -0.03021298 0.00846838 0.99361153
0.00000000 -3.21032505 1.58220875 -5.08184906 0.11370892 -0.01424638 0.01535880 0.99329322
0.00000000 -3.19415439 1.50210676 -4.76642856 0.10841008 0.00786070 0.02901825 0.99365155
0.00000000 -3.14282052 1.47710082 -4.54858104 0.10140954 -0.04425608 0.02761274 0.99347624
0.00000000 -3.23797750 1.43827221 -4.24080612 0.12753570 -0.01568698 0.03530127 0.99108142
0.00000000 -3.23255430 1.41859429 -4.02611609 0.12123950 -0.04915383 0.02301861 0.99113825
-0.00781250 -3.20032519 1.39061807 -3.89451717 0.12562622 -0.00555014 0.01595634 0.99193379
0.00000000 -3.18463511 1.38139859 -3.84775689 0.13141356 0.06806588 0.01514839 0.98887210
0.00000000 -3.16608628 1.37339509 -3.83756454 0.13973131 0.15719619 0.02307441 0.97735975
0.00000000 -3.14551190 1.36727171 -3.84956681 0.14051315 0.26383706 0.02825383 0.95385941
0.00000000 -3.09821167 1.36385772 -3.84891471 0.14166958 0.36927959 0.02973516 0.91797502
0.00000000 -3.04938688 1.35491122 -3.86384534 0.12825346 0.48817330 0.02679634 0.86285563
0.00000000 -3.04565878 1.33694749 -3.90453337 0.10996657 0.55695534 0.01973282 0.82299375
0.00000000 -2.96075389 1.28411888 -3.95119497 0.09553867 0.61884579 0.02771734 0.77918804
0.00000000 -2.45262868 1.27813187 -3.90970594 0.11279542 0.62982687 0.04433255 0.76722222
0.00000000 -2.16554058 1.28766273 -3.80364710 0.09989142 0.65410075 0.05500995 0.74776187
0.00000000 -1.79823633 1.30541684 -3.71245334 0.09321080 0.65873356 0.05507957 0.74454555
0.00000000 -1.43505195 1.27490530 -3.60121346 0.09792617 0.62228830 0.04584868 0.77528423
0.00000000 -1.21394749 1.25610111 -3.47812770 0.11542880 0.58969213 0.03972303 0.79834921
0.00000000 -1.02924649 1.23480051 -3.38031382 0.10663794 0.56132805 0.03769858 0.81982802
0.00000000 -0.96565963 1.22736136 -3.33474831 0.11311520 0.51555560 0.03634105 0.84857922
0.00000000 -0.91815807 1.22508460 -3.30900176 0.11963681 0.46795216 0.03307781 0.87499352
0.00000000 -0.81629328 1.21587220 -3.25444748 0.11674993 0.38021321 0.01946120 0.91729419
0.00000000 -0.75146873 1.20820315 -3.20583981 0.10912677 0.30079604 0.02111285 0.94718918
0.00000000 -0.69498660 1.20301425 -3.11690516 0.11315053 0.21610883 0.02513271 0.96946494
0.00000000 -0.67309492 1.19667771 -3.04556023 0.12154158 0.16703029 0.00320144 0.97842643
0.00000000 -0.62774749 1.18270776 -2.93692083 0.12807242 0.10434915 -0.00388792 0.98625230
0.00000000 -0.59710228 1.18003494 -2.83642660 0.09472795 0.00956863 -0.00315285 0.99545222
0.00000000 -0.54694130 1.18572583 -2.75571890 0.06939709 -0.06606181 -0.00606596 0.99538087
0.00000000 -0.41687546 1.19280375 -2.46017138 0.05829924 -0.05671647 -0.00358522 0.99668028
0.00000000 -0.33871057 1.42461075 -2.31489724 0.08049885 -0.06533530 -0.02588407 0.99427423
0.00000000 -0.31762793 1.56191331 -2.30297972 0.05412741 -0.08014285 0.00555772 0.99529717
0.00000000 -0.30942529 1.69607517 -2.30330767 0.05831217 -0.09693140 0.00376451 0.99357427
0.00000000 -0.29135173 1.77581154 -2.30619293 0.03890600 -0.08076534 0.01656687 0.99583574
-0.00781250 -0.29002400 1.78076025 -2.30153763 0.05679197 -0.07368468 -0.01423087 0.99556151
0.00000000 -0.28941070 1.78169887 -2.30111699 0.05685982 -0.07385269 -0.01421592 0.99554540
0.00000000 -0.28958585 1.78154577 -2.30126165 0.05667055 -0.07375787 -0.01420772 0.99556334
-0.00781250 -0.28943927 1.78132083 -2.30130132 0.05651012 -0.07379204 -0.01433668 0.99556808
0.00000000 -0.28946536 1.78121190 -2.30148050 0.05633145 -0.07372959 -0.01448385 0.99558070
0.00000000 -0.26382348 1.77213498 -2.29837664 0.04991930 -0.07868890 0.00067844 0.99564836
