0 0.00432414 -0.0473221 -0.0798411 8.81715e-05 0.000211454 -0.00790218 0.999969
1.66811 -0.235433 -0.256065 9.72319 -0.00237328 -0.00985963 -0.0109528 0.999889
2.60638 -0.466946 -0.300395 16.7332 -0.0028208 -0.0114361 -0.0108928 0.999871
3.96123 -0.801742 -0.575837 29.1254 0.0063009 -0.0106805 -0.0174492 0.999771
4.6906 -1.02129 -0.755388 36.4379 0.00189218 -0.0119164 -0.0187407 0.999752
5.73248 -1.40601 -0.970813 47.3273 0.00391944 -0.0141505 -0.0212873 0.999666
6.77449 -1.80537 -1.22504 58.2279 0.00592833 -0.0130377 -0.0179137 0.999737
7.81623 -2.17719 -1.49821 69.1736 0.00416683 -0.0116449 -0.019214 0.999739
8.96186 -2.61227 -1.7677 81.3793 -0.000743893 -0.0137697 -0.0183772 0.999736
10.2116 -3.13251 -1.99971 93.4867 -0.00186976 -0.0219919 -0.0149483 0.999645
11.8794 -3.87959 -2.21715 104.243 -0.00275825 -0.0152532 -0.027976 0.999488
13.2379 -2.94611 -2.42263 109.288 0.0106529 0.177982 -0.0168687 0.983831
14.1775 -0.923967 -2.65634 111.739 0.0161155 0.40028 -0.0219119 0.915989
15.012 1.87397 -2.84053 112.928 0.0140316 0.593391 -0.02103 0.804517
16.2595 8.0433 -3.21942 113.189 0.0243206 0.71397 -0.0141474 0.699611
17.9234 20.1775 -3.92002 112.828 0.0198304 0.716047 -0.00667814 0.697738
19.0691 29.4602 -4.46011 112.565 0.020379 0.716939 -0.0167543 0.696636
20.0071 36.8463 -4.8892 112.372 0.0133762 0.719264 -0.0135998 0.694475
20.6331 41.5961 -5.16509 112.2 0.0120368 0.722726 -0.0131836 0.690904
21.154 45.3355 -5.37394 112.046 0.0084088 0.724734 -0.0141406 0.688832
21.6755 48.8164 -5.58447 111.893 0.00997439 0.72487 -0.017607 0.688589
22.1968 52.2203 -5.77787 111.742 0.00690714 0.725309 -0.0189548 0.688128
22.8227 56.2657 -6.014 111.481 0.00605305 0.737149 -0.024594 0.675255
23.4481 60.4963 -6.25545 111.088 0.000431181 0.744138 -0.0229386 0.667631
24.2819 66.46 -6.58014 110.433 0.00875703 0.745139 -0.0177022 0.666617
24.8031 70.1579 -6.79753 110.019 0.00827855 0.748093 -0.0191896 0.663265
25.7414 77.0855 -7.20852 109.188 0.00285901 0.752509 -0.0211069 0.658237
26.2628 81.0748 -7.44055 108.662 0.00679803 0.75498 -0.0259859 0.655197
26.8883 86.1137 -7.743 107.983 0.00498411 0.753365 -0.0210858 0.657246
27.5136 91.2015 -8.04571 107.349 0.00522148 0.750061 -0.0258013 0.660844
28.4519 98.9125 -8.5231 106.452 0.00519994 0.747806 -0.0232009 0.663491
29.4946 107.287 -9.05818 105.531 0.00181996 0.749776 -0.0307454 0.660974
30.2244 112.792 -9.46954 104.819 -0.000509041 0.756066 -0.0346908 0.653575
30.85 117.377 -9.82825 104.155 0.000747286 0.760961 -0.0373933 0.647719
31.5796 122.687 -10.2848 103.285 0.00494954 0.765796 -0.0455362 0.64145
32.1012 126.367 -10.6215 102.591 0.00292543 0.774563 -0.0413415 0.631138
32.6229 129.946 -10.9504 101.716 0.00528589 0.79292 -0.0410679 0.607917
33.5609 136.071 -11.509 99.8163 0.0159407 0.806384 -0.0262255 0.590595
34.394 141.25 -11.9435 98.2184 0.0196387 0.800074 -0.0232867 0.599127
35.0195 144.963 -12.2525 97.1924 0.0182529 0.791978 -0.0166924 0.610049
36.0606 150.857 -12.6669 95.9679 0.0175523 0.764996 -0.0179183 0.643547
36.6852 154.207 -12.89 95.7475 0.00974575 0.723262 -0.0267091 0.689988
37.3117 157.539 -13.1074 95.7168 -0.006287 0.724968 -0.0338594 0.687922
37.7296 159.689 -13.2489 95.522 -0.00943886 0.743694 -0.0345711 0.667558
38.0434 161.257 -13.3521 95.2933 -0.0104312 0.759452 -0.0337409 0.649604
38.4601 163.24 -13.4839 94.8867 -0.00954639 0.775971 -0.0321714 0.629875
39.2937 167.026 -13.7187 93.9763 -0.00611266 0.78607 -0.0298235 0.617388
40.4408 172.689 -14.0442 92.4051 0.00153896 0.802951 -0.0297589 0.5953
41.7954 179.817 -14.4973 90.1278 0.00320014 0.803818 -0.0237159 0.594394
42.7328 184.081 -14.755 88.9653 0.000106609 0.787067 -0.0176266 0.616616
43.3577 186.474 -14.8523 88.6181 2.58097e-05 0.745568 -0.0221487 0.666062
43.8771 188.387 -14.8788 88.7391 -0.0136828 0.691267 -0.0267127 0.721976
44.7094 191.242 -14.9127 89.5631 -0.0179823 0.575529 -0.0306751 0.817008
45.5417 193.953 -14.9327 91.5691 -0.0202206 0.406284 -0.0311371 0.912992
46.6889 197.409 -14.7927 97.2436 -0.0311005 0.217644 -0.0205746 0.975316
47.5243 199.505 -14.5328 103.053 -0.0328696 0.161112 -0.0178097 0.986228
48.7764 202.887 -14.0552 113.363 -0.0345155 0.162387 -0.0123768 0.986046
50.0269 206.424 -13.5645 124.067 -0.0352557 0.158665 -0.00870982 0.986664
51.1729 209.395 -13.0673 133.638 -0.0401577 0.148627 -0.00434149 0.988068
51.9023 210.928 -12.7929 138.955 -0.0384963 0.138482 -0.00312761 0.989612
53.2576 212.773 -12.4323 146.132 -0.0343164 0.122993 -0.00678744 0.991791
54.2977 213.21 -12.2138 150.49 -0.0382905 0.00434613 -0.00383284 0.99925
55.3373 211.87 -11.9561 154.089 -0.0520329 -0.246855 -0.00870384 0.967615
55.9619 210.302 -11.7736 155.62 -0.0583877 -0.416414 -0.00163904 0.907297
56.4828 208.654 -11.6301 156.336 -0.0540305 -0.541355 -0.00182334 0.839054
57.3183 205.806 -11.4653 156.779 -0.0494104 -0.66027 0.00309194 0.749395
58.2582 201.387 -11.2364 156.835 -0.0456275 -0.712465 0.00335588 0.700215
58.8849 197.571 -11.0446 156.609 -0.0405718 -0.72368 -0.0023315 0.688939
59.9293 189.681 -10.6304 156.557 -0.0303858 -0.694093 -0.014885 0.719089
60.7632 182.521 -10.236 157.046 -0.0330097 -0.673342 -0.0176063 0.738384
61.4923 176.152 -9.87717 157.614 -0.0312415 -0.670947 -0.0188569 0.740607
62.2216 169.793 -9.545 158.177 -0.0316254 -0.672641 -0.0213973 0.738983
62.6384 166.161 -9.34047 158.488 -0.029818 -0.672401 -0.0222634 0.739251
63.4723 159.11 -8.95167 159.151 -0.029745 -0.669486 -0.0217435 0.741911
64.3063 152.016 -8.55591 159.812 -0.0288343 -0.667581 -0.0199221 0.743711
65.0359 145.6 -8.1825 160.466 -0.0312548 -0.664688 -0.0217114 0.746151
65.6613 140.033 -7.88943 161.041 -0.0306628 -0.66627 -0.0181267 0.74486
66.2865 134.259 -7.566 161.533 -0.0305964 -0.67687 -0.0196915 0.735202
66.8077 129.39 -7.31959 161.851 -0.028294 -0.679471 -0.0153489 0.732996
67.4332 123.407 -7.00947 162.249 -0.0333284 -0.680784 -0.0184748 0.731493
68.267 115.45 -6.5923 162.73 -0.0286892 -0.681891 -0.0200401 0.730616
69.1004 107.499 -6.18673 163.218 -0.0262631 -0.681592 -0.0233531 0.730888
69.9339 99.5247 -5.70138 163.705 -0.0203007 -0.682628 -0.0298221 0.729875
70.6633 92.568 -5.3286 164.148 -0.0195356 -0.677436 -0.0322006 0.734617
71.3928 85.6127 -4.94142 164.716 -0.0149377 -0.673207 -0.030635 0.738668
72.0178 79.7185 -4.6487 165.22 -0.0204989 -0.674076 -0.0307945 0.737735
72.9555 70.7018 -4.19483 165.962 -0.0212286 -0.67403 -0.0303891 0.737773
73.7889 62.749 -3.78083 166.542 -0.0229211 -0.681784 -0.0285377 0.730637
74.4141 56.6763 -3.43359 166.888 -0.0219699 -0.684314 -0.030357 0.728224
74.8309 52.5993 -3.20847 167.109 -0.0223515 -0.685593 -0.0310583 0.726978
75.3517 47.5337 -2.93007 167.359 -0.0224594 -0.688451 -0.0295268 0.724334
75.8724 42.5566 -2.67396 167.542 -0.0199974 -0.692575 -0.0278228 0.720532
76.6019 35.7912 -2.32035 167.696 -0.0202011 -0.693178 -0.0336413 0.719697
77.0183 31.9798 -2.09734 167.8 -0.0184431 -0.694583 -0.0349718 0.718325
77.4361 28.3031 -1.88802 167.871 -0.0171978 -0.697274 -0.0368296 0.715652
77.7476 25.6284 -1.73337 167.909 -0.0163716 -0.699476 -0.0371269 0.713503
78.1643 22.1863 -1.53816 167.949 -0.0158007 -0.701395 -0.039178 0.71152
78.9986 15.972 -1.21963 168.029 -0.0136304 -0.695062 -0.0383515 0.717796
79.8326 10.2355 -0.913981 168.223 -0.0147061 -0.690003 -0.0382259 0.722646
81.2926 2.11848 -0.501483 168.807 -0.0196957 -0.6679 -0.0370835 0.743065
82.8579 -3.49032 -0.262656 170.314 -0.0210973 -0.55565 -0.0260008 0.830742
84.1108 -6.52968 -0.159146 172.974 -0.0108535 -0.350874 -0.0209183 0.936126
85.2577 -8.44342 -0.123478 177.762 -0.00137555 -0.119967 -0.0293403 0.992343
86.4014 -8.84797 -0.237366 184.995 0.00475307 -0.00926202 -0.0204211 0.999737
87.7531 -9.29673 -0.452248 195.35 0.002603 -0.019069 -0.0217019 0.999579
89.4199 -10.1896 -0.606184 208.656 0.0012883 -0.0288231 -0.0192125 0.999399
91.0875 -10.9945 -0.801565 219.226 -0.00182925 -0.0395481 -0.0206818 0.999002
92.3403 -10.9282 -0.934142 224.609 0.00783914 0.059055 -0.024713 0.997918
93.8028 -8.27712 -1.20127 229.401 0.0246826 0.353602 -0.0131682 0.934977
94.6399 -5.37568 -1.43641 231.252 0.023101 0.537754 -0.0272368 0.842345
95.6779 0.0265849 -1.87542 232.249 0.0218264 0.67366 -0.0242485 0.738321
96.3015 4.05913 -2.17266 232.308 0.0216906 0.709665 -0.0195452 0.703934
97.0289 9.40975 -2.55365 232.192 0.0235228 0.717162 -0.0161047 0.696323
98.2767 19.2508 -3.26002 232.151 0.0203771 0.706685 -0.0143029 0.70709
99.318 27.5804 -3.84441 232.286 0.0162051 0.705762 -0.01731 0.708052
100.047 33.3488 -4.22782 232.312 0.00561641 0.710796 -0.0198247 0.703097
100.568 37.4026 -4.46522 232.294 0.00986674 0.71138 -0.022965 0.702363
101.193 42.1192 -4.78146 232.249 0.00440924 0.7144 -0.023661 0.699323
102.235 49.8106 -5.26627 232.161 0.00323765 0.713757 -0.026642 0.699879
103.381 57.7239 -5.84758 232.074 0.00500473 0.711032 -0.0271612 0.702617
104.214 63.2644 -6.22852 232.05 -0.00206977 0.713634 -0.0322469 0.699773
104.943 67.9029 -6.53496 232.029 -0.00175774 0.71257 -0.0361508 0.700667
105.777 72.977 -6.85332 231.981 -0.00591469 0.716418 -0.0354789 0.696744
106.403 76.8645 -7.10799 231.824 -0.00327617 0.727378 -0.0394652 0.685093
106.924 80.3534 -7.34902 231.581 -0.00610661 0.737428 -0.039435 0.674246
107.445 84.1161 -7.61161 231.21 -0.00188643 0.746036 -0.04039 0.664677
108.278 90.8698 -8.08225 230.451 0.00212276 0.749455 -0.0332445 0.661217
109.007 97.5232 -8.48844 229.8 0.00541889 0.740624 -0.02691 0.671359
109.527 102.411 -8.794 229.417 0.00783298 0.73345 -0.0313743 0.678973
109.944 106.409 -9.08612 229.142 0.0061375 0.73202 -0.0251619 0.68079
110.673 113.307 -9.51026 228.695 0.00630838 0.729583 -0.0246468 0.683419
111.506 121.264 -10.0098 228.341 0.00239556 0.723229 -0.0267811 0.690084
112.235 128.047 -10.4307 228.138 0.000387069 0.721904 -0.0331353 0.6912
112.964 134.658 -10.8552 227.875 -0.00563615 0.726759 -0.0328851 0.686082
113.38 138.372 -11.0746 227.636 -0.00647269 0.732117 -0.0359493 0.680199
114.005 143.928 -11.4152 227.114 -0.00838902 0.747379 -0.0340136 0.663474
114.318 146.731 -11.5724 226.748 -0.00980748 0.756459 -0.0351125 0.653025
114.839 151.348 -11.8569 225.931 -0.00522776 0.77303 -0.033037 0.633487
115.256 155.063 -12.1073 225.093 0.00236794 0.782441 -0.0274529 0.622114
115.88 160.601 -12.4902 223.828 0.0121551 0.777512 -0.0189843 0.628464
116.712 168.106 -12.9544 222.455 0.015596 0.76184 -0.0148873 0.647406
117.65 176.101 -13.4779 221.32 0.0128894 0.755214 -0.00986273 0.655278
118.171 180.18 -13.6932 220.737 0.0185801 0.754703 -0.0138554 0.655657
118.692 184.191 -13.9088 220.135 0.0191438 0.756911 -0.00554503 0.653214
119.629 191.098 -14.3407 219.193 0.0204953 0.747795 -0.00895805 0.663553
120.671 198.689 -14.8838 218.514 0.011045 0.744618 -0.0143268 0.667245
121.609 203.816 -15.2226 218.024 0.00868676 0.74371 -0.0179672 0.668204
123.174 209.661 -15.6481 217.25 0.0135107 0.763543 -0.0198108 0.645312
124.53 213.595 -15.9406 216.304 0.0130023 0.804801 -0.0265325 0.592808
125.782 217.658 -16.3739 214.056 0.0104743 0.88955 -0.0311212 0.455656
127.033 221.606 -16.9122 209.061 0.0150612 0.967997 -0.0293501 0.248784
127.658 222.948 -17.2099 205.439 0.0152772 0.990201 -0.0193907 0.137454
128.18 223.424 -17.4184 201.76 0.0229357 0.99873 -0.0230202 0.0385123
128.596 223.343 -17.5826 198.971 0.0283225 0.998951 -0.0259955 -0.0248609
129.012 222.948 -17.7438 196.017 0.0262621 0.996949 -0.0215137 -0.0702867
129.533 222.174 -17.9235 192.214 0.0213345 0.992545 -0.0105245 -0.119538
130.573 219.676 -18.2724 184.372 0.0245089 0.98572 -0.0193789 -0.165467
131.197 218.025 -18.4909 179.549 0.0315223 0.98623 -0.0196318 -0.161154
131.718 216.795 -18.6926 175.534 0.0331141 0.988698 -0.0184156 -0.145055
132.655 215.036 -19.0361 168.853 0.029455 0.990899 -0.0164621 -0.130307
133.594 213.466 -19.34 163.436 0.0279572 0.987933 -0.0161548 -0.151476
134.22 212.219 -19.4836 160.401 0.028379 0.975768 -0.0158374 -0.216383
134.952 210.145 -19.5894 157.687 0.0305276 0.930049 -0.0194016 -0.365652
135.474 208.199 -19.6391 156.359 0.0307256 0.873742 -0.0122342 -0.485264
135.995 205.93 -19.6296 155.534 -0.0280959 -0.803888 0.00349211 0.594107
136.932 201.061 -19.481 155.157 -0.0246899 -0.710393 -0.00611418 0.703346
137.868 195.054 -19.255 155.478 -0.0224723 -0.677294 -0.00989541 0.735303
138.804 187.915 -18.9901 156.049 -0.0174197 -0.675319 -0.015081 0.737166
139.429 182.633 -18.8099 156.523 -0.015755 -0.669713 -0.0182197 0.742229
139.95 177.969 -18.6393 157.006 -0.0163732 -0.667078 -0.0176401 0.744599
140.679 171.23 -18.4332 157.665 -0.0155112 -0.668609 -0.0195325 0.743196
141.304 165.454 -18.2274 158.261 -0.0159543 -0.667844 -0.0226399 0.743786
142.137 157.882 -17.9618 159.047 -0.0140221 -0.667208 -0.0217266 0.744423
142.971 150.269 -17.7032 159.869 -0.0124848 -0.665664 -0.0215815 0.745835
143.909 141.725 -17.4467 160.9 -0.0157969 -0.661649 -0.0195104 0.749393
144.534 135.831 -17.2634 161.507 -0.0148862 -0.667987 -0.0171857 0.743825
145.263 128.767 -17.0437 162.058 -0.00908749 -0.678636 -0.0196262 0.734156
145.888 122.36 -16.8541 162.485 -0.0147863 -0.680161 -0.0189024 0.732669
146.618 114.781 -16.6127 162.959 -0.00946962 -0.679849 -0.0233455 0.732919
147.347 107.245 -16.3959 163.47 -0.00860876 -0.678957 -0.0254602 0.733686
148.076 99.6641 -16.1477 163.998 -0.00709442 -0.679888 -0.0283713 0.732732
148.805 92.1667 -15.8941 164.53 -0.000456676 -0.67261 -0.0315759 0.739323
149.743 82.4497 -15.5853 165.498 -2.01824e-05 -0.664884 -0.0295717 0.746361
150.263 76.9536 -15.4463 166.103 -0.00698826 -0.666637 -0.0278418 0.744829
150.992 69.1833 -15.2494 166.8 -0.00724563 -0.674735 -0.0256198 0.73758
151.721 61.0558 -14.9984 167.344 -0.00803075 -0.680199 -0.0249412 0.732559
152.241 55.2141 -14.8241 167.643 -0.0089062 -0.68466 -0.027621 0.728285
152.554 51.6678 -14.7092 167.812 -0.00801561 -0.686503 -0.027991 0.726544
152.97 46.9729 -14.5638 168.014 -0.00796177 -0.688242 -0.0278877 0.724901
153.491 41.2394 -14.4188 168.26 -0.00461098 -0.69021 -0.0241894 0.72319
154.116 34.4288 -14.224 168.476 -0.00720536 -0.692728 -0.0305991 0.720513
154.532 30.1354 -14.0698 168.578 -0.00486885 -0.694185 -0.0332991 0.719009
154.845 27.0373 -13.9812 168.631 -0.00493631 -0.695985 -0.0346461 0.717203
155.157 24.1352 -13.8831 168.686 -0.00336003 -0.697959 -0.0352231 0.715263
155.574 20.5002 -13.7863 168.706 -0.00225825 -0.699238 -0.0370405 0.713925
156.304 14.6078 -13.6066 168.882 0.00268641 -0.684839 -0.0383779 0.727678
157.346 7.17709 -13.4439 169.821 -0.00612954 -0.649125 -0.0300269 0.760064
158.075 2.7802 -13.3078 170.489 -0.0145747 -0.654413 -0.0247755 0.755591
158.909 -1.06136 -13.1958 170.916 -0.0124816 -0.667499 -0.0233917 0.744139
160.785 -5.42004 -13.0999 171.214 -0.00779292 -0.682591 -0.0199499 0.730487
162.244 -9.23473 -13.0131 171.29 0.00789845 -0.696336 -0.0225719 0.717317
163.078 -13.2043 -12.9096 171.422 -0.00395667 -0.693115 -0.0287735 0.720241
163.599 -16.3137 -12.7924 171.531 -0.00910631 -0.696056 -0.0235404 0.717543
164.12 -19.8337 -12.6834 171.563 0.00393341 -0.700097 -0.0178173 0.713814
164.537 -23.0213 -12.624 171.603 -0.00161638 -0.701799 -0.0216652 0.712044
165.162 -28.259 -12.5095 171.615 -0.00163701 -0.703432 -0.0239533 0.710357
165.684 -33.0052 -12.385 171.629 0.000779125 -0.701754 -0.0247381 0.711989
166.517 -41.0665 -12.1827 171.737 -0.000261019 -0.698873 -0.0261625 0.714767
167.143 -47.3475 -12.0403 171.805 0.00284016 -0.700219 -0.0305443 0.713269
167.663 -52.6679 -11.8914 171.876 0.00199718 -0.699933 -0.032401 0.71347
168.392 -60.1378 -11.6871 171.952 0.0042557 -0.69978 -0.0430724 0.713046
169.017 -66.5421 -11.51 172.03 0.0129975 -0.699585 -0.0390706 0.713362
169.434 -70.8539 -11.4162 172.059 0.0105085 -0.699889 -0.0352644 0.713304
169.955 -76.2835 -11.334 172.096 0.00470553 -0.701435 -0.0346788 0.711874
170.684 -83.8223 -11.2084 172.138 0.00596177 -0.703435 -0.035981 0.709823
171.309 -90.258 -11.0417 172.002 0.00775889 -0.70779 -0.0344608 0.705539
171.83 -95.7764 -10.9521 171.904 0.00779034 -0.711659 -0.0342056 0.701649
172.143 -99.0776 -10.8648 171.805 0.00677104 -0.713979 -0.0345656 0.699281
172.455 -102.406 -10.7792 171.659 0.00945038 -0.716389 -0.0313882 0.69693
172.767 -105.761 -10.6905 171.522 0.0100194 -0.718828 -0.0348992 0.69424
173.079 -109.074 -10.6068 171.365 0.0105159 -0.721534 -0.0341949 0.691455
173.496 -113.486 -10.5268 171.109 0.0105146 -0.724618 -0.0327557 0.688292
174.12 -120.244 -10.4031 170.659 0.00914022 -0.727896 -0.032232 0.684868
174.85 -128.081 -10.2731 170.105 0.00457897 -0.729496 -0.0291349 0.683348
175.266 -132.511 -10.1834 169.764 0.0104587 -0.729292 -0.0301634 0.683457
175.683 -137.058 -10.0792 169.42 0.00944475 -0.729778 -0.0336227 0.682792
176.203 -142.715 -9.95639 168.947 0.0145709 -0.73003 -0.0357248 0.682325
176.828 -149.579 -9.8303 168.425 0.016036 -0.729779 -0.034555 0.682621
177.452 -156.389 -9.70839 167.917 0.0135912 -0.730229 -0.0353454 0.682152
177.869 -160.885 -9.61634 167.551 0.0153218 -0.730386 -0.0363227 0.681896
178.181 -164.283 -9.53907 167.288 0.0128575 -0.730265 -0.0370609 0.682036
178.494 -167.652 -9.49918 167.017 0.0192547 -0.729951 -0.0328309 0.682438
179.014 -173.315 -9.40171 166.608 0.0161357 -0.729307 -0.0352302 0.683088
179.639 -179.905 -9.25537 166.124 0.00802813 -0.729674 -0.0399356 0.68258
180.368 -187.086 -9.12973 165.581 0.0153615 -0.730453 -0.0457336 0.681256
180.68 -190.107 -9.04992 165.343 0.0183357 -0.730941 -0.0436376 0.680798
181.097 -194.034 -8.97916 165.046 0.0221046 -0.729528 -0.0430959 0.682233
181.513 -197.846 -8.93791 164.77 0.0255144 -0.728864 -0.0444241 0.68274
181.93 -201.546 -8.90416 164.473 0.0284935 -0.731448 -0.0466948 0.679699
182.346 -205.176 -8.84963 164.143 0.023969 -0.736944 -0.0483371 0.673798
182.762 -208.727 -8.77522 163.75 0.0252287 -0.745297 -0.0452221 0.664718
183.179 -212.209 -8.71533 163.26 0.0245555 -0.753903 -0.0481229 0.654761
183.909 -218.202 -8.58513 162.273 0.0314186 -0.754741 -0.0598083 0.652535
184.535 -222.952 -8.46806 161.612 0.0416575 -0.740156 -0.0672588 0.667765
185.16 -227.381 -8.39049 161.402 0.0424752 -0.714386 -0.067612 0.695181
185.682 -230.808 -8.3441 161.464 0.0430899 -0.688647 -0.063511 0.721024
186.203 -233.891 -8.35606 161.748 0.044875 -0.6622 -0.0578605 0.745741
187.14 -238.676 -8.41065 162.577 0.0385632 -0.638312 -0.0513963 0.767091
187.764 -241.309 -8.41508 162.941 0.0344825 -0.662823 -0.0496747 0.74633
188.596 -244.07 -8.36644 162.778 0.0315969 -0.744199 -0.0565383 0.66481
189.637 -246.753 -8.20982 161.61 0.0366577 -0.850129 -0.0702108 0.520584
191.096 -249.754 -7.83579 158.964 -0.0297117 0.922545 0.0652886 -0.379165
192.346 -251.883 -7.34383 155.464 -0.0140109 0.97289 0.0693983 -0.220164
193.179 -252.905 -6.83759 151.863 -0.00891446 0.989391 0.0736623 -0.124903
194.013 -253.801 -6.08758 146.678 0.00605339 0.995078 0.0738 -0.0658475
194.535 -254.166 -5.49304 142.55 0.00546007 0.996384 0.0720873 -0.0446437
195.473 -254.841 -4.25706 133.673 0.0127885 0.9967 0.071541 -0.0361555
196.307 -255.36 -2.94677 124.267 0.0156069 0.996331 0.0786776 -0.0298483
196.724 -255.563 -2.29609 119.597 0.0101738 0.996608 0.0777856 -0.0248843
197.453 -255.857 -1.21558 111.526 0.00983584 0.996629 0.0796451 -0.0170359
198.286 -256.008 0.0768997 102.334 0.00494345 0.996625 0.080786 -0.0136986
198.807 -256.08 0.899214 96.5658 0.000629188 0.996713 0.0804689 -0.00933368
199.432 -256.11 1.88236 89.6931 -0.00326052 0.996741 0.0803175 -0.00673273
200.265 -256.263 3.10946 80.6986 -0.00358702 0.996813 0.0775971 -0.018149
201.098 -256.542 4.3849 71.9493 -0.0110346 0.996661 0.0775144 -0.0231718
201.827 -256.842 5.4846 64.4216 -0.0124016 0.996234 0.0823953 -0.023967
202.556 -257.097 6.58312 56.9906 -0.0133359 0.996255 0.083397 -0.0185209
203.39 -257.252 7.82805 48.5505 -0.0192151 0.996217 0.0835937 -0.0139422
204.223 -257.509 9.07871 40.2906 -0.0223123 0.996107 0.0828062 -0.0204088
205.057 -257.848 10.2556 32.3011 -0.0234818 0.996016 0.081213 -0.028386
205.682 -258.167 11.1318 26.4106 -0.0212071 0.996209 0.0804106 -0.0255241
206.41 -258.215 12.1627 19.6824 -0.0207761 0.996474 0.0809621 0.0073441
207.242 -257.556 13.3434 12.0603 -0.0140078 0.994287 0.0775101 0.0720314
207.762 -256.547 14.0376 7.36321 -0.0128076 0.988895 0.0772689 0.126305
208.386 -254.619 14.8394 1.96867 -0.00988935 0.977404 0.0776716 0.196345
209.01 -251.811 15.6856 -3.2731 -0.00658755 0.961608 0.0760738 0.26359
209.531 -248.908 16.3832 -7.47221 -0.0084021 0.949454 0.0733494 0.3051
210.469 -242.864 17.6346 -15.1521 -0.00949487 0.944102 0.0709412 0.32179
211.511 -236.006 19.0456 -24.2435 -0.0134004 0.951709 0.071341 0.298295
212.552 -230.063 20.3963 -33.3862 0.000786214 0.957612 0.0772214 0.277516
213.489 -224.976 21.6051 -41.3433 0.00962453 0.958199 0.0810507 0.274213
214.009 -222.369 22.2328 -45.4028 0.0114655 0.95625 0.0842903 0.279911
214.529 -219.988 22.7819 -48.8629 0.0132083 0.951158 0.0844561 0.296633
215.154 -217.513 23.3157 -52.1987 0.0130282 0.945331 0.0833617 0.315008
215.882 -214.977 23.8053 -55.1623 0.0173561 0.932316 0.080935 0.352045
216.506 -212.931 24.1255 -57.0734 0.0236969 0.910923 0.0804232 0.403968
217.547 -210.149 24.3871 -58.6583 0.0217283 0.85311 0.0678554 0.516843
218.797 -206.8 24.5767 -59.2869 0.0274657 0.748381 0.0577307 0.660181
219.942 -201.963 24.648 -58.7118 0.0344122 0.636822 0.0539485 0.768351
220.776 -197.028 24.6459 -57.065 0.0415081 0.553332 0.0648926 0.829391
221.506 -192.169 24.4713 -54.3138 0.0511582 0.481054 0.0663884 0.872675
222.758 -182.43 23.979 -47.73 0.0449438 0.469701 0.0552328 0.879949
223.488 -175.753 23.6716 -43.322 0.0396098 0.480506 0.0500544 0.874665
224.009 -170.619 23.4729 -40.1691 0.0389403 0.493807 0.0541521 0.86701
224.634 -164.205 23.2451 -36.5359 0.0368845 0.513471 0.0528023 0.855687
225.466 -155.563 22.9845 -32.2263 0.0386719 0.526419 0.0533323 0.847669
225.986 -150.139 22.8132 -29.5633 0.035598 0.527514 0.0525791 0.84717
226.506 -144.659 22.6362 -26.8774 0.039139 0.528338 0.05362 0.846435
227.235 -137.027 22.3583 -23.1231 0.0364371 0.52976 0.0550065 0.845578
227.859 -130.58 22.1505 -19.9677 0.0385208 0.525522 0.0565471 0.848024
228.692 -122.127 21.8978 -15.8556 0.0305124 0.540936 0.0425052 0.839435
229.213 -116.819 21.7924 -13.6245 0.0274373 0.561601 0.0436168 0.825802
229.837 -110.434 21.7154 -11.2268 0.0286258 0.573321 0.042087 0.817748
230.253 -106.279 21.6309 -9.74811 0.022983 0.576052 0.043434 0.815935
230.982 -98.8157 21.5616 -7.20124 0.0230028 0.590697 0.0352349 0.805795
231.608 -92.2236 21.5035 -5.29775 0.0208639 0.610959 0.0374374 0.790501
232.128 -86.672 21.4784 -3.95898 0.0190144 0.623063 0.0406838 0.780881
232.753 -79.9717 21.4981 -2.47524 0.0189385 0.629561 0.0447921 0.775428
233.585 -71.2115 21.5593 -0.667613 0.0205154 0.636614 0.0457449 0.769552
234.521 -61.48 21.6524 1.13241 0.019709 0.642729 0.0504907 0.764174
235.249 -54.0794 21.7127 2.43772 0.0207251 0.650301 0.0444745 0.75809
235.874 -47.8561 21.7448 3.40099 0.0206538 0.656289 0.0430476 0.752998
236.602 -40.7271 21.8043 4.39113 0.0215058 0.661707 0.0458057 0.748053
237.33 -34.0323 21.8127 5.24657 0.0214952 0.665302 0.0471816 0.744772
238.059 -28.077 21.8957 5.94604 0.0179263 0.668453 0.0516917 0.741739
239.204 -20.3817 21.9676 6.79568 0.0186655 0.669447 0.0489962 0.741008
240.975 -13.044 22.0246 7.50366 0.0261478 0.668735 0.0443812 0.741714
245.456 -10.568 22.0033 8.1147 0.0242045 0.615851 0.0403316 0.786457
250.976 -8.74468 21.9763 8.95915 0.0284979 0.526186 0.03688 0.849091
251.703 -6.73265 21.9187 10.6784 0.0239279 0.388154 0.0263938 0.920906
252.327 -5.26545 21.8388 13.0422 0.0257979 0.249341 0.0196668 0.967872
253.056 -3.82936 21.5901 17.4332 0.029757 0.111565 0.0292741 0.99288
253.786 -3.36936 21.1833 23.0612 0.0358834 0.013299 0.0215981 0.999034
254.412 -3.50415 20.708 28.8326 0.0352622 -0.0114065 0.0121608 0.999239
255.664 -4.03776 19.701 42.4644 0.025701 -0.0173065 0.0130482 0.999435
256.601 -4.49351 18.9353 52.7195 0.0286195 -0.021357 0.0111033 0.999301
257.955 -5.22777 17.7773 67.5443 0.0298025 -0.0198314 0.012674 0.999279
259.413 -6.02623 16.605 82.8654 0.0264196 -0.0227847 0.0120726 0.999318
260.558 -6.641 15.7658 94.4674 0.0258853 -0.0204558 0.0119612 0.999384
261.704 -7.00341 14.9307 105.84 0.0294305 -0.00774314 0.00847206 0.999501
262.642 -7.22351 14.1593 115.032 0.0256851 -0.00786184 0.00594383 0.999621
263.683 -7.55119 13.3503 126.123 0.0317056 -0.0123401 0.0114356 0.999356
264.412 -7.86199 12.7184 134.179 0.0284521 -0.0172799 0.00893788 0.999406
265.454 -8.39439 11.8381 145.632 0.0245426 -0.0219864 0.00928735 0.999414
266.495 -8.94004 10.9797 156.699 0.0267871 -0.0194194 0.00431743 0.999443
267.433 -9.29847 10.2551 165.995 0.029652 -0.011842 0.00410643 0.999482
268.37 -9.61192 9.4932 175.168 0.0315555 -0.0149011 -0.000290497 0.999391
269.516 -10.077 8.6588 186.934 0.0333163 -0.0184504 0.00359919 0.999268
270.453 -10.4901 7.81972 197.171 0.0335508 -0.0156468 0.00306367 0.99931
271.286 -10.8071 7.14092 205.835 0.0294776 -0.0147013 -0.00271186 0.999454
272.224 -11.1146 6.41046 215.316 0.028839 -0.0107074 -0.00473918 0.999515
273.266 -11.3033 5.63936 224.971 0.0303203 -0.00711225 0.000849792 0.999515
273.891 -11.3895 5.14549 230.506 0.0434976 -0.00491934 0.00735382 0.999014
274.411 -11.5756 4.68415 235.281 0.0298636 -0.0220048 0.00126607 0.999311
275.871 -12.4315 3.57723 249.845 0.0320997 -0.0232832 -0.000538243 0.999213
276.809 -12.9195 2.73956 260.32 0.0292024 -0.0209034 -0.000713956 0.999355
277.747 -13.4025 1.80796 270.918 0.0278234 -0.0197356 -0.00304945 0.999413
278.372 -13.721 1.2382 277.756 0.0285011 -0.0190875 -0.00937766 0.999368
279.309 -14.2619 0.43808 287.206 0.0208567 -0.0239866 -0.0141343 0.999395
280.35 -14.8344 -0.277491 296.723 0.0329376 -0.0212288 -0.020008 0.999032
281.288 -15.0885 -0.930827 305.181 0.029474 -0.0077262 -0.0225582 0.999281
282.33 -15.0892 -1.69869 315.373 0.0365062 0.0116092 -0.0209711 0.999046
283.372 -14.6552 -2.6251 326.295 0.0322226 0.0328165 -0.0196887 0.998748
284.518 -13.7559 -3.74325 339.362 0.035691 0.0382889 -0.0133611 0.99854
285.559 -13.006 -4.80459 351.384 0.0313588 0.0339533 -0.012682 0.998851
286.496 -12.4605 -5.70897 361.82 0.0285097 0.0259868 -0.0103947 0.999202
287.433 -12.0846 -6.45974 371.852 0.0269083 0.0224257 -0.0221646 0.999141
