0 -0.0267912 -0.0134751 0.0181758 0.000468396 0.000475533 -0.00455411 0.999989
1.14348 -0.0814191 -0.1831 7.60741 -0.00676296 0.00456581 -0.00986642 0.999918
3.74273 0.112331 -0.343573 14.3259 0.00751171 0.0267155 -0.00685867 0.999591
5.81823 -0.670766 -0.398075 17.8818 0.000615481 -0.170766 -0.0117334 0.985241
6.54398 -2.14378 -0.362755 19.8028 -0.0120313 -0.340703 -0.0201645 0.939878
7.06288 -3.8659 -0.252321 21.0572 -0.0169191 -0.466776 -0.0190764 0.884008
7.78973 -7.43089 -0.0400664 22.1908 -0.0220043 -0.631563 -0.0190846 0.774777
8.51911 -12.0274 0.180365 22.2119 -0.0227149 -0.716901 -0.022744 0.696434
9.97875 -24.0321 0.696974 21.8399 -0.0166675 -0.719301 -0.0276736 0.693948
11.1222 -35.5968 1.22434 21.1021 -0.0149171 -0.735698 -0.0316429 0.676405
11.9539 -44.3745 1.66913 20.1966 -0.00412593 -0.738941 -0.0380772 0.672681
12.8899 -54.4756 2.17381 19.2664 -0.00100005 -0.728332 -0.0452682 0.683727
13.8251 -64.9533 2.68384 18.8312 0.00142608 -0.712931 -0.0405795 0.700057
14.6552 -74.3491 3.07528 18.665 0.00147439 -0.70919 -0.0396992 0.703897
15.3815 -82.6738 3.41888 18.5822 0.00156542 -0.708815 -0.041137 0.704192
16.2117 -92.0311 3.80882 18.4706 -0.00185769 -0.708106 -0.042992 0.704793
16.8347 -98.9997 4.15015 18.3947 0.000907676 -0.70741 -0.0453824 0.705344
17.3538 -104.9 4.43591 18.3483 0.00153087 -0.707537 -0.047176 0.705098
17.8731 -110.848 4.72307 18.274 0.00671184 -0.708353 -0.0463788 0.704301
18.4959 -118.31 5.06595 18.1722 0.00602605 -0.709747 -0.0435681 0.703082
19.0148 -124.603 5.33452 18.0415 0.0106163 -0.709934 -0.0536702 0.70214
19.4299 -129.697 5.55165 17.9169 0.014438 -0.710321 -0.0542465 0.701636
20.1561 -138.595 5.97778 17.7371 0.0129661 -0.709617 -0.0567164 0.702181
20.8826 -147.423 6.39335 17.5763 0.0138505 -0.70804 -0.0569144 0.703739
21.505 -154.894 6.72169 17.4729 0.00909294 -0.708322 -0.053179 0.703825
21.9201 -159.85 6.96216 17.3992 0.00933907 -0.70728 -0.0616733 0.704176
22.3352 -164.728 7.19827 17.35 0.0157596 -0.705819 -0.0580916 0.70583
23.1656 -174.581 7.62421 17.3061 0.0126077 -0.704259 -0.0566801 0.707564
23.8924 -182.461 7.92018 17.3244 0.0126179 -0.702087 -0.0595233 0.709487
24.8266 -191.355 8.26014 17.2834 0.0186623 -0.708176 -0.0583266 0.703375
25.8654 -200.564 8.62543 17.1104 0.0229247 -0.709636 -0.0581925 0.701787
26.6968 -208.194 8.91528 16.9947 0.0203436 -0.706956 -0.0568114 0.704678
27.2165 -213.2 9.15224 16.9598 0.0179405 -0.703087 -0.0618724 0.70818
27.8405 -219.47 9.4306 17.0183 0.0203164 -0.698021 -0.0628985 0.71302
28.4635 -226.005 9.69958 17.1214 0.0214505 -0.697252 -0.0580563 0.714149
29.2934 -235.199 10.0693 17.232 0.0246875 -0.699465 -0.0585197 0.711839
30.0192 -243.581 10.3457 17.255 0.0173457 -0.704964 -0.0544659 0.706936
30.6418 -250.991 10.6259 17.1625 0.0172042 -0.70978 -0.0550248 0.70206
31.3685 -259.812 10.9898 16.9584 0.0185021 -0.711195 -0.0568788 0.700446
31.9914 -267.446 11.294 16.7998 0.0125649 -0.710963 -0.0561236 0.700874
32.5101 -273.747 11.5801 16.6635 0.0144502 -0.710601 -0.0639647 0.700532
33.1327 -281.196 11.9126 16.5014 0.0152094 -0.710119 -0.0572246 0.701587
34.0661 -292.383 12.4361 16.289 0.0179122 -0.708038 -0.0604934 0.70335
34.5849 -298.562 12.7104 16.1799 0.022752 -0.708064 -0.0591381 0.7033
34.9999 -303.521 12.8905 16.0771 0.0267427 -0.707882 -0.0649651 0.702828
35.6224 -310.971 13.1357 15.9632 0.0248745 -0.709626 -0.0623708 0.701371
36.3525 -319.775 13.4311 15.8071 0.0229675 -0.708254 -0.0606837 0.702969
36.9714 -327.33 13.7244 15.7153 0.0260144 -0.704652 -0.067863 0.705821
37.3863 -332.33 13.9491 15.6841 0.0272981 -0.703688 -0.0768363 0.705815
37.9052 -338.585 14.2281 15.6607 0.0338374 -0.704061 -0.0760096 0.705248
38.3204 -343.544 14.4372 15.636 0.0315121 -0.703702 -0.0794162 0.705339
39.0471 -351.851 14.8023 15.6057 0.0302164 -0.703968 -0.0815772 0.704884
39.7735 -359.353 15.0876 15.5303 0.0376856 -0.706573 -0.0733055 0.702824
40.2923 -364.418 15.2838 15.4548 0.0335691 -0.705375 -0.0832071 0.703132
41.1239 -371.433 15.4879 15.5935 0.0422466 -0.679278 -0.0767685 0.728631
42.1663 -377.784 15.4713 17.4536 0.0317018 -0.531048 -0.060546 0.844581
43.1039 -381.769 15.226 21.1095 0.0331904 -0.332682 -0.0459259 0.941335
43.7279 -383.629 14.9544 24.554 0.0418931 -0.209355 -0.0323975 0.976404
44.2475 -384.698 14.6303 27.9797 0.0477928 -0.121354 -0.0366858 0.990779
44.766 -385.442 14.2143 31.9106 0.0508886 -0.0688383 -0.048617 0.995142
45.2845 -385.889 13.7257 36.3253 0.0508897 -0.0326196 -0.0499839 0.996919
45.9067 -386.229 13.0678 42.1421 0.0504022 -0.0175694 -0.047757 0.997432
46.529 -386.499 12.3841 48.2177 0.0473753 -0.0122358 -0.043665 0.997847
47.4631 -386.725 11.3386 57.2716 0.0459385 -0.00196039 -0.0414979 0.99808
48.8125 -386.859 9.97291 69.3946 0.0460567 0.0132799 -0.041593 0.997984
50.1649 -385.634 8.74116 79.3997 0.0492612 0.131654 -0.017815 0.989911
50.8939 -383.694 8.15299 83.5801 0.0526185 0.259529 0.000727454 0.9643
51.6233 -380.72 7.61339 86.6905 0.0564839 0.426956 0.00838113 0.902468
52.3512 -376.894 7.14644 88.6343 0.0492581 0.565186 0.00765624 0.823456
53.6994 -367.803 6.53274 90.0051 0.0435421 0.683948 0.0167232 0.728038
54.6328 -360.367 6.17145 90.1448 0.0429331 0.71105 0.0190238 0.701572
55.8773 -349.624 5.62203 89.7809 0.0539529 0.720243 0.0246547 0.691181
56.6034 -343.35 5.24077 89.6502 0.0553159 0.708016 0.0259071 0.70355
57.2261 -338.05 4.90743 89.7251 0.0543255 0.700018 0.0229721 0.711685
58.4723 -327.615 4.23513 89.892 0.0497423 0.706448 0.0185297 0.705772
59.5101 -318.904 3.69845 89.8692 0.0513588 0.703576 0.019616 0.70849
60.3405 -312.031 3.27426 90.037 0.0455182 0.698775 0.0182252 0.713659
61.171 -305.281 2.86633 90.2193 0.0439593 0.698413 0.0166387 0.714149
61.5864 -301.954 2.65794 90.3246 0.0445107 0.69564 0.0155525 0.716842
62.7294 -292.349 2.02948 90.806 0.0396052 0.692258 0.00614394 0.720536
63.6651 -283.886 1.47042 90.9836 0.0390299 0.709752 0.00541819 0.703348
64.8078 -273.333 0.814795 90.752 0.038927 0.718016 0.00916577 0.694877
65.431 -267.941 0.491236 90.538 0.0415686 0.724474 0.0104684 0.687968
66.1577 -261.782 0.110923 90.3057 0.0439764 0.715588 0.0130253 0.697015
66.8843 -255.603 -0.25433 90.3936 0.0409329 0.696358 0.0111357 0.71644
67.8188 -247.578 -0.758198 90.962 0.032656 0.682787 0.00275924 0.729882
68.9622 -237.635 -1.39681 91.4664 0.0278992 0.706497 -0.00619726 0.707139
69.7936 -230.61 -1.86688 91.1597 0.0340049 0.73243 0.00265409 0.679987
70.7279 -223.471 -2.31757 90.547 0.0420224 0.734253 0.0144741 0.677419
71.9729 -216.756 -2.7197 90.0803 0.0503764 0.718423 0.0224095 0.693418
73.1132 -212.366 -3.08267 90.9993 0.0416038 0.577553 0.0042654 0.815281
73.7357 -210.443 -3.27782 92.2132 0.0394592 0.465493 -0.0066239 0.884147
74.1506 -209.233 -3.40445 93.3769 0.0448858 0.378508 -0.00842276 0.92447
74.6695 -207.912 -3.54655 95.457 0.0413889 0.259753 -0.018747 0.964605
75.8131 -206.247 -4.0881 101.95 0.0334894 0.0575506 -0.0167029 0.997641
76.7506 -206.231 -4.56678 109.392 0.021539 -0.0105093 -0.0214396 0.999483
78.0006 -206.284 -5.30628 121.02 0.0208327 0.0131208 -0.0186987 0.999522
78.936 -206.071 -5.8866 129.511 0.0247396 0.0149512 -0.0230389 0.999317
80.0785 -206.042 -6.58728 139.301 0.0239406 -0.00206165 -0.0182727 0.999544
81.2199 -206.585 -7.06787 146.393 0.0231294 -0.0608452 -0.0237213 0.997597
82.7754 -209.929 -7.252 153.107 0.00781938 -0.345105 -0.0520581 0.937087
83.605 -213.721 -7.07019 155.611 0.00863251 -0.529433 -0.0505914 0.846798
84.3326 -218.336 -6.82219 156.706 0.00379554 -0.651428 -0.0564347 0.756599
85.4797 -226.97 -6.21197 157.197 -0.00314339 -0.686193 -0.0588467 0.725029
87.04 -241.299 -5.15513 157.934 -0.0164236 -0.693042 -0.049012 0.719042
87.871 -249.832 -4.47655 157.942 -0.0128163 -0.714297 -0.0485063 0.698043
88.9099 -260.467 -3.67936 157.26 -0.00900249 -0.730024 -0.0554202 0.681112
89.6378 -267.056 -3.18185 156.731 -0.00541651 -0.728566 -0.0639263 0.681964
90.0538 -270.457 -2.91195 156.52 -0.00118407 -0.723331 -0.0625469 0.687661
91.1981 -279.648 -2.25708 156.204 -0.00106259 -0.708862 -0.0665665 0.702198
91.9258 -285.496 -1.80958 156.168 -0.000378792 -0.704335 -0.0661346 0.70678
92.8614 -293.13 -1.21837 156.05 0.00188051 -0.710253 -0.0667873 0.700769
93.7972 -301.051 -0.586515 155.856 0.00399241 -0.71146 -0.0686469 0.699354
94.6289 -308.547 0.000410452 155.687 0.00759319 -0.711473 -0.0677089 0.699403
95.9798 -321.098 0.884659 155.405 0.00733046 -0.707028 -0.066114 0.70405
97.3311 -332.967 1.72837 155.312 0.00612911 -0.704647 -0.0713139 0.705939
98.2667 -340.64 2.27561 155.262 0.00309836 -0.706531 -0.0717212 0.704032
99.0984 -347.412 2.79395 155.111 0.00525753 -0.713871 -0.0712246 0.696626
99.8262 -353.55 3.25752 154.908 0.00520482 -0.715559 -0.072694 0.69474
101.385 -366.779 4.29501 154.434 0.00886623 -0.710451 -0.0754955 0.69963
102.425 -374.518 4.80961 154.559 0.0121179 -0.68164 -0.0734052 0.727895
103.571 -380.607 5.04551 155.914 0.0125282 -0.581119 -0.0595737 0.811538
104.612 -384.497 5.00029 158.607 0.0292442 -0.399647 -0.0513343 0.914763
105.549 -387.151 4.71943 162.875 0.042376 -0.20228 -0.0454783 0.977353
106.484 -388.416 4.1202 169.275 0.0445386 -0.0436858 -0.0402767 0.997239
107.313 -388.62 3.38171 176.217 0.0499248 -0.00469282 -0.0330175 0.998196
108.039 -388.701 2.59667 182.934 0.0490847 -0.00358733 -0.0291224 0.998364
108.662 -388.81 1.92761 188.889 0.0501936 -0.00350338 -0.0283621 0.998331
109.389 -388.899 1.13451 195.664 0.045934 -0.00232352 -0.0275649 0.998561
110.427 -389.015 0.0976622 204.499 0.0494581 0.00373365 -0.0330408 0.998223
111.26 -388.698 -0.586168 210.256 0.0417642 0.0705305 -0.0314109 0.99614
111.99 -387.182 -1.17945 214.585 0.0539249 0.231084 -0.0218215 0.971193
112.511 -385.229 -1.64313 217.186 0.0612582 0.352678 -0.0170765 0.933581
112.927 -383.134 -2.01974 218.931 0.0630656 0.449354 -0.0108083 0.89106
113.655 -378.694 -2.66916 220.942 0.0627214 0.57887 -0.00403855 0.812994
114.484 -372.342 -3.36144 222.14 0.0677776 0.655129 0.00571206 0.752449
115.729 -361.11 -4.49206 223.073 0.064075 0.683165 0.0104772 0.727372
117.286 -345.946 -5.93053 223.568 0.0590356 0.706024 0.0024596 0.705719
118.325 -335.803 -6.8702 223.363 0.0500485 0.724741 0.00109231 0.6872
119.467 -324.555 -7.80201 222.559 0.0664741 0.724415 0.0109307 0.686065
120.193 -317.539 -8.44442 222.364 0.066517 0.708252 0.0125731 0.702707
120.816 -311.471 -9.03967 222.481 0.0645106 0.694523 0.00989665 0.716504
121.44 -305.34 -9.64554 222.741 0.0579357 0.690209 0.00798472 0.721242
122.375 -296.147 -10.4907 223.196 0.0513641 0.692608 0.0018625 0.719481
122.895 -291.168 -10.9451 223.384 0.0522148 0.693931 0.000846166 0.718146
123.83 -282.523 -11.8057 223.666 0.0513981 0.699831 -0.00381143 0.712446
124.661 -275.367 -12.5183 223.742 0.0513338 0.707138 -0.00375238 0.705199
125.701 -267.316 -13.3243 223.731 0.0486794 0.708365 0.000695133 0.704165
126.532 -261.598 -13.8471 223.731 0.0486931 0.706425 0.000714301 0.706111
127.78 -254.194 -14.528 223.785 0.0476133 0.70423 -0.000483114 0.708373
129.133 -247.091 -15.1791 223.843 0.0484972 0.703434 -0.000744595 0.709103
130.277 -241.323 -15.709 223.945 0.0538466 0.699314 -0.00856616 0.712732
131.525 -235.33 -16.3473 224.09 0.0514548 0.701427 -0.0134031 0.710756
133.606 -224.698 -17.3729 224.113 0.0483827 0.715749 0.00108841 0.696679
135.272 -217.712 -18.013 222.905 0.0599812 0.801851 0.0110786 0.594402
136.418 -214.654 -18.2385 221.225 0.0636726 0.886881 0.0117396 0.457439
137.147 -213.072 -18.3117 219.338 0.0640389 0.947762 0.0176789 0.311984
137.876 -211.988 -18.2634 216.559 0.0480722 0.987251 0.0289135 0.14896
139.225 -211.603 -17.8323 208.602 0.0494851 0.998023 0.0342275 -0.0181397
140.262 -211.789 -17.2995 200.239 0.0464558 0.998203 0.0364919 -0.0100021
140.886 -211.808 -16.9868 194.613 0.0526473 0.997886 0.0380552 -0.00162124
141.301 -211.78 -16.7571 190.876 0.0521375 0.997685 0.0435643 -0.0029436
141.925 -211.761 -16.3972 185.306 0.0477528 0.998189 0.0363354 -0.00431554
142.757 -211.66 -15.9892 177.935 0.0433648 0.9983 0.0386854 0.00446471
143.693 -211.387 -15.6036 170.408 0.041437 0.998252 0.0379779 0.0182838
144.837 -210.963 -15.2377 163.502 0.0288002 0.998716 0.0387569 0.0153167
146.5 -210.571 -14.9001 156.093 0.0296738 0.998484 0.0333186 0.0322441
147.748 -209.904 -14.5068 149.525 0.0251522 0.998098 0.0347153 0.0442964
149.101 -209.578 -13.9393 139.906 0.018716 0.998933 0.0353836 -0.0230396
150.659 -210.472 -13.0283 125.664 0.0296276 0.998312 0.03978 -0.0302285
151.386 -210.733 -12.6244 118.609 0.0394549 0.99848 0.0366942 -0.0115724
151.905 -210.677 -12.3779 113.677 0.0332571 0.998659 0.039662 0.0013931
153.049 -210.461 -11.9179 104.449 0.0328778 0.998734 0.0374021 0.00710833
154.4 -210.325 -11.5343 97.2492 0.0215972 0.999197 0.0337019 0.00155182
155.44 -210.231 -11.3147 93.1032 0.0279889 0.998923 0.0343854 0.0136878
156.271 -209.963 -11.1335 89.6039 0.0249915 0.998583 0.0290555 0.0369346
157.103 -209.493 -10.9483 85.4103 0.0219335 0.998214 0.0241141 0.0500616
158.352 -208.9 -10.5309 77.3401 0.00659459 0.999671 0.0247239 0.00146861
159.391 -209.688 -10.1676 69.4722 0.0174012 0.997215 0.0246995 -0.0681836
160.221 -210.365 -9.8484 62.5892 0.0239999 0.998633 0.02386 -0.039827
160.948 -210.597 -9.56525 56.1303 0.020804 0.999248 0.0284506 -0.0161834
161.675 -210.69 -9.30398 49.6719 0.0216819 0.999282 0.0286364 -0.0120314
162.403 -210.813 -9.0388 43.3177 0.0200773 0.998976 0.0372547 -0.0159815
163.234 -211.03 -8.75001 36.5614 0.0274156 0.999039 0.0295898 -0.0171151
164.482 -211.082 -8.49373 29.0848 0.0256323 0.999176 0.0314785 -0.000246389
165.729 -210.694 -8.3693 24.6306 0.0205237 0.997811 0.0215491 0.0590496
166.664 -209.951 -8.31449 22.1415 0.0136408 0.985878 0.027877 0.164566
167.598 -208.521 -8.25604 20.0211 0.0151915 0.95063 0.0202322 0.309292
168.428 -206.141 -8.21761 18.1203 0.0189529 0.887845 0.0186256 0.459374
169.051 -203.359 -8.1961 16.767 0.0210431 0.838856 0.0214491 0.543523
169.468 -201.07 -8.18338 15.8856 0.0289161 0.817824 0.0275738 0.574079
169.883 -198.571 -8.19004 15.1815 0.0311599 0.786133 0.038242 0.616086
170.507 -194.972 -8.21182 14.7367 0.0315934 0.735992 0.0322904 0.675481
171.445 -189.724 -8.33198 14.6831 0.0268978 0.70466 0.0249904 0.708594
172.381 -183.779 -8.45761 14.8813 0.0260743 0.693161 0.0219209 0.719977
173.525 -175.037 -8.68897 15.4019 0.0250417 0.687384 0.0137919 0.725732
174.461 -166.554 -8.94618 16.1123 0.0209888 0.676363 0.00775022 0.736228
175.501 -156.133 -9.27396 16.8817 0.00970252 0.69841 0.00359377 0.715623
176.022 -150.803 -9.39911 16.8101 0.0129882 0.720479 0.00561561 0.693332
176.749 -143.091 -9.60234 16.3985 0.0188163 0.724136 0.0130738 0.689277
177.579 -134.014 -9.80154 16.0888 0.0192757 0.71639 0.018965 0.697176
177.994 -129.29 -9.89141 15.9686 0.0180138 0.715996 0.0140032 0.697732
178.513 -123.187 -10.0164 15.856 0.0160715 0.715902 0.0128221 0.697898
178.928 -118.225 -10.1295 15.7601 0.018972 0.715304 0.0148736 0.698397
179.447 -111.883 -10.2727 15.6662 0.0205721 0.71485 0.0117397 0.698876
179.863 -106.813 -10.4211 15.6033 0.0166195 0.714091 0.0133904 0.699727
180.278 -101.712 -10.5422 15.5514 0.0153362 0.712517 0.0103311 0.701411
180.797 -95.4567 -10.7096 15.5249 0.0149421 0.71004 0.0180279 0.703772
181.419 -87.8952 -10.8346 15.5376 0.0141125 0.707177 0.0182893 0.70666
182.042 -80.3547 -10.9846 15.6228 0.0120535 0.706707 0.0169493 0.7072
182.768 -71.758 -11.1378 15.6798 0.0132176 0.706244 0.0137525 0.707712
183.599 -62.0599 -11.3513 15.7802 0.0157895 0.704254 0.0150032 0.709614
184.325 -53.7845 -11.5625 15.9325 0.0139967 0.703238 0.0136167 0.710686
185.26 -43.663 -11.8101 16.1655 0.01246 0.702206 0.0134583 0.711738
186.194 -35.0022 -12.0143 16.3539 0.0147329 0.702044 0.00994772 0.711912
187.233 -26.8362 -12.1712 16.3479 0.0140761 0.714205 0.0218971 0.699453
188.896 -18.3395 -12.3375 16.1304 0.0182522 0.711123 0.0151504 0.702667
190.349 -14.3626 -12.4596 17.0846 0.006204 0.557624 0.00276441 0.830066
190.971 -12.7096 -12.4987 18.2654 0.00625927 0.439124 3.99286e-05 0.898405
191.386 -11.6145 -12.4846 19.5268 0.00449352 0.347354 -0.00606833 0.937704
191.906 -10.358 -12.5289 21.6698 0.00810413 0.251584 -0.00906688 0.967759
192.635 -8.79692 -12.6187 25.9305 0.00613443 0.133533 0.00524371 0.991011
193.884 -7.86232 -12.7144 36.4467 0.00262237 -0.0022163 0.0055869 0.999978
194.926 -8.24944 -12.8311 47.1085 -0.00340325 -0.0142282 0.0048329 0.999881
195.862 -8.54752 -12.9818 56.6409 -0.004667 -0.0108904 0.00715083 0.999904
196.797 -8.76708 -13.1099 65.8232 -0.00602152 -0.00628674 0.0062172 0.999943
197.94 -9.02721 -13.1771 75.2219 -0.00652219 -0.00275441 0.00758653 0.999946
198.982 -8.4909 -13.2578 81.0048 -0.00620021 0.111175 0.00125376 0.993781
199.712 -7.25306 -13.3109 83.4067 -0.00348524 0.265423 0.00552629 0.96411
200.337 -6.02853 -13.3424 84.6241 0.00579424 0.382042 0.0124749 0.924043
202.104 -3.27503 -13.4114 85.8424 0.00064531 0.586723 0.00688674 0.809758
204.076 0.376518 -13.4414 86.1527 0.00577954 0.689803 0.00695325 0.723941
205.841 5.95774 -13.4962 86.4042 -0.00174146 0.698265 0.00887863 0.715782
206.985 10.3801 -13.5385 86.2954 0.00143083 0.725684 0.00503685 0.688008
207.919 14.866 -13.574 86.2364 0.00486491 0.694404 0.0118422 0.719472
209.063 21.7807 -13.6313 86.7342 -0.00774927 0.697447 8.29588e-05 0.716595
210.206 29.7451 -13.7136 86.7488 -0.0107739 0.712406 -0.00371303 0.701675
211.661 39.6961 -13.8311 86.7776 -0.0156489 0.707544 -0.0153671 0.706329
212.492 45.2612 -13.9569 86.8848 -0.0126782 0.704554 -0.018263 0.709302
213.74 53.391 -14.1568 86.9403 -0.0123634 0.705947 -0.0150086 0.707997
214.363 57.47 -14.2504 86.9581 -0.00939544 0.707677 -0.0127538 0.706358
214.883 60.8632 -14.3242 86.9771 -0.00780138 0.7074 -0.015331 0.706604
215.507 64.933 -14.4296 87.0203 -0.0140539 0.707405 -0.0152809 0.706503
216.442 71.0299 -14.5575 87.0526 -0.0143279 0.709717 -0.0192344 0.704079
217.066 75.1001 -14.653 87.0274 -0.00921525 0.710532 -0.0157267 0.703429
217.898 80.5324 -14.8079 87.0294 -0.0131551 0.709578 -0.0163869 0.704313
218.521 84.6036 -14.8997 87.0453 -0.0110334 0.708849 -0.016627 0.705078
219.145 88.6568 -15.0182 87.0595 -0.00987601 0.708893 -0.02013 0.70496
219.664 91.9475 -15.1372 87.0712 -0.0147843 0.709388 -0.0189903 0.704407
220.392 96.3419 -15.2605 87.0734 -0.0158333 0.711021 -0.0197709 0.702715
221.12 99.94 -15.3406 87.0016 -0.00876625 0.711655 -0.0129853 0.702355
223.095 105.15 -15.4634 87.058 -0.00770905 0.682542 -0.00904905 0.730749
223.924 106.311 -15.4255 87.6065 -0.0248278 0.572203 -0.018546 0.819527
224.443 106.98 -15.3765 88.2071 -0.033146 0.47425 -0.0252313 0.879404
225.066 107.737 -15.3115 89.2522 -0.0346359 0.343303 -0.0306486 0.938085
226.002 108.716 -15.1815 91.5747 -0.0326064 0.178816 -0.0298795 0.982888
226.833 109.025 -15.0384 94.5262 -0.0211846 0.0411315 -0.0381736 0.998199
227.667 109.106 -14.9041 98.7684 -0.0189233 0.00944798 -0.0401553 0.99897
229.124 109.052 -14.5675 109.465 -0.0225991 -0.00116534 -0.0413935 0.998887
230.268 108.706 -14.2378 119.512 -0.0302023 -0.0190016 -0.0416559 0.998495
231.204 108.388 -13.9586 127.698 -0.0291644 -0.00846355 -0.0364502 0.998874
231.828 108.323 -13.7451 132.985 -0.0357003 -0.00270003 -0.0337429 0.998789
232.348 108.264 -13.5551 137.011 -0.0342267 -0.00219304 -0.0369654 0.998728
233.076 108.183 -13.3789 141.703 -0.0302 -0.00498308 -0.0384548 0.998791
234.74 108.149 -13.1608 148.24 -0.0276913 0.0131574 -0.0378274 0.998814
236.923 108.405 -12.9855 154.253 -0.0239948 0.0191356 -0.0352011 0.998909
238.897 108.469 -12.5687 165.169 -0.0278653 0.00342914 -0.0342777 0.999018
240.249 108.432 -12.0855 176.004 -0.0285581 0.00264863 -0.0337373 0.999019
240.977 108.481 -11.8394 182.353 -0.0281799 0.00607514 -0.0313844 0.999092
241.496 108.504 -11.6669 186.89 -0.028445 0.00540737 -0.0299588 0.999132
242.536 108.317 -11.3378 195.325 -0.0349046 -0.0117917 -0.0315541 0.998823
243.576 108.179 -11.0189 201.973 -0.033272 -0.00351732 -0.0350497 0.998825
244.513 108.248 -10.8033 207.279 -0.0306771 0.0153993 -0.0312123 0.998923
245.761 108.311 -10.5817 213.233 -0.0290641 -0.00131192 -0.0263319 0.99923
247.737 108.132 -10.2364 221.855 -0.0288648 -0.00152153 -0.0234055 0.999308
248.984 107.835 -9.91589 228.629 -0.0264742 -0.0408971 -0.0287868 0.998398
250.024 106.817 -9.56566 235.338 -0.0298328 -0.0634979 -0.0469373 0.996431
250.545 106.466 -9.41006 239.053 -0.0270675 -0.0347892 -0.049179 0.997817
250.961 106.332 -9.28442 242.21 -0.0264036 -0.0129973 -0.0508919 0.99827
251.481 106.276 -9.13001 246.39 -0.0246779 -0.00181427 -0.0519056 0.998345
252.415 106.169 -8.76298 254.306 -0.0338058 -0.00464983 -0.052243 0.998051
253.454 105.963 -8.34799 262.798 -0.0349193 -0.00624997 -0.0585676 0.997653
255.014 105.833 -7.84876 273.376 -0.0285112 -0.001098 -0.0610032 0.99773
256.054 105.862 -7.65485 278.678 -0.0248422 0.0162639 -0.059751 0.997772
257.304 106.599 -7.6258 282.92 -0.0136651 0.12895 -0.0514335 0.990222
258.241 107.694 -7.66404 285.114 -0.0146978 0.251542 -0.041107 0.966861
259.279 109.527 -7.69805 287.375 -0.0155892 0.321661 -0.0310187 0.946218
260.005 110.244 -7.69914 288.766 -0.0152206 0.23209 -0.0275977 0.972184
260.731 110.345 -7.663 290.128 -0.0237448 0.0652949 -0.0337454 0.997013
262.394 108.954 -7.46515 293.113 -0.0502208 -0.227931 -0.0485869 0.971167
264.167 106.943 -7.09052 299.287 -0.0254978 -0.0946392 -0.0648349 0.993071
265.519 106.076 -6.66482 307.634 -0.0267627 -0.0344731 -0.0639882 0.996996
266.247 105.867 -6.42323 313.445 -0.02829 -0.00332269 -0.0703547 0.997115
266.87 105.866 -6.22114 318.893 -0.022662 0.00435416 -0.0656209 0.997578
267.389 105.882 -6.03729 323.653 -0.0252686 0.00424914 -0.0675856 0.997384
268.013 105.867 -5.83623 329.522 -0.0275233 0.000987744 -0.0672782 0.997354
268.636 105.828 -5.66935 335.33 -0.026615 -0.00359174 -0.0672882 0.997372
269.467 105.681 -5.46161 342.977 -0.0274208 -0.0120831 -0.0568535 0.997933
270.298 105.422 -5.19099 349.952 -0.0304027 -0.0130196 -0.0589379 0.997714
271.026 105.276 -5.06614 354.747 -0.0224501 -0.00171443 -0.0605427 0.997912
271.442 105.289 -5.04666 356.922 -0.020064 0.0148541 -0.0654246 0.997545
271.755 105.372 -5.05932 358.271 -0.0179379 0.0394638 -0.0655764 0.996905
272.171 105.63 -5.06719 359.821 -0.0150697 0.0878098 -0.0646525 0.993923
273.214 107.054 -5.16531 362.921 -0.0289368 0.266677 -0.0694422 0.960845
274.358 110.137 -5.41359 365.525 -0.00109427 0.464456 -0.0636149 0.883308
275.292 114.556 -5.82469 367.569 -0.00335822 0.584696 -0.0811745 0.807174
276.02 119.286 -6.37791 368.484 0.00388467 0.665186 -0.0809265 0.742269
276.746 124.998 -7.12302 368.66 0.0182999 0.70569 -0.0688665 0.704928
277.887 135.511 -8.53347 368.653 0.0236736 0.708973 -0.055837 0.702623
278.406 140.745 -9.19866 368.668 0.0301124 0.704584 -0.0538716 0.706932
278.822 145.074 -9.77158 368.743 0.0278287 0.70179 -0.0521675 0.709926
279.341 150.596 -10.5043 368.862 0.0273803 0.701668 -0.0571391 0.709681
280.069 158.5 -11.552 369.036 0.0186776 0.704431 -0.0587876 0.707087
280.796 166.613 -12.6254 369.148 0.0223698 0.705244 -0.0537685 0.706569
281.419 173.624 -13.523 369.237 0.0252509 0.704021 -0.0573283 0.707411
282.145 181.991 -14.6386 369.381 0.0208783 0.702811 -0.0593527 0.708589
282.872 190.406 -15.7377 369.545 0.0230123 0.702744 -0.0555553 0.708897
283.702 199.817 -16.9527 369.733 0.0215713 0.703762 -0.0582826 0.707712
284.325 206.69 -17.8795 369.829 0.0187946 0.705404 -0.0609124 0.705933
285.156 215.87 -19.0787 369.982 0.0209339 0.703316 -0.0583492 0.708169
285.883 223.716 -20.0825 370.168 0.021525 0.70246 -0.0559093 0.709197
286.713 232.692 -21.2494 370.345 0.0195289 0.703919 -0.0597 0.707498
287.44 240.623 -22.2885 370.432 0.0167859 0.707741 -0.0637731 0.703387
287.959 246.372 -23.0497 370.438 0.0183052 0.707396 -0.0601125 0.704019
288.374 250.926 -23.6417 370.47 0.0188076 0.707392 -0.0620503 0.703841
288.894 256.635 -24.3982 370.527 0.0160519 0.7071 -0.0638222 0.704044
289.309 261.137 -24.992 370.578 0.0141392 0.705569 -0.0662159 0.705399
290.347 272.327 -26.4405 370.734 0.0206788 0.701266 -0.0600979 0.710061
290.97 278.985 -27.3185 370.911 0.0187566 0.701462 -0.062453 0.709717
291.593 285.541 -28.2019 371.042 0.017341 0.703614 -0.0642017 0.707463
292.009 289.937 -28.7644 371.113 0.0176712 0.705593 -0.0620635 0.705673
292.736 297.634 -29.7858 371.187 0.0212857 0.707787 -0.0609443 0.70347
293.358 304.081 -30.6702 371.218 0.0179321 0.708682 -0.0646307 0.702332
294.085 311.589 -31.6543 371.24 0.0153635 0.709257 -0.0658529 0.701699
294.708 317.868 -32.4826 371.22 0.0166635 0.709221 -0.0639893 0.701879
295.434 325.032 -33.4502 371.245 0.0188379 0.707072 -0.0649449 0.703901
295.953 330.002 -34.1142 371.389 0.0179478 0.689151 -0.0641828 0.721547
296.471 334.669 -34.7274 371.938 0.0122765 0.651555 -0.0624524 0.755927
297.197 340.97 -35.432 373.653 0.00247025 0.583214 -0.0651662 0.809696
298.028 347.692 -36.0829 376.786 -0.0100868 0.519014 -0.0689151 0.851923
298.756 353.56 -36.5413 380.143 -0.0145181 0.505899 -0.075011 0.859202
299.484 359.461 -37.0466 383.235 -0.0156094 0.541748 -0.0814544 0.836439
300.317 366.52 -37.8371 385.642 -0.00385324 0.61752 -0.0773796 0.78273
301.046 372.938 -38.6795 386.549 0.0124038 0.68147 -0.0778727 0.727585
301.669 378.703 -39.5368 386.564 0.0208316 0.718838 -0.0749941 0.690807
302.188 383.617 -40.2853 386.231 0.0246647 0.735977 -0.069516 0.672977
302.603 387.625 -40.8761 385.843 0.0238953 0.743156 -0.0637892 0.665642
303.433 395.871 -42.1334 384.957 0.0174475 0.750386 -0.0743831 0.656569
304.16 402.882 -43.2538 383.982 0.0100487 0.763301 -0.0793134 0.641077
304.68 407.214 -43.9914 383.046 0.0111939 0.793742 -0.0800159 0.602865
305.201 410.597 -44.626 381.608 0.0225839 0.849779 -0.0679625 0.522251
305.931 414.002 -45.4234 378.797 0.0391015 0.927356 -0.0727912 0.364943
306.556 415.851 -46.0537 375.583 0.0535311 0.972289 -0.0571484 0.220277
307.18 416.797 -46.5984 371.867 0.0578613 0.993441 -0.0537151 0.0827206
307.803 416.949 -47.0799 367.841 0.0695579 0.996609 -0.0435585 0.0059474
308.633 416.817 -47.648 362.503 0.0710379 0.996319 -0.0453757 -0.015596
309.776 416.547 -48.3925 355.383 0.0726035 0.996382 -0.0419281 -0.0139043
311.128 416.354 -49.2423 347.36 0.0786042 0.995897 -0.0444059 -0.00616339
312.167 416.402 -49.949 341.044 0.0763099 0.995784 -0.0486077 0.0151166
313 416.486 -50.5866 335.538 0.0710484 0.996298 -0.048387 -0.00045883
314.247 415.94 -51.6036 326 0.0733175 0.995351 -0.0450937 -0.0432057
315.288 414.64 -52.386 317.372 0.0689494 0.99002 -0.04827 -0.11303
316.12 412.258 -52.9399 310.851 0.0744737 0.973403 -0.0387719 -0.213158
316.847 409.237 -53.1465 305.572 0.083768 0.958516 -0.0265971 -0.271152
317.573 405.996 -53.2654 300.716 0.074796 0.949421 -0.0295814 -0.303529
318.403 401.98 -53.4045 295.413 0.0733498 0.941629 -0.0246136 -0.32764
319.026 398.88 -53.4938 291.353 0.0800208 0.94587 -0.0204852 -0.31386
319.545 396.441 -53.5534 287.912 0.0834421 0.951308 -0.0285334 -0.295357
320.064 394.156 -53.6537 284.397 0.0816194 0.955579 -0.0257926 -0.282032
320.688 391.52 -53.7797 280.251 0.0750603 0.956361 -0.0321337 -0.280549
321.312 388.879 -53.9632 276.069 0.071158 0.957625 -0.031822 -0.27727
321.832 386.759 -54.1478 272.525 0.0678774 0.961564 -0.0312359 -0.26422
322.767 382.936 -54.4785 265.961 0.0688645 0.96279 -0.023939 -0.260231
323.703 379.066 -54.7537 259.382 0.0647707 0.961039 -0.0282049 -0.267233
324.742 374.613 -55.0278 252.444 0.0656213 0.954837 -0.0223336 -0.288932
325.781 370.206 -55.274 245.793 0.065228 0.95348 -0.0261059 -0.293153
326.717 365.976 -55.5057 239.646 0.0635664 0.951926 -0.027976 -0.29835
327.237 363.445 -55.6372 235.995 0.0616154 0.951283 -0.0263081 -0.300953
327.964 359.785 -55.8172 230.644 0.0623384 0.953964 -0.0242591 -0.292365
328.587 356.675 -55.9601 225.916 0.0621624 0.95648 -0.0237529 -0.284109
329.731 350.749 -56.3118 216.86 0.0552057 0.952021 -0.022281 -0.300185
330.873 343.997 -56.5491 207.424 0.0567876 0.949864 -0.0241656 -0.306513
331.392 340.851 -56.7093 202.952 0.053542 0.951061 -0.0232753 -0.303436
331.808 338.34 -56.8312 199.322 0.0497934 0.952442 -0.0202549 -0.299939
332.327 335.228 -56.9731 194.784 0.0524721 0.953355 -0.0215732 -0.296472
332.742 332.774 -57.1063 191.153 0.0503791 0.95427 -0.0228526 -0.293783
333.158 330.331 -57.2518 187.486 0.0483083 0.955137 -0.0222892 -0.291347
333.884 326.083 -57.5025 181.026 0.0521724 0.956742 -0.0204619 -0.285488
334.715 321.342 -57.7829 173.693 0.0512569 0.957264 -0.0215798 -0.283818
335.857 315.796 -58.139 165.075 0.0476561 0.956308 -0.0165213 -0.287976
336.792 311.411 -58.3544 158.575 0.048307 0.955496 -0.0236427 -0.290061
337.831 306.603 -58.6481 151.266 0.0444817 0.955501 -0.022969 -0.29071
338.454 303.521 -58.8354 146.665 0.0439679 0.955034 -0.0217963 -0.292407
339.285 299.164 -59.0372 140.133 0.0408427 0.954308 -0.0182288 -0.295458
340.013 295.062 -59.2062 134.241 0.0433152 0.951807 -0.0174957 -0.30312
340.428 292.62 -59.325 130.783 0.0462677 0.952006 -0.0174764 -0.302058
340.74 290.793 -59.395 128.176 0.0454217 0.952297 -0.019167 -0.301163
341.26 287.705 -59.5372 123.666 0.0446981 0.953005 -0.0226313 -0.298783
341.884 283.938 -59.7785 118.107 0.0428013 0.95427 -0.0218184 -0.295062
342.3 281.357 -59.9051 114.286 0.0427747 0.95474 -0.0182609 -0.293782
343.234 275.575 -60.1956 105.739 0.0397296 0.954485 -0.0181761 -0.295043
344.064 270.476 -60.4931 98.1842 0.0377299 0.954274 -0.0185737 -0.295959
344.583 267.38 -60.6949 93.5988 0.0371283 0.954349 -0.0193667 -0.295744
345.101 264.328 -60.8899 89.0985 0.0348838 0.95375 -0.0183117 -0.298009
345.62 261.298 -61.0561 84.7169 0.0350062 0.952595 -0.0149954 -0.301847
346.347 257.133 -61.2396 78.7543 0.03559 0.952704 -0.0149065 -0.30144
346.762 254.847 -61.354 75.4351 0.0354014 0.953397 -0.0156815 -0.299224
347.177 252.6 -61.4643 72.1485 0.0359212 0.95392 -0.0143437 -0.297559
347.489 250.957 -61.5331 69.7145 0.0333214 0.954068 -0.0151422 -0.297346
347.801 249.325 -61.6148 67.3092 0.0334097 0.954193 -0.0144259 -0.29697
348.528 245.644 -61.8192 61.8686 0.0360506 0.955941 -0.0175554 -0.290808
349.358 242.004 -62.1475 55.6314 0.039854 0.973986 -0.0242712 -0.221753
350.188 239.902 -62.593 49.0165 0.033531 0.993663 -0.0253756 -0.104234
350.916 239.359 -62.9966 43.2585 0.0255968 0.998791 -0.0233992 -0.0348418
351.854 238.88 -63.4639 36.5307 0.0151771 0.997315 -0.0221134 -0.0681494
352.48 237.8 -63.7401 32.5831 0.0139676 0.984363 -0.0168617 -0.174785
353.106 235.801 -63.9048 29.1841 0.0187855 0.950475 -0.0165296 -0.309793
353.626 233.495 -63.9892 26.9991 0.0209122 0.906516 -0.0145065 -0.421404
354.562 228.659 -64.0455 24.8733 -0.0343338 -0.792731 0.0126727 0.608473
355.6 224.602 -63.9818 25.0308 -0.0370509 -0.639712 0.00118505 0.767721
356.537 222.101 -63.8256 26.6376 -0.0363386 -0.415461 -0.0152989 0.908756
357.576 220.461 -63.6084 30.1256 -0.0432694 -0.15377 -0.0322782 0.986631
358.302 219.988 -63.3128 33.5817 -0.0413665 -0.03993 -0.0451639 0.997324
359.027 219.879 -63.018 37.8047 -0.0367825 -0.00188565 -0.0530478 0.997913
359.754 219.848 -62.7387 42.77 -0.0309654 0.00536395 -0.0653936 0.997365
360.793 219.921 -62.2878 50.8816 -0.0394379 0.0150825 -0.0744207 0.996333
361.624 220.064 -61.8386 58.1601 -0.0353418 0.0130544 -0.073307 0.996598
362.454 220.153 -61.2506 65.7093 -0.0406671 0.00167725 -0.0536936 0.997728
363.182 220.173 -60.7794 72.6106 -0.0443605 0.00582779 -0.0514966 0.99767
363.701 220.206 -60.4146 77.6431 -0.0461511 0.00252105 -0.0429314 0.998008
364.429 220.239 -59.9108 84.6617 -0.0428387 0.00809255 -0.0480008 0.997895
364.949 220.306 -59.5548 89.7704 -0.0435976 0.00950568 -0.0429551 0.99808
365.676 220.276 -59.163 96.6529 -0.0319437 0.00679504 -0.0654919 0.997319
366.195 220.325 -58.8953 101.653 -0.0324078 0.00428608 -0.05748 0.997811
367.027 220.36 -58.4739 110.015 -0.0313827 0.00602576 -0.0545239 0.998001
367.858 220.417 -58.0919 118.517 -0.0261726 0.00609873 -0.0410606 0.998795
368.482 220.412 -57.8127 124.849 -0.0369052 0.00782429 -0.0540323 0.997826
369.209 220.421 -57.4649 132.029 -0.0351675 0.00669127 -0.0617943 0.997447
370.041 220.475 -57.0611 140.149 -0.0460797 0.00609621 -0.0594659 0.997148
370.56 220.469 -56.8135 145.052 -0.0266152 0.00440504 -0.06334 0.997627
371.599 220.533 -56.3769 154.619 -0.0352372 0.00809964 -0.0557608 0.997789
372.119 220.594 -56.1762 159.248 -0.0271861 0.0104649 -0.0548556 0.998069
372.95 220.628 -55.8023 166.534 -0.0371035 0.00469991 -0.0533028 0.997878
374.094 220.56 -55.2419 176.473 -0.0308578 0.00436095 -0.0613507 0.99763
375.237 220.583 -54.7463 186.631 -0.0325674 0.00492592 -0.0578141 0.997784
375.861 220.604 -54.5167 192.017 -0.027894 0.00663662 -0.0609032 0.997732
376.485 220.617 -54.2645 197.316 -0.0341071 0.00819718 -0.0681874 0.997056
377.108 220.697 -54.0272 202.694 -0.0373763 0.00986957 -0.060103 0.997443
378.356 220.857 -53.5386 213.013 -0.0332733 0.012754 -0.0655909 0.99721
379.603 221.046 -53.0802 223.046 -0.0290982 0.0175394 -0.0722864 0.996805
380.643 221.263 -52.6684 231.913 -0.0255936 0.00802454 -0.0577374 0.997971
381.682 221.268 -52.2521 241.215 -0.0354243 0.00450669 -0.0614037 0.997474
382.513 221.282 -51.854 248.591 -0.0373794 0.00669079 -0.066539 0.997061
383.136 221.329 -51.6186 253.987 -0.0339032 0.0077066 -0.0585874 0.997677
383.864 221.386 -51.3208 260.241 -0.0351938 0.00911652 -0.0568346 0.997721
384.384 221.412 -51.1071 264.616 -0.0378901 0.0121585 -0.0654162 0.997064
385.423 221.485 -50.6622 272.923 -0.0354362 0.0119243 -0.0822087 0.995914
386.152 221.66 -50.4333 277.67 -0.0329945 0.0308262 -0.0812972 0.995667
387.504 222.453 -50.221 284.436 -0.0229578 0.059039 -0.066424 0.995779
388.749 222.5 -50.0484 289.038 -0.0286082 -0.0456434 -0.0518805 0.997199
389.579 221.694 -49.8359 291.564 -0.0403678 -0.179915 -0.0501377 0.981574
390.201 220.605 -49.5553 293.328 -0.0477191 -0.283169 -0.0471127 0.956723
390.824 218.942 -49.2495 295.031 -0.0512588 -0.395521 -0.036952 0.916281
391.447 216.566 -48.9087 296.441 -0.0627489 -0.51881 -0.024477 0.852232
392.07 213.287 -48.5063 297.252 -0.0668436 -0.637172 -0.0146284 0.767678
393.216 205.115 -47.6811 297.466 -0.0580784 -0.698426 -0.0195102 0.713055
394.569 191.839 -46.4078 297.71 -0.0569868 -0.698846 -0.0175315 0.712783
395.193 184.688 -45.725 297.753 -0.0546583 -0.700741 -0.019535 0.711051
396.232 172.379 -44.4977 297.735 -0.0580184 -0.703313 -0.0253658 0.708055
397.374 158.95 -43.178 297.675 -0.0561959 -0.703937 -0.0249152 0.707597
398.101 150.543 -42.3762 297.662 -0.0539757 -0.703175 -0.0235861 0.708573
398.931 141.109 -41.5015 297.699 -0.0525253 -0.703653 -0.0258002 0.70813
399.553 134.19 -40.8746 297.647 -0.0555112 -0.706669 -0.0277811 0.704816
400.383 125.096 -39.9989 297.305 -0.0536989 -0.725422 -0.0295612 0.68557
401.006 118.468 -39.3894 296.674 -0.0457696 -0.737157 -0.0294914 0.673524
401.733 110.901 -38.792 295.856 -0.0385753 -0.739921 -0.029273 0.670948
402.461 103.355 -38.0645 295.212 -0.0381157 -0.723817 -0.0463559 0.687377
403.189 95.631 -37.2722 294.965 -0.0246996 -0.705568 -0.0524508 0.706267
404.331 83.148 -36.0661 295.054 -0.0290603 -0.700944 -0.0509314 0.710801
405.266 72.7255 -35.0597 295.051 -0.02804 -0.703638 -0.0525416 0.708059
406.2 62.4793 -34.0909 295.047 -0.0259985 -0.70321 -0.0532814 0.708506
406.824 55.9348 -33.4951 295.043 -0.026298 -0.702983 -0.0536951 0.708689
407.863 45.0753 -32.4773 295.113 -0.0253439 -0.701452 -0.0563719 0.710032
408.798 35.6783 -31.582 295.18 -0.0266211 -0.701271 -0.0554028 0.71024
409.941 24.6005 -30.5358 295.314 -0.0268584 -0.699932 -0.0529773 0.711735
411.188 14.2622 -29.5641 295.346 -0.0260985 -0.699661 -0.053321 0.712004
412.229 7.24714 -28.9721 295.69 -0.0223007 -0.668581 -0.0535381 0.741374
413.892 -1.55774 -28.2334 297.355 -0.0385755 -0.618541 -0.0358754 0.783985
415.662 -7.45891 -27.7537 299.7 -0.0354657 -0.493052 -0.0323238 0.868676
419.926 -9.09956 -27.6266 301.563 -0.019117 -0.338603 -0.0356439 0.940059
421.279 -11.3822 -27.4679 306.66 -0.00574672 -0.140244 -0.043135 0.98916
422.63 -12.3675 -27.4771 315.626 0.00173427 -0.0168967 -0.0436215 0.998904
