0 -0.00364281 -0.0532669 -0.0207283 -3.36356e-05 0.000235634 -0.00651464 0.999979
1.66811 -0.229393 -0.269213 9.75684 -0.00240156 -0.00999447 -0.00981622 0.999899
2.60638 -0.459127 -0.304159 16.7965 -0.00273137 -0.0116008 -0.0095077 0.999884
3.33598 -0.637839 -0.42316 23.1971 0.00763132 -0.0103331 -0.0118741 0.999847
4.37798 -0.943364 -0.703631 33.309 0.00639959 -0.0113244 -0.0175795 0.999761
5.83673 -1.50075 -1.02369 48.5899 0.00261812 -0.0142654 -0.0188741 0.999717
6.87873 -1.8556 -1.28316 59.4851 0.00310026 -0.0131275 -0.0159352 0.999782
8.02461 -2.29081 -1.56399 71.618 0.00372024 -0.0116847 -0.0166219 0.999787
9.58673 -2.89416 -1.93149 87.9336 -0.000228761 -0.0156478 -0.0149947 0.999765
11.1492 -3.66124 -2.20134 100.564 0.00142367 -0.0342673 -0.01966 0.999218
12.1927 -3.87861 -2.33444 105.72 -0.000668358 0.00764045 -0.0239139 0.999685
13.5512 -2.42968 -2.55325 110.347 0.0102761 0.249705 -0.0119414 0.968194
14.2818 -0.632975 -2.68219 112.102 0.0194125 0.4251 -0.0152726 0.904809
15.3242 3.13694 -2.93643 113.273 0.0213113 0.643404 -0.011697 0.765141
16.4671 9.24049 -3.25847 113.305 0.0243081 0.717374 -0.00697777 0.696229
18.444 23.8623 -4.05914 112.954 0.0151439 0.718542 -0.00970047 0.695251
20.32 38.803 -4.85739 112.483 0.00794947 0.722091 -0.0120895 0.691647
21.154 44.9047 -5.15527 112.191 0.00585431 0.725052 -0.0116124 0.688571
21.8839 49.7759 -5.4121 111.966 0.00710748 0.725258 -0.0152972 0.688271
22.8227 55.8684 -5.73768 111.604 0.00515563 0.737344 -0.0201712 0.675196
24.0734 64.5601 -6.16432 110.721 0.00780105 0.745344 -0.0177071 0.666399
24.6989 69.0595 -6.40645 110.242 0.00482952 0.747889 -0.0162649 0.663606
25.5329 75.2254 -6.70814 109.524 0.00181255 0.751651 -0.0180934 0.65931
26.2628 80.8406 -6.98056 108.777 0.00499274 0.755263 -0.0219208 0.655036
27.0967 87.6067 -7.34126 107.891 8.1721e-05 0.75283 -0.0171411 0.657992
27.9306 94.6096 -7.72164 107.074 0.000901917 0.749812 -0.0205547 0.661331
29.3903 106.687 -8.38811 105.704 -0.000523171 0.750204 -0.0264754 0.660676
30.2244 113.046 -8.79045 104.897 -0.00150686 0.756756 -0.0304963 0.652984
30.9543 118.4 -9.16328 104.086 -0.00187473 0.762248 -0.0334135 0.64642
31.6839 123.632 -9.57134 103.207 0.00291464 0.767127 -0.0408373 0.640188
32.3099 127.968 -9.93814 102.321 0.00233683 0.782264 -0.0382336 0.621768
32.9358 132.178 -10.2964 101.156 0.0110592 0.802132 -0.0295531 0.596312
33.9778 138.869 -10.8129 99.0477 0.0183509 0.805183 -0.0176686 0.592479
34.9148 144.547 -11.1986 97.4475 0.0219628 0.794258 -0.0109079 0.607086
35.6442 148.646 -11.5135 96.439 0.0197447 0.782837 -0.0152039 0.621727
36.581 153.732 -11.841 95.7924 0.0123104 0.73117 -0.0193117 0.681811
37.3117 157.619 -12.0652 95.7539 -0.00599462 0.726153 -0.0292022 0.686887
37.7296 159.762 -12.1845 95.5589 -0.00877338 0.744862 -0.0299467 0.666488
38.1479 161.827 -12.3054 95.2323 -0.00897053 0.765171 -0.0275249 0.643176
38.7727 164.781 -12.4703 94.573 -0.00472451 0.784158 -0.026062 0.619995
39.9195 170.12 -12.7302 93.2012 -0.00226411 0.796004 -0.0258147 0.604737
41.0663 176.1 -13.0662 91.3269 -1.92454e-05 0.809124 -0.018882 0.587335
42.5246 183.339 -13.4518 89.1371 0.00245884 0.79489 -0.0139934 0.606587
43.3577 186.571 -13.5829 88.579 0.00175593 0.747025 -0.0175232 0.664563
43.981 188.848 -13.6253 88.7453 -0.0127133 0.681324 -0.0199725 0.731599
44.8136 191.735 -13.6277 89.6969 -0.015436 0.557683 -0.0293483 0.829391
46.0625 195.834 -13.6571 93.835 -0.0196695 0.302395 -0.0236389 0.952687
47.2109 198.998 -13.4234 100.778 -0.026892 0.177425 -0.0122823 0.98369
48.1508 201.399 -13.1333 107.97 -0.0279022 0.162933 -0.0122235 0.986167
50.0269 206.752 -12.5088 123.887 -0.0311194 0.160995 -0.00461006 0.986454
50.9646 209.261 -12.1675 131.716 -0.0326047 0.153047 -0.000489831 0.987681
52.0065 211.529 -11.8227 139.391 -0.0354805 0.138115 0.000587853 0.98978
53.2576 213.229 -11.5652 145.939 -0.0301702 0.125083 -0.00361094 0.991681
54.5055 213.575 -11.3635 151.063 -0.0353119 -0.0366762 -0.00518716 0.99869
55.4413 212.142 -11.1525 154.215 -0.0475242 -0.274604 -0.00853324 0.960344
55.9619 210.787 -10.9986 155.449 -0.0509711 -0.414706 -0.00314253 0.908521
56.4828 209.116 -10.869 156.181 -0.0455669 -0.539857 -0.00549042 0.840504
57.0046 207.337 -10.7743 156.524 -0.0382821 -0.629167 -0.00399566 0.776317
58.1538 202.303 -10.5226 156.751 -0.0396138 -0.706179 0.00112868 0.706923
58.9894 197.183 -10.2877 156.452 -0.0309716 -0.72163 -0.00942164 0.691522
59.7207 191.726 -10.0231 156.361 -0.0231459 -0.699456 -0.0178603 0.714077
60.9715 180.871 -9.49865 157.133 -0.0248443 -0.669824 -0.0228954 0.74175
62.1174 170.901 -9.00781 158.065 -0.0228271 -0.669898 -0.025825 0.741652
62.7427 165.395 -8.71021 158.586 -0.0216083 -0.669469 -0.028444 0.74198
63.3682 160.026 -8.43211 159.112 -0.0192385 -0.667099 -0.0291082 0.744151
64.0978 153.752 -8.10073 159.745 -0.0181468 -0.665613 -0.0283329 0.745538
65.0359 145.632 -7.68829 160.645 -0.019053 -0.662388 -0.0305827 0.748294
65.974 137.198 -7.28328 161.551 -0.0175461 -0.668972 -0.0283545 0.742539
66.4951 132.328 -7.05689 161.931 -0.0146268 -0.676352 -0.0288426 0.735868
67.2247 125.277 -6.75251 162.442 -0.0209319 -0.678292 -0.0279692 0.733962
68.267 115.24 -6.2749 163.134 -0.017746 -0.679791 -0.0292473 0.732608
69.2047 106.292 -5.82245 163.718 -0.0164039 -0.679469 -0.0325583 0.732798
69.9339 99.3947 -5.43894 164.153 -0.0114669 -0.680348 -0.0363919 0.731895
70.8719 90.5538 -5.01073 164.793 -0.0104446 -0.67342 -0.0401974 0.738092
71.7053 82.6379 -4.62823 165.493 -0.00923965 -0.670801 -0.0375787 0.740627
72.4346 75.6521 -4.27595 166.078 -0.00925519 -0.671196 -0.0358401 0.740355
73.0596 69.6651 -3.98511 166.606 -0.0119692 -0.672211 -0.0378439 0.739295
73.7889 62.6167 -3.60672 167.144 -0.0124765 -0.679171 -0.0363373 0.732973
74.3098 57.5313 -3.33674 167.45 -0.0115433 -0.681422 -0.0389642 0.730762
74.8309 52.4536 -3.07153 167.758 -0.0112306 -0.682784 -0.0396164 0.729459
75.4561 46.3451 -2.76135 168.095 -0.0097207 -0.686412 -0.0374215 0.726185
76.0807 40.3933 -2.49623 168.326 -0.0108241 -0.690714 -0.0374716 0.722075
76.6019 35.5177 -2.24925 168.492 -0.00933165 -0.690501 -0.0421679 0.722041
77.1226 30.7664 -1.99984 168.641 -0.00840197 -0.692447 -0.0437596 0.720091
77.6433 26.202 -1.76065 168.748 -0.00730036 -0.696163 -0.0441173 0.716489
78.1643 21.8823 -1.51883 168.84 -0.00678981 -0.698653 -0.0460363 0.713946
79.2071 14.1501 -1.15802 169.063 -0.00436898 -0.6906 -0.0442332 0.72187
80.1453 7.90439 -0.86024 169.369 -0.00838779 -0.685528 -0.0443708 0.726645
81.5012 0.889642 -0.526998 169.981 -0.00905214 -0.656839 -0.0405584 0.752885
83.38 -5.25882 -0.367073 172.277 -0.0120245 -0.478691 -0.0272448 0.877478
84.6323 -7.89304 -0.378723 175.847 0.00310231 -0.240578 -0.0218161 0.97038
85.882 -9.07251 -0.538162 182.474 0.0141113 -0.0255626 -0.0225104 0.99932
88.1697 -9.62338 -1.21437 199.941 0.00968507 -0.0158494 -0.0186666 0.999653
89.9412 -10.3441 -1.66887 213.636 0.00613961 -0.0244397 -0.0191044 0.9995
91.8179 -10.9827 -2.03712 223.784 0.00703506 -0.00262915 -0.0223996 0.999721
92.9683 -9.96255 -2.28179 228.198 0.015603 0.177405 -0.00503055 0.984001
94.0115 -7.52771 -2.53265 231.241 0.0258463 0.404609 -0.0184901 0.913937
95.054 -3.28565 -2.89412 232.954 0.0315093 0.61286 -0.016877 0.789383
95.9897 1.96302 -3.27213 233.41 0.030679 0.697742 -0.0134266 0.715566
96.9249 8.66045 -3.71763 233.271 0.0290171 0.71901 -0.00827246 0.694345
98.589 21.8119 -4.61794 233.136 0.023728 0.70756 -0.0100775 0.706183
100.047 33.5441 -5.38088 233.105 0.0127301 0.712678 -0.0106837 0.701295
100.776 39.1923 -5.72904 233.042 0.0158445 0.714016 -0.0145274 0.699799
102.131 49.3362 -6.33596 232.884 0.0102998 0.715685 -0.0144729 0.698197
103.381 58.1494 -6.92979 232.735 0.0129039 0.712664 -0.017134 0.701177
104.214 63.7286 -7.29274 232.693 0.0062322 0.715419 -0.0218257 0.698327
105.047 68.9904 -7.63321 232.632 0.0060265 0.714125 -0.0256158 0.699523
105.881 74.0677 -7.94833 232.533 0.00489436 0.71908 -0.0240823 0.694493
106.716 79.3674 -8.29403 232.231 0.00471232 0.735167 -0.0289256 0.677252
107.445 84.5512 -8.62727 231.727 0.00778112 0.747489 -0.0270657 0.663677
108.174 90.4152 -8.96773 231.021 0.0101605 0.751016 -0.0204842 0.659888
108.695 94.974 -9.25341 230.499 0.0140841 0.746423 -0.0148255 0.665158
109.319 100.802 -9.58134 229.984 0.0110367 0.736665 -0.0159538 0.67598
109.84 105.797 -9.91186 229.632 0.0128745 0.733602 -0.0181504 0.679215
110.466 111.849 -10.262 229.233 0.0125969 0.73182 -0.0171689 0.681165
111.193 118.87 -10.6948 228.827 0.00832652 0.727298 -0.0180856 0.686032
112.131 127.749 -11.1934 228.531 0.0022906 0.723757 -0.0265139 0.689542
112.86 134.455 -11.5933 228.241 -0.00254793 0.727245 -0.0274246 0.685825
113.276 138.192 -11.8002 228.017 -0.00465511 0.732744 -0.0291542 0.679863
113.901 143.812 -12.116 227.529 -0.00532681 0.746008 -0.0294134 0.665266
114.318 147.567 -12.314 227.034 -0.00594127 0.758225 -0.0280359 0.651362
114.943 153.186 -12.6518 225.998 -5.08605e-05 0.778089 -0.0257525 0.627626
115.568 158.734 -13.0103 224.68 0.0113922 0.784469 -0.0194255 0.619759
116.712 168.979 -13.619 222.665 0.0155352 0.764096 -0.0115148 0.644812
117.754 177.658 -14.1369 221.343 0.0150628 0.757078 -0.00740876 0.653109
118.379 182.581 -14.4277 220.643 0.0146577 0.758276 -0.00864905 0.651712
119.005 187.334 -14.7035 219.902 0.0211526 0.758621 -0.00877974 0.65113
119.525 191.264 -14.9117 219.391 0.0168041 0.751974 -0.00584566 0.658952
120.046 195.097 -15.1234 218.946 0.0148592 0.74725 -0.00368654 0.664367
121.192 202.635 -15.5209 218.185 0.00934255 0.746875 -0.0118742 0.664793
123.382 211.285 -16.1103 216.991 0.0145605 0.769181 -0.0146549 0.638697
125.156 216.582 -16.5169 215.293 0.0136553 0.844159 -0.027897 0.535192
126.512 221.217 -16.9601 211.249 0.0126901 0.94276 -0.0252531 0.332271
127.346 223.421 -17.3025 207.094 0.0153719 0.981184 -0.0216295 0.191241
127.971 224.285 -17.5237 203.151 0.0230123 0.996796 -0.0153584 0.0750461
128.388 224.472 -17.6632 200.236 0.0278151 0.999345 -0.0231555 -0.000201383
129.012 223.982 -17.8659 195.928 0.0278832 0.996637 -0.0171508 -0.0751247
129.741 222.688 -18.0548 190.46 0.0214823 0.989848 -0.00961711 -0.140168
130.885 219.69 -18.3681 181.631 0.0283116 0.984695 -0.0152206 -0.171298
131.405 218.316 -18.5317 177.598 0.0329366 0.98647 -0.0139311 -0.159996
132.03 216.889 -18.7238 172.843 0.0322256 0.98932 -0.0129149 -0.141567
133.28 214.662 -19.0568 164.712 0.029901 0.988999 -0.0115685 -0.144407
134.325 212.56 -19.2462 159.51 0.0286309 0.970354 -0.0119896 -0.239685
135.056 210.334 -19.3186 156.95 0.0307228 0.917942 -0.0135252 -0.395292
135.578 208.33 -19.3276 155.759 -0.0303841 -0.857824 0.00786693 0.512984
136.308 205 -19.2613 154.941 -0.0291946 -0.760179 -0.00277014 0.649052
137.244 199.834 -19.0841 154.909 -0.0238366 -0.692272 -0.0101163 0.721172
139.117 185.733 -18.5503 156.126 -0.0190068 -0.66979 -0.0169324 0.742115
139.95 178.38 -18.2773 156.907 -0.0189966 -0.663475 -0.0176348 0.747749
140.679 171.688 -18.0446 157.612 -0.0169936 -0.66496 -0.0210925 0.746387
141.2 166.907 -17.8512 158.119 -0.0163745 -0.664073 -0.0258752 0.747041
142.033 159.39 -17.5447 158.924 -0.0144146 -0.662819 -0.0249251 0.748226
142.658 153.803 -17.3164 159.539 -0.0131375 -0.662929 -0.026326 0.748104
143.701 144.371 -16.9923 160.727 -0.0150932 -0.65704 -0.0253081 0.75328
144.638 135.704 -16.6919 161.747 -0.0124751 -0.665707 -0.0235188 0.745738
145.159 130.561 -16.5127 162.185 -0.0102959 -0.673554 -0.0246185 0.738656
145.993 121.953 -16.241 162.842 -0.0145779 -0.676012 -0.02346 0.736373
147.138 110.015 -15.8524 163.757 -0.011554 -0.674932 -0.0256752 0.737343
147.972 101.285 -15.5326 164.406 -0.0111713 -0.675608 -0.0291994 0.736598
148.909 91.6977 -15.1954 165.22 -0.00585024 -0.666974 -0.0332103 0.744317
149.847 81.7701 -14.8593 166.362 -0.00788521 -0.660524 -0.0288081 0.75021
150.575 73.95 -14.5608 167.254 -0.0111791 -0.665305 -0.0256758 0.746046
151.2 67.0647 -14.311 167.885 -0.0110808 -0.671772 -0.0283396 0.740133
151.721 61.2972 -14.0847 168.348 -0.0117249 -0.675394 -0.0267326 0.736879
152.137 56.5658 -13.895 168.691 -0.0125569 -0.679089 -0.0296078 0.733351
152.658 50.694 -13.6639 169.05 -0.0109957 -0.682396 -0.0311091 0.730238
153.178 44.8227 -13.434 169.385 -0.00893009 -0.684555 -0.0302422 0.728278
153.699 39.1154 -13.2572 169.668 -0.0103167 -0.686628 -0.0287131 0.726369
154.22 33.5382 -13.0499 169.895 -0.00913652 -0.688652 -0.0349674 0.724191
154.74 28.2283 -12.8424 170.085 -0.00815748 -0.691288 -0.0371459 0.721578
155.365 22.3719 -12.6112 170.249 -0.00613741 -0.695147 -0.0379502 0.717839
156.617 12.1959 -12.2739 170.744 -0.0029703 -0.668357 -0.0375473 0.742886
157.763 4.57325 -12.0027 171.95 -0.0162942 -0.645581 -0.0266113 0.763054
159.221 -1.98493 -11.7455 172.788 -0.0163585 -0.667121 -0.0222881 0.744436
161.931 -7.95494 -11.5877 173.112 -0.00332906 -0.691023 -0.020138 0.722545
163.078 -13.0231 -11.4383 173.306 -0.0103092 -0.689349 -0.0271709 0.723846
163.911 -18.2485 -11.265 173.506 -0.0114899 -0.695616 -0.0191718 0.718066
164.537 -22.942 -11.1302 173.583 -0.00964059 -0.698069 -0.0191979 0.715708
165.162 -28.1831 -10.9825 173.653 -0.00935003 -0.69978 -0.0222116 0.713952
165.892 -34.9394 -10.7694 173.768 -0.00865787 -0.69694 -0.0242245 0.716668
166.517 -41.0818 -10.5673 173.927 -0.00885119 -0.695492 -0.0236089 0.718092
167.143 -47.3964 -10.3561 174.048 -0.00511298 -0.696905 -0.0282481 0.716589
167.663 -52.7734 -10.1738 174.168 -0.00723362 -0.696648 -0.0291978 0.716782
168.392 -60.3067 -9.91376 174.312 -0.00599071 -0.696657 -0.0390603 0.716315
169.017 -66.7175 -9.68097 174.439 0.0024697 -0.696399 -0.0349159 0.716801
169.434 -71.0223 -9.54444 174.54 0.00107704 -0.696854 -0.0321021 0.716493
169.955 -76.4403 -9.39059 174.632 -0.00312518 -0.698283 -0.0326904 0.715068
170.371 -80.7567 -9.25538 174.685 0.00048295 -0.699044 -0.0355543 0.714194
170.996 -87.3231 -9.04219 174.727 0.00486003 -0.701422 -0.0393351 0.711644
171.517 -92.7144 -8.87572 174.717 0.00748725 -0.706208 -0.0337789 0.707159
171.934 -97.078 -8.75244 174.657 0.00591989 -0.708995 -0.0404772 0.704026
172.351 -101.48 -8.61957 174.561 0.00914855 -0.712583 -0.0361317 0.700598
172.767 -105.921 -8.50437 174.422 0.00864543 -0.716102 -0.0391348 0.696844
173.079 -109.236 -8.41391 174.282 0.00907735 -0.71879 -0.0389358 0.694077
173.496 -113.632 -8.30125 174.061 0.0100342 -0.721823 -0.038336 0.690943
174.329 -122.542 -8.08927 173.517 0.00803733 -0.725946 -0.0368452 0.686717
174.954 -129.256 -7.89552 173.085 0.0066319 -0.72682 -0.0349791 0.685905
175.475 -134.953 -7.74796 172.724 0.00938563 -0.726684 -0.0392186 0.685788
175.995 -140.66 -7.60018 172.321 0.0126279 -0.727475 -0.0410187 0.68479
176.516 -146.374 -7.43886 171.927 0.0128079 -0.727167 -0.04221 0.685042
177.141 -153.306 -7.24685 171.457 0.0151393 -0.727186 -0.0445505 0.684826
177.661 -159.1 -7.07314 171.049 0.0139953 -0.727884 -0.0423444 0.684248
178.077 -163.7 -6.94137 170.73 0.0102357 -0.727754 -0.0462241 0.684202
178.494 -168.147 -6.83024 170.399 0.0183677 -0.727529 -0.0404726 0.684636
179.118 -174.83 -6.64376 169.972 0.0164803 -0.727198 -0.0375257 0.685203
179.951 -183.317 -6.39001 169.394 0.0172211 -0.728464 -0.0394871 0.683729
180.472 -188.452 -6.2418 169.022 0.00971647 -0.728792 -0.0485024 0.682946
180.888 -192.398 -6.10526 168.752 0.0137792 -0.729026 -0.0445985 0.682893
181.409 -197.214 -5.98274 168.416 0.0180736 -0.72701 -0.0458714 0.684855
181.826 -200.942 -5.89787 168.142 0.019197 -0.728607 -0.0480471 0.682975
182.242 -204.592 -5.79176 167.827 0.0180259 -0.733456 -0.0512236 0.677564
182.658 -208.197 -5.6925 167.474 0.0189239 -0.741417 -0.0468011 0.669143
183.283 -213.461 -5.51684 166.736 0.018627 -0.753331 -0.0505373 0.655432
183.909 -218.566 -5.29845 165.923 0.0235339 -0.753042 -0.061295 0.654689
184.743 -224.873 -5.06098 165.183 0.0336665 -0.730258 -0.0672147 0.679023
185.473 -229.905 -4.9305 165.099 0.0350486 -0.696947 -0.06773 0.713056
186.307 -234.909 -4.87563 165.562 0.0360082 -0.655059 -0.059405 0.752378
187.036 -238.599 -4.87277 166.252 0.0313852 -0.635415 -0.0539547 0.769644
188.076 -242.858 -4.82002 166.787 0.0233432 -0.685314 -0.0528985 0.725949
189.324 -246.425 -4.63088 165.857 0.0254261 -0.821184 -0.0627092 0.566638
190.575 -249.14 -4.32014 163.812 -0.0269769 0.902897 0.0738818 -0.422599
191.93 -251.759 -3.86475 160.595 -0.0102502 0.955408 0.0702972 -0.286616
193.075 -253.363 -3.24366 156.097 -0.00340582 0.98868 0.0691815 -0.133098
194.118 -254.527 -2.34307 149.473 0.0131346 0.995597 0.0684013 -0.0627382
194.848 -255.048 -1.53206 143.363 0.0122851 0.996701 0.0670355 -0.0440619
195.577 -255.594 -0.580734 136.068 0.0169777 0.996951 0.065589 -0.03871
196.203 -256.038 0.325355 129.063 0.0184541 0.996437 0.0749573 -0.0339755
196.724 -256.328 1.07901 123.161 0.0136992 0.996829 0.0730765 -0.0283409
197.245 -256.582 1.8063 117.481 0.0149084 0.996884 0.0741615 -0.0223607
197.87 -256.767 2.7092 110.543 0.00975338 0.997033 0.0740236 -0.0187459
198.807 -257.009 4.1008 99.9416 0.00645799 0.997061 0.075334 -0.0123582
199.432 -257.064 4.9904 93.1138 0.0026757 0.997106 0.0753393 -0.00978861
200.682 -257.368 6.71171 79.5179 -4.10435e-05 0.996329 0.0816627 -0.0256768
201.619 -257.797 8.02712 69.7316 -0.000785836 0.996512 0.078897 -0.0271823
202.556 -258.219 9.36575 59.8671 0.00248564 0.996683 0.0785422 -0.0211784
203.494 -258.451 10.6637 50.3669 -0.000799626 0.996781 0.0785198 -0.0162047
204.536 -258.757 12.048 40.1184 -0.00456762 0.996563 0.0780701 -0.027306
205.265 -259.126 13.0576 33.0819 -0.00549936 0.996553 0.0762515 -0.0322213
206.098 -259.46 14.1336 25.2979 -0.00277147 0.996958 0.0770405 -0.0114571
206.618 -259.373 14.8003 20.4814 -0.000923601 0.997057 0.074866 0.0164527
207.138 -258.974 15.4736 15.7632 0.00315669 0.995531 0.0732327 0.0595461
207.866 -257.546 16.3668 9.18848 0.00485122 0.988267 0.0708934 0.135198
208.698 -254.606 17.3038 2.0273 0.0108091 0.970749 0.0711608 0.229056
209.531 -250.149 18.2255 -4.8059 0.00928758 0.950843 0.0659342 0.30243
210.261 -245.481 18.9772 -10.8695 0.00969532 0.94573 0.0632796 0.318585
211.511 -237.24 20.2946 -21.8059 0.0047128 0.952947 0.064865 0.296077
212.344 -232.431 21.1921 -29.1544 0.0138065 0.958385 0.0695686 0.276528
213.593 -225.649 22.5399 -40.0213 0.0264384 0.958975 0.0748368 0.272153
214.113 -223.105 23.0462 -43.9839 0.0284541 0.955983 0.077759 0.281496
214.737 -220.365 23.537 -47.8981 0.0291301 0.949801 0.0770083 0.301826
215.466 -217.656 23.9968 -51.4165 0.0311397 0.941705 0.0768787 0.326054
216.298 -214.849 24.3817 -54.3976 0.0378373 0.920572 0.0719875 0.382012
217.443 -211.719 24.598 -56.4376 0.0371696 0.861129 0.0576747 0.503735
218.901 -207.668 24.6582 -57.2153 0.0413361 0.739559 0.0443965 0.670352
219.942 -203.223 24.5448 -56.6849 0.0443616 0.638172 0.0400833 0.767569
220.776 -198.292 24.3531 -55.0295 0.0497395 0.555181 0.0502402 0.828719
221.714 -191.82 23.8991 -51.2674 0.0574193 0.472627 0.046763 0.878146
222.654 -184.409 23.2594 -46.2981 0.0515956 0.470848 0.0385187 0.879861
223.384 -177.892 22.7365 -42.017 0.0471496 0.480111 0.0333278 0.875306
224.009 -171.75 22.3092 -38.264 0.0445768 0.495625 0.0368353 0.86661
224.634 -165.33 21.8946 -34.6677 0.0439759 0.514946 0.0372792 0.855282
225.57 -155.645 21.3291 -29.9 0.0456916 0.527446 0.0407619 0.847379
226.194 -149.142 20.934 -26.731 0.0489116 0.528924 0.0386115 0.846378
226.818 -142.571 20.4801 -23.5183 0.0484465 0.530162 0.0400169 0.845565
227.546 -134.819 20.0071 -19.7933 0.0474886 0.528834 0.0409887 0.846404
228.483 -125.347 19.3906 -15.1162 0.0360782 0.534034 0.0337684 0.844018
229.317 -116.834 18.9062 -11.5502 0.0360429 0.565248 0.0283884 0.823644
230.045 -109.376 18.5644 -8.85258 0.0344769 0.576592 0.0276181 0.815837
230.878 -100.835 18.1989 -5.93244 0.033052 0.588829 0.01863 0.807367
231.608 -93.1698 17.8805 -3.76334 0.0309519 0.611423 0.0240446 0.790333
232.128 -87.603 17.6725 -2.421 0.0292127 0.623537 0.0273519 0.780769
232.652 -82.0604 17.4854 -1.20646 0.0288767 0.62856 0.0311609 0.7766
233.585 -72.2566 17.2128 0.791151 0.029315 0.636792 0.0317105 0.769826
234.417 -63.7108 17.0122 2.35206 0.0295932 0.642237 0.0359096 0.765092
235.353 -54.266 16.7784 3.96625 0.0280403 0.651577 0.0304195 0.757454
236.291 -44.9793 16.5397 5.34079 0.0299105 0.659256 0.0328607 0.750604
237.226 -36.2058 16.3214 6.49458 0.0329205 0.664461 0.0346965 0.74579
238.267 -27.7752 16.1478 7.50265 0.0312188 0.669042 0.0380467 0.741593
240.038 -17.3376 15.9321 8.58947 0.0361947 0.674408 0.040834 0.736339
242.12 -11.8762 15.7209 9.49699 0.0327167 0.616728 0.0338242 0.785768
251.288 -9.28656 15.554 10.8672 0.0343574 0.473389 0.0207855 0.879938
251.807 -7.83011 15.495 12.3386 0.0353641 0.364546 0.0107102 0.930452
252.535 -6.18196 15.2761 15.4752 0.0322647 0.203896 0.00455924 0.97845
253.473 -4.83079 14.7982 21.8302 0.03768 0.0466913 0.0137096 0.998104
254.621 -4.99855 13.8871 32.2733 0.0399208 -0.0127126 -0.0029671 0.999118
255.56 -5.39102 13.0553 42.5738 0.0295664 -0.0180661 -0.00180467 0.999398
256.705 -6.04254 12.0283 55.1765 0.0337773 -0.0228324 -0.00123615 0.999168
257.955 -6.73899 10.868 68.8438 0.0334576 -0.021753 -0.00122922 0.999203
259.309 -7.58237 9.69339 83.1311 0.0296589 -0.0238838 -0.00280203 0.999271
260.558 -8.28956 8.66981 95.7881 0.0298528 -0.022445 -0.00163276 0.999301
261.392 -8.66462 7.98676 104.001 0.0320508 -0.0138224 -0.00615927 0.999372
262.121 -8.82887 7.35632 111.052 0.0421787 -0.00829843 -0.00545914 0.999061
263.267 -9.17434 6.41803 122.743 0.0385654 -0.0135381 -0.00203289 0.999162
264.412 -9.70985 5.32758 135.234 0.0321101 -0.0198994 -0.00170867 0.999285
265.558 -10.3506 4.29591 147.841 0.0277839 -0.0257827 0.000683573 0.999281
266.599 -10.9992 3.39545 158.915 0.0300257 -0.0216043 -0.00136948 0.999315
267.329 -11.3379 2.75393 166.201 0.0344429 -0.0157048 -0.00194836 0.999281
268.683 -11.8463 1.56605 179.83 0.0249884 -0.021029 -0.00054122 0.999466
269.933 -12.4795 0.445658 193.019 0.0349548 -0.0201113 -0.00462665 0.999176
271.182 -13.0816 -0.766178 206.858 0.0337755 -0.0174643 -0.0083612 0.999242
272.015 -13.4279 -1.4829 215.332 0.0333947 -0.0139302 -0.010318 0.999292
273.161 -13.75 -2.4131 225.975 0.0327534 -0.010859 -0.00544727 0.99939
273.474 -13.7851 -2.62026 228.866 0.0341718 -0.00817663 -0.00874986 0.999344
274.099 -13.9244 -3.1878 234.468 0.0452076 -0.0126704 -0.00475297 0.998886
274.62 -14.2438 -3.61734 239.237 0.0278101 -0.0312697 -0.0100354 0.999074
275.975 -15.1876 -4.74523 253.028 0.034222 -0.0253686 -0.00757314 0.999064
276.913 -15.7656 -5.68105 263.554 0.0318099 -0.0233899 -0.0080954 0.999187
277.851 -16.3024 -6.61552 274.134 0.0319765 -0.0223057 -0.00932225 0.999196
278.58 -16.7534 -7.32319 282.169 0.0298443 -0.0230543 -0.0127616 0.999207
279.829 -17.4843 -8.35136 294.163 0.0297638 -0.0283819 -0.0166134 0.999016
281.497 -18.1354 -9.63361 309.302 0.0307264 -0.0072132 -0.0249883 0.999189
282.33 -18.1861 -10.3223 317.592 0.0396803 0.00846137 -0.0209147 0.998958
283.164 -17.9373 -11.1192 326.305 0.0390324 0.02545 -0.021433 0.998684
283.789 -17.5653 -11.7148 333.146 0.0393408 0.0344792 -0.0169793 0.998486
285.246 -16.5333 -13.3308 350.248 0.0353193 0.0330885 -0.0137518 0.998733
286.392 -15.8777 -14.5514 363.295 0.0369828 0.0241436 -0.0130424 0.998939
