1563003603.74419498 0.87299992 0.02599999 0.67999996 -0.39498343 0.40598227 -0.59997466 0.56497512
1563003603.87740111 0.95133113 0.01785361 0.68286337 -0.39448625 0.40644823 -0.60088154 0.56402288
1563003604.84459496 1.48157266 -0.04943034 0.68160475 -0.39140812 0.41041037 -0.60531332 0.55853272
1563003606.04504991 2.40140156 -0.16201215 0.68762256 -0.38690359 0.41467651 -0.61401335 0.54894136
1563003606.91217208 3.09448462 -0.25947308 0.68737295 -0.38590982 0.41681627 -0.61592733 0.54586751
1563003607.97924709 3.96325468 -0.34213044 0.69711432 -0.38890299 0.41447545 -0.61027615 0.55184019
1563003608.71307397 4.55161623 -0.40453901 0.69594735 -0.39030633 0.41370300 -0.60767793 0.55429084
1563003609.24674201 4.99709300 -0.43998847 0.70462756 -0.38827439 0.41474644 -0.60961735 0.55280654
1563003610.11361694 5.78344039 -0.55078244 0.69855701 -0.38555065 0.41906465 -0.61296479 0.54773139
1563003610.84724689 6.48159707 -0.65316579 0.68806434 -0.38487332 0.41872726 -0.61462968 0.54659891
1563003611.54746294 7.14850452 -0.71942259 0.67868135 -0.38617939 0.41783796 -0.61293502 0.54825868
1563003612.28134799 7.84585790 -0.78002976 0.67682697 -0.38943822 0.41559011 -0.61042348 0.55045973
1563003613.08156109 8.61624622 -0.86201249 0.66145774 -0.39415616 0.41433083 -0.60688584 0.55196057
1563003613.81533194 9.33460855 -0.94854974 0.64578579 -0.39505132 0.41476903 -0.60592106 0.55205142
1563003614.51552010 10.01494169 -1.01243833 0.64505098 -0.39152569 0.41684734 -0.60700576 0.55180607
1563003615.24931598 10.70866880 -1.10472132 0.64102225 -0.38963227 0.41821500 -0.60799195 0.55102513
1563003615.91626191 11.35672649 -1.14898564 0.63426617 -0.39067605 0.41927285 -0.60943079 0.54788375
1563003616.51650810 11.95040513 -1.19435254 0.63343633 -0.38784124 0.42227565 -0.61084739 0.54601091
1563003617.11653900 12.51744464 -1.27160791 0.63311837 -0.38878646 0.42069908 -0.60971810 0.54781495
1563003617.75037599 13.11606461 -1.34909038 0.63053506 -0.38702614 0.42198320 -0.61007335 0.54767824
1563003618.31748796 13.64678222 -1.41745175 0.62049169 -0.38853090 0.42062132 -0.61117090 0.54643534
1563003618.75072908 14.05693824 -1.48487109 0.62083854 -0.38518016 0.42468845 -0.61441606 0.54200449
1563003619.31778097 14.62544724 -1.62064033 0.61295827 -0.37953031 0.43064609 -0.62430545 0.52985223
1563003619.75108004 15.08942135 -1.81358677 0.60192446 -0.36445748 0.44222518 -0.64052438 0.51121049
1563003620.05123901 15.37259772 -1.95213983 0.60533119 0.35118962 -0.45306058 0.65590408 -0.49111282
1563003620.31809497 15.61407008 -2.09894871 0.60142334 0.33815600 -0.46264207 0.67102123 -0.47047141
1563003620.55137110 15.81252313 -2.24583584 0.60426025 0.32261223 -0.47235444 0.68526928 -0.45078670
1563003620.75132489 15.97469935 -2.38703667 0.60044569 0.31037160 -0.48103269 0.69620152 -0.43310561
1563003620.98483992 16.15436685 -2.55198544 0.60299065 0.29576630 -0.48900859 0.71067959 -0.41027724
1563003621.18479395 16.29252575 -2.71443663 0.60595060 0.28188058 -0.49582774 0.72240447 -0.39093476
1563003621.38496208 16.43062379 -2.89062031 0.60465145 0.26805383 -0.50259877 0.73476858 -0.36831611
1563003621.61818004 16.57411108 -3.10498760 0.60156722 0.25108124 -0.50922834 0.74852087 -0.34258023
1563003621.81836605 16.67698830 -3.28632696 0.60553160 0.23631147 -0.51587630 0.75878130 -0.31981162
1563003622.05163002 16.77707809 -3.51189609 0.61369939 0.21624059 -0.52292705 0.77101233 -0.29210838
1563003622.35179996 16.88508798 -3.84343418 0.61589951 0.18774794 -0.53255372 0.78571583 -0.25256263
1563003622.61840892 16.94075594 -4.15980811 0.62487332 0.15956861 -0.54084018 0.79780311 -0.21340092
1563003622.88514495 16.96703073 -4.46847168 0.62974574 0.13042593 -0.54969692 0.80698693 -0.17203041
1563003623.15175390 16.96628041 -4.75687146 0.63356350 0.10292039 -0.55687580 0.81409149 -0.12865372
1563003623.41863108 16.94249148 -5.04635073 0.64146725 0.07529408 -0.56104616 0.81919851 -0.09204244
1563003623.68503094 16.94032852 -5.32141260 0.64177451 0.05908168 -0.56452823 0.82024814 -0.07078290
1563003624.45118189 17.06858285 -6.12133921 0.65179144 0.05829113 -0.56492017 0.82001786 -0.07097926
1563003625.21841407 17.11807138 -6.96228744 0.65276260 0.03918168 -0.56684249 0.82172332 -0.04387675
1563003625.98576093 17.11147544 -7.80361674 0.66618265 0.01973854 -0.56638254 0.82369850 -0.01849286
1563003626.61949205 17.09596528 -8.50386101 0.67572101 0.00943976 -0.56732674 0.82343517 -0.00240243
1563003627.15305996 17.07827903 -9.09553325 0.67881636 0.00445424 -0.56826920 0.82282169 0.00384057
1563003627.68645692 17.04833392 -9.70135919 0.67907305 0.00155309 -0.56954282 0.82192873 0.00719271
1563003628.22005796 17.03264532 -10.29665635 0.68101207 0.00097987 -0.57018964 0.82148000 0.00730871
1563003628.82079506 17.03944934 -10.98663399 0.67307673 0.00661797 -0.57042884 0.82131767 0.00210292
1563003629.45440006 17.06800169 -11.70164210 0.67392783 0.01111108 -0.57088980 0.82093717 -0.00485272
1563003630.08788991 17.08103657 -12.45362842 0.67492582 0.01344139 -0.57016701 0.82136158 -0.00969841
1563003630.72152901 17.10240227 -13.21161052 0.66499384 0.01488769 -0.57106532 0.82071275 -0.00966117
1563003631.38870811 17.09902896 -13.97251946 0.66425983 0.01287584 -0.57117354 0.82070498 -0.00619202
1563003632.02241397 17.10057715 -14.70116744 0.66004049 0.00963001 -0.57218224 0.82006665 -0.00233259
1563003632.62288308 17.09331443 -15.38554433 0.65026014 0.00913351 -0.57327281 0.81931344 0.00058763
1563003633.18983507 17.08658833 -16.03413053 0.64236362 0.00782162 -0.57253188 0.81983777 0.00347974
1563003633.65668201 17.09991919 -16.57943417 0.63711934 0.00618412 -0.57340243 0.81923649 0.00479348
1563003634.15676308 17.10555256 -17.15156874 0.63456413 0.00713390 -0.57334697 0.81927473 0.00335747
1563003634.59039211 17.11555300 -17.64196832 0.63721326 0.00762242 -0.57281701 0.81964462 0.00229651
1563003634.99065495 17.11391827 -18.09658894 0.63492174 0.00827144 -0.57284159 0.81962348 0.00120098
1563003635.35772610 17.11315345 -18.51225861 0.63246946 0.00680183 -0.57327115 0.81933713 -0.00076294
1563003635.79111600 17.11985486 -19.00307610 0.62797603 0.00770901 -0.57418682 0.81868775 -0.00066246
1563003636.19103599 17.10523315 -19.47561645 0.62345276 0.00817961 -0.57495078 0.81814610 -0.00128744
1563003636.62477899 17.10995429 -19.99139321 0.61551683 0.00911513 -0.57579421 0.81754321 -0.00102488
1563003637.19172692 17.10085083 -20.66541366 0.60944548 0.00880810 -0.57556209 0.81771026 -0.00078994
1563003637.72519994 17.09073622 -21.29351307 0.59475737 0.00590550 -0.57557523 0.81772677 0.00110095
1563003638.19210792 17.08580299 -21.82818756 0.58413535 0.00537956 -0.57681094 0.81684370 0.00515432
1563003638.55909491 17.09837356 -22.24973210 0.57966680 0.00282744 -0.57728737 0.81648168 0.00943237
1563003639.02576399 17.06962976 -22.79764416 0.56330664 0.00087900 -0.57760881 0.81622662 0.01189111
1563003639.65937304 17.07152679 -23.55800472 0.55235291 -0.00368261 -0.57893436 0.81514876 0.01881332
1563003640.29305696 17.06148278 -24.32297285 0.53859807 -0.00772202 -0.58362837 0.81170625 0.02124285
1563003640.89387393 17.05613116 -25.05029549 0.52178890 -0.01203446 -0.58383283 0.81126904 0.02892982
1563003641.46102500 17.01057373 -25.70932986 0.50002981 -0.01181553 -0.58492687 0.81030361 0.03360075
1563003641.99475908 16.96396634 -26.31959825 0.47988993 -0.01153448 -0.58483083 0.81037154 0.03373175
1563003642.49508595 16.92833172 -26.88214820 0.45473591 -0.01057330 -0.58632104 0.80927314 0.03453744
1563003642.89512300 16.89827448 -27.32573481 0.43344408 -0.00828624 -0.58806700 0.80820869 0.03012049
1563003643.29487991 16.86688769 -27.76122160 0.42011730 -0.00510848 -0.58818428 0.80838695 0.02288466
1563003643.66167808 16.85814120 -28.18523058 0.39873946 -0.00156044 -0.58926093 0.80769373 0.01999905
1563003644.02856994 16.85189683 -28.58737976 0.38243007 0.00573067 -0.58842078 0.80839936 0.01478597
1563003644.39564896 16.86819782 -28.99909188 0.36196336 0.00833370 -0.58780207 0.80891631 0.00858365
1563003644.96257806 16.89765653 -29.66957187 0.33255431 0.01429574 -0.58864029 0.80826777 0.00120736
1563003645.49638391 16.92074037 -30.29128184 0.29906619 0.02196896 -0.59040084 0.80678361 -0.00666420
1563003646.06338906 16.98394889 -30.92251453 0.26820723 0.02862956 -0.58914423 0.80727618 -0.01986407
1563003646.53055811 17.05550692 -31.43907962 0.23944560 0.03362751 -0.59102428 0.80543896 -0.02876764
1563003646.93088388 17.12119169 -31.88697494 0.21362909 0.03658717 -0.59435050 0.80267859 -0.03340572
1563003647.39795995 17.16299660 -32.41429625 0.18668055 0.04056249 -0.59407888 0.80247708 -0.03815091
1563003648.16485596 17.24593575 -33.33218215 0.12933083 0.04155003 -0.59339768 0.80298821 -0.03691496
1563003648.76495600 17.28253732 -34.02749844 0.11535205 0.03827176 -0.59801657 0.79995010 -0.03148489
1563003649.29855895 17.31438642 -34.64988623 0.08229329 0.03384711 -0.60141869 0.79774871 -0.02733023
1563003649.76537609 17.33937482 -35.18020710 0.03365361 0.03336435 -0.60263986 0.79695158 -0.02408751
1563003650.23224401 17.36574221 -35.67656888 -0.00949109 0.03299281 -0.60397218 0.79603224 -0.02148840
1563003650.73235202 17.39284894 -36.18858565 -0.05375672 0.03078374 -0.60543726 0.79506231 -0.01933916
1563003651.19907808 17.42632371 -36.65232110 -0.09108112 0.03118284 -0.60722504 0.79375238 -0.01620327
1563003651.59920502 17.46470290 -37.05323241 -0.12831963 0.02829541 -0.60834331 0.79308484 -0.01158582
1563003652.06609201 17.47775247 -37.43180252 -0.16126953 0.02742542 -0.60872309 0.79285973 -0.00880272
1563003652.46617603 17.49916304 -37.74335528 -0.19001942 0.02701160 -0.60839932 0.79312509 -0.00855704
1563003652.86650300 17.51616979 -38.07700840 -0.22134192 0.02910246 -0.60856480 0.79289880 -0.01065011
1563003653.26655102 17.54815011 -38.43446548 -0.25606796 0.03076626 -0.60833629 0.79300766 -0.01092006
1563003653.59999895 17.57695535 -38.74741148 -0.28591952 0.03184059 -0.61034073 0.79143348 -0.01016919
1563003653.96691704 17.59339744 -39.08917067 -0.32115593 0.02930407 -0.61190147 0.79033925 -0.00904077
1563003654.26688194 17.61218186 -39.36692262 -0.34737554 0.02476825 -0.61249117 0.79006006 -0.00679696
1563003654.56708789 17.62448814 -39.64441422 -0.37806164 0.02455675 -0.61319230 0.78953889 -0.00452783
1563003654.93381000 17.66352992 -40.00058332 -0.40727545 0.02281972 -0.61264169 0.79003076 -0.00090759
1563003655.30064011 17.66541295 -40.34237746 -0.44351112 0.02259681 -0.61401008 0.78897464 -0.00015033
1563003655.70086408 17.67031311 -40.70105417 -0.47913217 0.02305162 -0.61508616 0.78812285 -0.00005511
1563003656.06772494 17.68401866 -41.02760264 -0.51605134 0.02133941 -0.61477856 0.78841053 0.00089143
1563003656.53404403 17.68686221 -41.42611406 -0.56086364 0.02266897 -0.61474230 0.78840070 0.00153603
1563003656.96834707 17.69434302 -41.77476877 -0.60183586 0.02190882 -0.61408371 0.78893372 0.00218846
1563003657.40202808 17.70001844 -42.11582182 -0.63641008 0.01988040 -0.61378888 0.78921346 0.00317696
1563003657.86889601 17.69309512 -42.46988720 -0.67313754 0.01863227 -0.61485492 0.78840384 0.00506501
1563003658.33563399 17.72071124 -42.83813454 -0.71149430 0.01303440 -0.61584462 0.78767093 0.01183282
1563003658.90295601 17.73199131 -43.31521004 -0.76675704 0.00780463 -0.61745039 0.78637940 0.01736486
1563003659.40304995 17.75391730 -43.73078653 -0.81154308 0.00195833 -0.61762773 0.78610970 0.02374210
1563003660.00309110 17.70923813 -44.21312444 -0.87061192 -0.00077101 -0.61908973 0.78494266 0.02433786
1563003660.50304294 17.67705838 -44.59930956 -0.92130470 -0.00251437 -0.62155554 0.78296532 0.02505384
1563003661.06929898 17.64260503 -44.97324784 -0.96978823 -0.00217275 -0.62273564 0.78205182 0.02430120
1563003661.50293112 17.61441715 -45.25104227 -0.99997501 -0.00313986 -0.62187992 0.78276676 0.02305875
1563003661.93643403 17.58307124 -45.53201485 -1.04018103 -0.00263272 -0.62279274 0.78204546 0.02296030
1563003662.46958804 17.56782747 -45.76899568 -1.07346800 -0.00281715 -0.62222446 0.78245265 0.02442598
1563003663.37012291 17.56559882 -45.81907603 -1.07788737 -0.00305739 -0.62226047 0.78242922 0.02422950
1563003664.63771796 17.55922448 -45.96453144 -1.09879753 -0.00323109 -0.62230109 0.78235216 0.02561285
1563003665.40500307 17.54458469 -46.24123993 -1.13806249 -0.00348536 -0.62251847 0.78202449 0.02993855
1563003666.17201805 17.49301094 -46.65765158 -1.19420088 -0.00698371 -0.62298102 0.78131374 0.03734592
1563003666.73903894 17.45060861 -47.05994671 -1.25573749 -0.01166575 -0.62158575 0.78201818 0.04407528
1563003667.30601311 17.39405785 -47.59051046 -1.32726005 -0.01607509 -0.62204916 0.78094005 0.05412098
1563003667.73951006 17.34392295 -48.02609646 -1.39262421 -0.01631201 -0.62328481 0.77972466 0.05726623
1563003668.13961196 17.31127113 -48.45508419 -1.42877108 -0.01383819 -0.62507823 0.77854031 0.05441238
1563003668.60654092 17.30048040 -48.92155209 -1.49433637 -0.00623388 -0.62576253 0.77886114 0.04192513
1563003669.10667610 17.31035098 -49.37916192 -1.56002891 0.00296986 -0.62692317 0.77857104 0.02802949
1563003669.63993406 17.33633298 -49.85412720 -1.62887177 0.01246018 -0.62726511 0.77861617 0.01183590
1563003670.03990006 17.36163261 -50.21236509 -1.68745729 0.01881970 -0.62873916 0.77738795 0.00092575
1563003670.53991199 17.39453790 -50.67670492 -1.76043384 0.02294752 -0.62956005 0.77660648 -0.00314943
1563003671.10686898 17.39543445 -51.20490418 -1.83832884 0.01861788 -0.62938987 0.77686654 0.00039211
1563003671.64071894 17.38015042 -51.73622882 -1.91116191 0.01224252 -0.63061532 0.77590885 0.01182808
1563003672.17467093 17.33035686 -52.27141431 -1.99215537 0.00565112 -0.63040193 0.77585638 0.02466460
1563003672.67543602 17.27238712 -52.76352337 -2.06264155 -0.00461109 -0.63058295 0.77511696 0.03921191
1563003673.24258590 17.18132144 -53.31055454 -2.14083363 -0.01639799 -0.62946034 0.77436575 0.06219709
1563003673.80956507 17.10331210 -53.84312713 -2.21518682 -0.02222861 -0.63111575 0.77195685 0.07267337
1563003674.37658811 17.05181180 -54.38103442 -2.30165167 -0.01937129 -0.63312409 0.77071936 0.06906741
1563003674.81007290 17.03943123 -54.78960462 -2.36425201 -0.01586171 -0.63523031 0.76979752 0.06035421
1563003675.27721596 17.03209830 -55.23243456 -2.43525763 -0.00841866 -0.63568585 0.77049081 0.04665342
1563003675.77766490 17.05300734 -55.69500040 -2.51845010 0.00617794 -0.63727030 0.77033653 0.02073707
1563003676.24445701 17.10486029 -56.13574708 -2.60132227 0.01957369 -0.63866686 0.76922959 -0.00271280
1563003676.54449511 17.12928718 -56.42909841 -2.65484978 0.02535586 -0.63913909 0.76853887 -0.01436370
1563003676.97805905 17.16168734 -56.87537195 -2.72967160 0.02774181 -0.63929038 0.76821672 -0.01952613
1563003677.71150208 17.18890057 -57.59907795 -2.85454723 0.02700682 -0.64031953 0.76749354 -0.01466971
1563003678.34502792 17.18608181 -58.18385648 -2.95324743 0.01923036 -0.64070650 0.76753795 -0.00329544
1563003678.84536195 17.16017010 -58.62292285 -3.03270308 0.01532939 -0.64143455 0.76697282 0.00891195
1563003679.74577498 17.08987120 -59.22187559 -3.13336693 0.00645302 -0.64228059 0.76608635 0.02336038
1563003680.74632001 17.01315625 -59.76532698 -3.24175660 -0.00134775 -0.64446586 0.76360065 0.03969882
1563003681.27940512 16.96806836 -60.02648201 -3.29162609 -0.00796491 -0.64539936 0.76215516 0.05015713
1563003681.54636002 16.94118753 -60.15999175 -3.31621155 -0.01131458 -0.64587145 0.76126293 0.05657559
1563003681.81299305 16.90298255 -60.29338635 -3.34140158 -0.01813039 -0.64591241 0.76030793 0.06633467
1563003682.04688692 16.84868657 -60.41264231 -3.36257582 -0.02665477 -0.64442255 0.75979802 0.08195162
1563003682.31368208 16.74938868 -60.53914080 -3.38223759 -0.04400823 -0.64122299 0.75765084 0.11340880
1563003682.64758492 16.59689545 -60.67949823 -3.40275183 -0.06978343 -0.63545695 0.75206630 0.16037774
1563003683.01454091 16.41370942 -60.80968054 -3.42158624 -0.09847435 -0.62760929 0.74326044 0.20969809
1563003683.34800291 16.23623453 -60.91243106 -3.43540026 -0.12221987 -0.61823956 0.73285394 0.25645127
1563003683.68163300 16.01917437 -60.96844785 -3.44062319 -0.15328052 -0.60340869 0.71668320 0.31427411
1563003683.94873405 15.83142563 -60.98548171 -3.44016855 -0.18235487 -0.58830993 0.69981994 0.36178748
1563003684.14873505 15.69963944 -60.99171970 -3.43768313 -0.20230227 -0.57668681 0.68528707 0.39609058
1563003684.41557288 15.52513053 -60.98259477 -3.43096019 -0.22564837 -0.56029032 0.66729433 0.43574745
1563003684.71579409 15.33751680 -60.97435736 -3.42399536 -0.24476532 -0.54390991 0.64875561 0.47261835
1563003685.01622200 15.15345861 -60.99593422 -3.42364772 -0.25625668 -0.53320215 0.64024206 0.49001845
1563003685.31629300 14.97890554 -61.03104537 -3.42615379 -0.26223477 -0.52682623 0.63483038 0.50067697
1563003685.61653900 14.80383503 -61.06678241 -3.42630603 -0.26650245 -0.52070581 0.62841410 0.51277444
1563003685.88316011 14.64610303 -61.08434509 -3.42332412 -0.27292784 -0.51390725 0.62176552 0.52423026
1563003686.15008497 14.48535119 -61.09447609 -3.42103689 -0.28004064 -0.50745224 0.61323685 0.53666566
1563003686.41697788 14.32199331 -61.06866144 -3.41106385 -0.29290552 -0.49455709 0.59793436 0.55865387
1563003686.75012708 14.11424153 -61.00479610 -3.39236130 -0.31233732 -0.47391907 0.57495616 0.58929749
1563003687.18396401 13.84495031 -60.89596635 -3.36377897 -0.33572267 -0.44619386 0.54319572 0.62700856
1563003687.55117393 13.61245468 -60.79527433 -3.33424652 -0.35253458 -0.42337461 0.51832059 0.65407727
1563003687.88468194 13.37909408 -60.69015541 -3.30415638 -0.36522383 -0.40394515 0.49745700 0.67526025
1563003688.55190992 12.85669882 -60.53827813 -3.25085244 -0.37285582 -0.39062806 0.48469591 0.68808294
1563003688.85203910 12.59899269 -60.53309938 -3.23946809 -0.36641302 -0.40099782 0.49693916 0.67675234
1563003689.11895704 12.36496886 -60.53994569 -3.23401159 -0.36034109 -0.41126862 0.50768144 0.66578674
1563003689.45267701 12.06895502 -60.55146328 -3.22637119 -0.35273583 -0.42156154 0.52183303 0.65234468
1563003689.85267806 11.70188415 -60.58704353 -3.22567993 -0.34375186 -0.43610659 0.53632332 0.63561230
1563003690.31940198 11.25977149 -60.61385234 -3.21866831 -0.33664722 -0.44392590 0.54698231 0.62482702
1563003690.75277710 10.83219394 -60.63189208 -3.20882137 -0.33548952 -0.44611128 0.55014003 0.62110986
1563003691.21974802 10.36324199 -60.64486010 -3.19648796 -0.33307746 -0.44805390 0.55271231 0.61872143
1563003691.75341201 9.80940814 -60.63990957 -3.17969271 -0.33413009 -0.44617068 0.55234779 0.61983928
1563003692.18708611 9.35889612 -60.63214670 -3.16460533 -0.33614057 -0.44293313 0.54986915 0.62326855
1563003692.65409994 8.86355107 -60.60970956 -3.14702863 -0.34087342 -0.43796331 0.54523467 0.62826158
1563003693.05424094 8.45531664 -60.58375793 -3.12185648 -0.34211144 -0.43267601 0.54190861 0.63410275
1563003693.48797297 8.02791734 -60.54678238 -3.09927663 -0.34271111 -0.42839689 0.53654507 0.64120557
1563003693.95504808 7.59498515 -60.49347431 -3.07894223 -0.34926239 -0.42272668 0.52973179 0.64707199
1563003694.35521102 7.23509357 -60.44567110 -3.05427448 -0.35254384 -0.41690214 0.52476012 0.65309437
1563003694.82216597 6.81982418 -60.38640959 -3.02033206 -0.35613669 -0.41058295 0.51865693 0.65998735
1563003695.22241092 6.45183037 -60.33296309 -3.00040094 -0.35886220 -0.40759037 0.51711270 0.66157575
1563003695.62272000 6.07383316 -60.29566254 -2.98093417 -0.35962596 -0.41171957 0.51773507 0.65810832
1563003696.02283406 5.70439043 -60.27397880 -2.96388066 -0.35920607 -0.41454442 0.52284968 0.65249684
1563003696.48964000 5.30128003 -60.24851797 -2.94569318 -0.35733879 -0.41553821 0.52609833 0.65027496
1563003696.88962889 4.96505746 -60.22142682 -2.92880234 -0.35576462 -0.41676359 0.52641723 0.65009579
1563003697.28985500 4.63193606 -60.19275514 -2.91298514 -0.35528072 -0.41781029 0.52612447 0.64992554
1563003697.75663209 4.29705857 -60.16504033 -2.89320152 -0.35548362 -0.41721124 0.52513187 0.65100131
1563003698.62374592 4.03840293 -60.13784948 -2.87695244 -0.35645300 -0.41581962 0.52398599 0.65228367
1563003699.39072299 3.77303930 -60.09565630 -2.85774082 -0.35776677 -0.41403593 0.52046012 0.65551389
1563003699.95767808 3.48999898 -60.05191368 -2.84082272 -0.36017962 -0.40959889 0.51749227 0.65931869
1563003700.75770593 3.25574601 -60.01941910 -2.82630523 -0.36185300 -0.40725199 0.51564864 0.66129774
1563003704.85954499 3.23688529 -60.02088760 -2.82506869 -0.36223941 -0.40651254 0.51565731 0.66153436
1563003707.26067996 3.04580994 -60.00800439 -2.81690295 -0.36183164 -0.40836721 0.51549255 0.66074316
1563003707.89410400 2.81426056 -59.98010090 -2.80220060 -0.36080029 -0.40932310 0.51631129 0.66007606
1563003708.46106911 2.52230418 -59.94579404 -2.78803434 -0.36247015 -0.41024498 0.51644996 0.65847846
1563003708.89438009 2.24848204 -59.92538977 -2.77641341 -0.36186851 -0.41062932 0.51659597 0.65845528
1563003709.32772589 1.93498639 -59.89959170 -2.76726606 -0.35925465 -0.41318530 0.51788273 0.65727580
1563003709.62794805 1.69088201 -59.88511225 -2.75849982 -0.35949733 -0.41471025 0.51898533 0.65531009
1563003709.92796111 1.42967906 -59.87228727 -2.74830692 -0.35762167 -0.41735672 0.52087922 0.65315002
1563003710.19506192 1.18013085 -59.85738375 -2.73587477 -0.35613968 -0.41947895 0.52350119 0.65049861
1563003710.46207190 0.91701656 -59.84450886 -2.72377129 -0.35628468 -0.42039059 0.52704734 0.64695755
1563003710.72858810 0.63720146 -59.83602626 -2.71683378 -0.35575752 -0.42258394 0.52794916 0.64508068
1563003710.96258211 0.39754404 -59.82626679 -2.70761038 -0.35504971 -0.42472387 0.53043471 0.64201897
1563003711.16254807 0.18857163 -59.81998686 -2.69777503 -0.35569709 -0.42552111 0.53164017 0.64013287
1563003711.36251307 -0.00579051 -59.83224437 -2.68887523 -0.35552392 -0.42605461 0.53163028 0.63988237
1563003711.66260195 -0.28963544 -59.82205679 -2.67976497 -0.35477483 -0.42797835 0.53349306 0.63745942
1563003711.96285510 -0.55774344 -59.82485881 -2.66666820 -0.35536807 -0.42819809 0.53459660 0.63605535
1563003712.26283312 -0.81826150 -59.82457677 -2.65538956 -0.35728513 -0.42892089 0.53522852 0.63395949
1563003712.52938199 -1.03797134 -59.82914171 -2.64839976 -0.35797822 -0.43077163 0.53610215 0.63157096
1563003712.76301694 -1.23213843 -59.83657955 -2.64406759 -0.35830550 -0.43198392 0.53604124 0.63060832
1563003713.06319690 -1.49679166 -59.85000105 -2.64555059 -0.35826459 -0.43192640 0.53683288 0.62999724
1563003713.49676800 -1.86220753 -59.86822078 -2.63379287 -0.35796958 -0.43302512 0.53544277 0.63059342
1563003713.99699998 -2.23146869 -59.86648275 -2.63690788 -0.35821564 -0.43008387 0.53381915 0.63383478
1563003714.63027501 -2.57350312 -59.86709369 -2.62768103 -0.35872229 -0.43137786 0.52921223 0.63652641
1563003715.26413107 -2.89299944 -59.85266534 -2.61848926 -0.36220268 -0.42989825 0.52640462 0.63788313
1563003716.06442189 -3.22072464 -59.82846493 -2.60135952 -0.36790558 -0.42763281 0.52151920 0.64015107
1563003716.79772902 -3.45327411 -59.76152544 -2.58818122 -0.37705832 -0.41782713 0.50705909 0.65279291
1563003717.16454697 -3.52531031 -59.69026315 -2.57735926 -0.38675154 -0.40346591 0.48942735 0.66940225
1563003717.56473804 -3.60276756 -59.60205290 -2.56326384 -0.39815469 -0.38644623 0.46742291 0.68822088
1563003717.86468101 -3.64846298 -59.52403365 -2.55101671 -0.40759755 -0.37026727 0.44902737 0.70366242
1563003718.13111091 -3.66739579 -59.45104539 -2.53794302 -0.41756525 -0.35292301 0.42692672 0.72029035
1563003718.36478090 -3.67138411 -59.38045324 -2.52753796 -0.42528014 -0.33512777 0.40529664 0.73658727
1563003718.63118601 -3.66476069 -59.28703861 -2.51068385 -0.43724167 -0.31045874 0.37548999 0.75593806
1563003718.79815412 -3.65413015 -59.22028292 -2.49886795 -0.44457502 -0.29240331 0.35352346 0.76933382
1563003719.03114390 -3.63032470 -59.11558693 -2.48174469 -0.45561619 -0.26279498 0.31833176 0.78868091
1563003719.16472101 -3.60849490 -59.05020956 -2.47084445 -0.46249482 -0.24377857 0.29544165 0.79961540
1563003719.36468697 -3.57441210 -58.94583740 -2.45487627 -0.47198738 -0.21504394 0.25984794 0.81453242
1563003719.66492796 -3.55439118 -58.88985446 -2.44560940 -0.47645429 -0.19972117 0.24065768 0.82169741
1563003720.66533804 -3.53159970 -58.80396399 -2.43215855 -0.48168880 -0.18006647 0.21598549 0.83000135
1563003720.99921298 -3.50641983 -58.73309911 -2.41849536 -0.48508291 -0.16178455 0.19492466 0.83697354
1563003721.23212910 -3.48188552 -58.66631524 -2.40641652 -0.48762895 -0.14470284 0.17570377 0.84285662
1563003721.43209410 -3.45464926 -58.59968670 -2.39510752 -0.49011752 -0.12774352 0.15366063 0.84844258
1563003721.66566801 -3.41608270 -58.51097692 -2.38124845 -0.49295401 -0.10737200 0.12605014 0.85415395
1563003721.93223095 -3.36850091 -58.38343835 -2.36227899 -0.49481267 -0.08113556 0.09224186 0.86027257
1563003722.19937205 -3.30141477 -58.23992611 -2.34564388 -0.49662704 -0.05385997 0.05738612 0.86438852
1563003722.46545911 -3.22859683 -58.07992467 -2.31477568 -0.49851879 -0.02495576 0.02355140 0.86619949
1563003722.76552606 -3.16260346 -57.89333344 -2.28231934 -0.49924462 -0.00314496 -0.00396651 0.86644630
1563003724.33316994 -3.17676684 -57.61481881 -2.24073427 -0.50210369 -0.01084821 0.01001057 0.86468144
1563003724.93358707 -3.24510829 -57.52998670 -2.22483390 -0.50195219 -0.03187901 0.03384091 0.86364490
1563003726.00062203 -3.31061375 -57.13871093 -2.16300935 -0.50315460 -0.03856016 0.04623480 0.86209681
1563003726.43390989 -3.26530660 -56.89060667 -2.12089574 -0.50308879 -0.01862631 0.02214693 0.86375011
1563003726.90028811 -3.18407137 -56.58339320 -2.06796808 -0.50227482 0.00782674 -0.00990057 0.86461594
1563003727.36703110 -3.05361661 -56.23580132 -2.01392955 -0.50170880 0.03986727 -0.04845435 0.86275782
1563003728.00042605 -2.90386018 -55.70020264 -1.93202464 -0.50305830 0.05432781 -0.06777850 0.85987610
1563003728.23362088 -2.91126479 -55.48863945 -1.89812216 -0.50511652 0.04095855 -0.05138403 0.86054598
1563003728.46669888 -2.93370743 -55.27791319 -1.86428565 -0.50632782 0.02564546 -0.03452104 0.86126810
1563003728.73324895 -2.95434275 -55.06907423 -1.83075557 -0.50665052 0.01356471 -0.01819678 0.86185273
1563003729.46640611 -2.91791149 -54.57400413 -1.75818976 -0.50815026 0.01534594 -0.02130346 0.86086815
1563003730.49910092 -2.81708055 -54.16384658 -1.70705600 -0.50878887 0.03027927 -0.04117847 0.85937267
1563003737.96906996 -2.81784877 -54.16396992 -1.70634498 -0.50914239 0.03028710 -0.04102885 0.85917015
1563003738.20264792 -2.82022557 -54.16351299 -1.70555140 -0.50918346 0.03053789 -0.04116118 0.85913061
1563003739.00470400 -2.81471824 -54.17145112 -1.70265098 -0.50993293 0.03010174 -0.04055197 0.85873036
1563003741.30593300 -2.81492293 -54.17149246 -1.70307113 -0.50981909 0.03005248 -0.04052343 0.85880102
1563003746.70938611 -2.78062974 -54.05143512 -1.67474297 -0.50948490 0.03873800 -0.05111600 0.85808605
1563003748.14384294 -2.56921742 -53.47295827 -1.58884047 -0.50742788 0.06568338 -0.08902432 0.85456264
1563003748.91128802 -2.47103233 -52.98101977 -1.51277129 -0.50877266 0.06329083 -0.08268624 0.85458039
1563003749.21148396 -2.45863606 -52.75085226 -1.48120216 -0.51098196 0.05328909 -0.06996560 0.85508042
1563003749.44472599 -2.47117790 -52.55858891 -1.45520420 -0.51257711 0.04329037 -0.05520700 0.85577032
1563003749.64505911 -2.48781496 -52.38403275 -1.43117913 -0.51412117 0.03342191 -0.04318874 0.85597729
1563003749.91180706 -2.50582108 -52.16828738 -1.40094886 -0.51357742 0.02278701 -0.02657930 0.85732872
1563003750.31181312 -2.54295050 -51.91883733 -1.36474652 -0.51522180 0.00937047 -0.01323734 0.85690341
1563003750.77823305 -2.58511830 -51.65863230 -1.32606483 -0.51399665 0.00007510 -0.00069391 0.85779191
1563003751.21201897 -2.62727717 -51.39420426 -1.29048461 -0.51551880 -0.01439365 0.01506723 0.85662487
1563003751.61243391 -2.69227752 -51.08382573 -1.25222114 -0.51710008 -0.02495014 0.03105274 0.85499750
1563003751.94605803 -2.75565633 -50.83058742 -1.21464300 -0.51713210 -0.03883970 0.04586786 0.85379272
1563003752.37981606 -2.86040733 -50.44718608 -1.16627230 -0.51688474 -0.05390945 0.06341813 0.85199887
1563003752.84713006 -3.00076098 -50.06793842 -1.11893634 -0.51663331 -0.06919264 0.08123894 0.84953083
1563003753.34738398 -3.14763401 -49.66669940 -1.06859967 -0.51391811 -0.08706106 0.09967354 0.84756931
1563003753.81408095 -3.30965618 -49.29944885 -1.03198565 -0.51487074 -0.10153546 0.11530437 0.84338815
1563003754.48119402 -3.53702579 -48.79766090 -0.96764969 -0.51342652 -0.11491836 0.13633613 0.83940421
1563003755.14863491 -3.78086073 -48.26394261 -0.89341423 -0.51178325 -0.12321945 0.14471648 0.83782576
1563003755.84897089 -3.99879851 -47.64878592 -0.82514521 -0.50929832 -0.12129669 0.14740281 0.83915120
1563003756.44922304 -4.17895164 -47.10169240 -0.76678424 -0.51237935 -0.11813249 0.14399453 0.83831837
1563003756.91573906 -4.30640253 -46.65201212 -0.72018189 -0.51453226 -0.11051071 0.12711010 0.84076570
1563003757.31592607 -4.37894023 -46.24973994 -0.67622997 -0.51580722 -0.09528517 0.10696804 0.84464282
1563003757.68335390 -4.42814276 -45.87531573 -0.63950860 -0.51938176 -0.08255808 0.08688517 0.84609557
1563003758.01622391 -4.45939604 -45.53313184 -0.60689482 -0.52239996 -0.07123924 0.06599582 0.84715277
1563003758.38347602 -4.46005745 -45.18256227 -0.56536587 -0.52402714 -0.05416245 0.04956300 0.84853137
1563003758.74982405 -4.45915197 -44.85234807 -0.53151307 -0.52532232 -0.04239862 0.03395773 0.84916765
1563003759.14989901 -4.44780363 -44.49136668 -0.49166882 -0.52518092 -0.03032320 0.01919570 0.85023352
1563003759.64984012 -4.42802331 -44.12155291 -0.44223105 -0.52213772 -0.01903699 0.00416217 0.85263853
1563003760.11701012 -4.41506591 -43.76958571 -0.40487451 -0.52389289 -0.01498737 -0.00668562 0.85162605
1563003760.48387504 -4.40641965 -43.48888286 -0.37666919 -0.52614520 -0.01237276 -0.01157320 0.85022597
1563003760.98407102 -4.38672090 -43.15664531 -0.34497210 -0.52957666 -0.00752711 -0.01499538 0.84809613
1563003761.48437095 -4.36561300 -42.81208734 -0.30588563 -0.52871912 -0.00257763 -0.02087881 0.84853611
1563003761.88460994 -4.33825722 -42.52596833 -0.27382782 -0.52799709 0.00223520 -0.02448936 0.84889007
1563003762.25124002 -4.31227128 -42.25547070 -0.24531294 -0.52843725 0.00499921 -0.02957193 0.84844244
1563003762.58523202 -4.27884680 -42.00392780 -0.22363214 -0.53003776 0.00829557 -0.03357680 0.84726841
1563003762.91870594 -4.25594803 -41.74882771 -0.19992382 -0.53001944 0.00989833 -0.03559192 0.84718040
1563003763.11904097 -4.24135514 -41.59616368 -0.18677993 -0.53011531 0.01050231 -0.03659886 0.84707024
1563003763.48573208 -4.19868057 -41.30574527 -0.15953277 -0.53048864 0.01488815 -0.03871689 0.84667653
1563003764.08602905 -4.14607400 -40.81603280 -0.11559063 -0.53173126 0.01774087 -0.04206813 0.84568162
1563003764.61953402 -4.08553746 -40.34360303 -0.07571288 -0.53079488 0.02351976 -0.04573609 0.84593843
1563003765.18603706 -4.00071966 -39.81394617 -0.02601230 -0.52988686 0.02779792 -0.05763392 0.84565095
1563003765.61986899 -3.90470311 -39.40013317 0.01462377 -0.52945471 0.03560126 -0.06812493 0.84484866
1563003766.05306411 -3.80472531 -38.99214047 0.05301051 -0.52975617 0.04240591 -0.07575941 0.84369465
1563003766.52035904 -3.67980525 -38.56016919 0.09413161 -0.53136677 0.04912027 -0.08423560 0.84151109
1563003767.25432801 -3.51858617 -37.84772035 0.15628223 -0.53267037 0.05145326 -0.08748523 0.84021496
1563003768.08813000 -3.37590973 -37.01646350 0.23554485 -0.53073172 0.04263956 -0.07668640 0.84298571
1563003768.85484290 -3.24802288 -36.24220198 0.30107190 -0.53315591 0.03842227 -0.07587712 0.84173105
1563003769.55476093 -3.13284926 -35.55600094 0.36195139 -0.53314964 0.03412372 -0.06983183 0.84244320
1563003770.15458989 -3.05282763 -34.97401992 0.40991468 -0.53234700 0.03037258 -0.06665167 0.84335149
1563003770.75375795 -2.97538874 -34.41593859 0.45407151 -0.53330724 0.02559493 -0.06353263 0.84314405
1563003771.25196290 -2.91414911 -33.94873381 0.48890588 -0.53683968 0.02347309 -0.06093197 0.84115365
1563003771.78549695 -2.83805168 -33.44579222 0.52918976 -0.53841739 0.02252351 -0.06097731 0.84016735
1563003772.25240302 -2.77352381 -32.99273564 0.56760210 -0.53699404 0.02253414 -0.06538961 0.84074598
1563003772.68602490 -2.69066334 -32.56466365 0.59888249 -0.53603071 0.02968396 -0.07187229 0.84060949
1563003773.11962390 -2.59477399 -32.14981788 0.62847517 -0.53547474 0.03697607 -0.08024676 0.83991668
1563003773.48629189 -2.50087077 -31.80723549 0.65629973 -0.53529000 0.04664363 -0.09267144 0.83827263
1563003773.75318003 -2.41094227 -31.56404807 0.67576252 -0.53357361 0.05607714 -0.10838913 0.83690283
1563003773.95318103 -2.32829414 -31.39326744 0.69436502 -0.53139866 0.06943925 -0.12271231 0.83530554
1563003774.12010598 -2.25430211 -31.26022970 0.70590442 -0.52997759 0.07904547 -0.13543719 0.83338607
1563003774.25343990 -2.19163596 -31.15822054 0.71489002 -0.52860160 0.08703355 -0.14640122 0.83160820
1563003774.38677406 -2.12474663 -31.05887104 0.72446615 -0.52695044 0.09650873 -0.15878581 0.82933489
1563003774.52010703 -2.05381527 -30.96346530 0.73416245 -0.52537944 0.10574279 -0.17126010 0.82671935
1563003774.68702197 -1.95856162 -30.84930300 0.74550804 -0.52293308 0.11847090 -0.18652876 0.82323305
1563003774.88702202 -1.84066825 -30.71410694 0.75925682 -0.52008975 0.13357207 -0.20521941 0.81826044
1563003775.08726096 -1.72578276 -30.59886555 0.77053210 -0.51715104 0.14655399 -0.22207270 0.81348660
1563003775.32059407 -1.59643887 -30.47086025 0.78469056 -0.51311793 0.16108298 -0.24145868 0.80774994
1563003775.72083092 -1.37588211 -30.26480609 0.80486734 -0.50755550 0.17853656 -0.26746155 0.79936001
1563003776.32104897 -1.08835221 -29.92893618 0.83692834 -0.50460444 0.18605512 -0.27647364 0.79644220
1563003776.68798399 -0.97094039 -29.66832715 0.85770370 -0.51015652 0.16864386 -0.25377978 0.80429808
1563003777.05465198 -0.86852664 -29.38484917 0.87704779 -0.51674242 0.14841190 -0.22648698 0.81219138
1563003777.35488200 -0.80450563 -29.13830118 0.89548505 -0.52077252 0.13014001 -0.20396875 0.81869183
1563003777.65513802 -0.75137641 -28.88334658 0.91616677 -0.52445129 0.11210582 -0.17964268 0.82468881
1563003777.98847198 -0.70793183 -28.59578656 0.93706398 -0.52840328 0.09158648 -0.15209359 0.83022252
1563003778.32201910 -0.68296142 -28.29868601 0.95533613 -0.53278017 0.06996674 -0.12381498 0.83421807
1563003778.72218704 -0.67379763 -27.93221063 0.97918620 -0.53750620 0.04609126 -0.09267286 0.83688376
1563003779.32248998 -0.64761068 -27.37778921 1.01653150 -0.53844086 0.02686553 -0.06678006 0.83958330
1563003779.72272801 -0.57517811 -26.99298132 1.04382179 -0.53701179 0.03182462 -0.07347559 0.83976596
1563003780.22292805 -0.46680247 -26.49956830 1.08458544 -0.53619003 0.04046156 -0.08602418 0.83872699
1563003780.75655508 -0.33171224 -25.96987184 1.12266059 -0.53408763 0.04983855 -0.09711944 0.83835216
1563003781.25679302 -0.18676086 -25.47587888 1.15796496 -0.53609632 0.05779963 -0.10657362 0.83540529
1563003781.69037795 -0.05726480 -25.03853417 1.18358927 -0.53719865 0.06221789 -0.11288053 0.83354936
1563003782.09037900 0.04963440 -24.63106332 1.20590660 -0.53737852 0.06516424 -0.11554016 0.83284358
1563003782.49062705 0.16019052 -24.21645705 1.22935743 -0.53884163 0.06531375 -0.11404627 0.83209210
1563003782.85755897 0.24462858 -23.83568438 1.25482578 -0.54107059 0.06525637 -0.11573701 0.83041506
1563003783.19103193 0.32734671 -23.49889831 1.27379701 -0.54054125 0.06387423 -0.11396646 0.83111184
1563003783.49103189 0.38906292 -23.19255066 1.29492686 -0.54091955 0.06518205 -0.11503961 0.83061617
1563003783.82467389 0.45934623 -22.85365837 1.31892783 -0.54000951 0.06605915 -0.11678042 0.83089605
1563003784.15823102 0.53966008 -22.53581069 1.34063618 -0.53932036 0.06408274 -0.11503301 0.83174176
1563003784.52489805 0.62000587 -22.18855188 1.36506783 -0.53674989 0.06465493 -0.11309855 0.83362343
1563003784.89183092 0.70971862 -21.84487347 1.39497851 -0.53669932 0.06818745 -0.11744322 0.83277332
1563003785.29203606 0.84148460 -21.45850578 1.41509063 -0.53591259 0.07572133 -0.12658812 0.83128781
1563003785.65899301 0.94141311 -21.11982387 1.43739686 -0.53690747 0.07279511 -0.12189556 0.83160851
1563003785.99232697 0.97229857 -20.80549387 1.45587069 -0.54013066 0.05571734 -0.10009251 0.83374813
1563003786.19254589 0.95204723 -20.61933015 1.46647139 -0.54243186 0.03784863 -0.07649896 0.83575300
1563003786.39254594 0.92360270 -20.43428634 1.47364430 -0.54329689 0.02060783 -0.05335052 0.83759031
1563003786.62610888 0.89191319 -20.22041660 1.48472987 -0.54391181 0.00444371 -0.03280808 0.83848901
1563003787.05944300 0.86755503 -19.79714162 1.50369717 -0.54389889 -0.00815038 -0.01814274 0.83891502
1563003787.52638006 0.87190856 -19.34945923 1.52948071 -0.54389937 -0.01086064 -0.01688548 0.83891025
1563003787.92662191 0.87027284 -18.98952295 1.54684597 -0.54356546 -0.01212753 -0.01709673 0.83910501
1563003788.49353290 0.87200445 -18.58310586 1.57081351 -0.54306284 -0.01337571 -0.01388261 0.83947074
1563003789.19396591 0.83765049 -18.19552387 1.58963539 -0.54298647 -0.02342686 -0.00129221 0.83941361
1563003789.89421201 0.83570406 -17.80749975 1.61255059 -0.54223614 -0.01963220 -0.00577161 0.83997693
1563003790.26119399 0.88913477 -17.56809177 1.62745661 -0.54281227 -0.00383540 -0.02657330 0.83942480
1563003790.62809300 0.96131549 -17.30073241 1.64167755 -0.54255527 0.01215427 -0.04839416 0.83853686
1563003790.96142697 1.03602356 -17.03300655 1.65815407 -0.54169412 0.02614381 -0.06604143 0.83756941
1563003791.32835698 1.12856392 -16.72749447 1.67823766 -0.54159669 0.03909276 -0.08376528 0.83554064
1563003791.86189103 1.29639454 -16.26226180 1.71339768 -0.53806433 0.05504705 -0.10600499 0.83439771
1563003792.29541707 1.43269251 -15.88172049 1.74242991 -0.53552051 0.06645668 -0.11990467 0.83332117
1563003792.79565692 1.61089212 -15.43507118 1.77419862 -0.53477290 0.07468800 -0.13208167 0.83126054
1563003793.19595695 1.73136136 -15.07240364 1.80232236 -0.53470635 0.08069499 -0.13957570 0.82951556
1563003793.52929091 1.81570290 -14.76819987 1.82460475 -0.53578323 0.08198354 -0.14148055 0.82837086
1563003793.82943106 1.89246571 -14.49151470 1.84319719 -0.53669192 0.08152366 -0.14071972 0.82795751
1563003794.09609795 1.95103498 -14.24210724 1.85975351 -0.53813561 0.08129701 -0.14067411 0.82704998
1563003794.49636602 2.05589520 -13.86739172 1.88358422 -0.53730933 0.07691053 -0.13307770 0.82926098
1563003794.82994390 2.12110671 -13.55161579 1.90339469 -0.53659573 0.07262511 -0.12754471 0.83097711
1563003795.39690709 2.24870372 -12.99542647 1.93253374 -0.53937343 0.05770611 -0.10792640 0.83312556
1563003795.86375690 2.27393142 -12.53109468 1.96675530 -0.54416515 0.04775197 -0.09508874 0.83220320
1563003796.23075795 2.30375822 -12.16610065 1.98761697 -0.54593114 0.03981104 -0.08288180 0.83276940
1563003796.69765091 2.35464740 -11.70361985 2.00235070 -0.54628000 0.02567515 -0.06478590 0.83469859
1563003797.09765196 2.38348597 -11.30812405 2.02144238 -0.54839301 0.01749929 -0.05451898 0.83425809
1563003797.56446910 2.40855969 -10.82592459 2.04608616 -0.55011607 0.01157585 -0.04896585 0.83357102
1563003797.99812198 2.43005644 -10.36696601 2.07618210 -0.55022881 0.01351813 -0.04980293 0.83341777
1563003798.43168497 2.50834286 -9.94196119 2.09334234 -0.55317070 0.01000491 -0.05188942 0.83139014
1563003798.83192992 2.53262638 -9.51533591 2.10614795 -0.55187915 0.01643941 -0.05372922 0.83202904
1563003799.19884396 2.59126861 -9.14687096 2.12164410 -0.55093090 0.01993091 -0.05753560 0.83232659
1563003799.53217793 2.64701656 -8.81579908 2.13647728 -0.55082101 0.02317875 -0.06070077 0.83209036
1563003799.80086589 2.69094887 -8.54522930 2.14900256 -0.55150266 0.02386485 -0.06278342 0.83146469
1563003800.06890202 2.73199539 -8.27151835 2.16166056 -0.55143301 0.02637345 -0.06655582 0.83114162
1563003800.36991692 2.79683792 -7.96378963 2.17459643 -0.55084784 0.02928546 -0.07010760 0.83114015
1563003800.67072201 2.84688766 -7.64136838 2.18367594 -0.54924792 0.03242329 -0.07641385 0.83152653
1563003801.00443912 2.94093530 -7.28453913 2.20479143 -0.54988494 0.03507951 -0.08046186 0.83061536
1563003801.27160192 3.02137401 -6.98720556 2.21763293 -0.54829927 0.03682511 -0.08373334 0.83126443
1563003801.57183409 3.08748355 -6.66735530 2.23442516 -0.54807443 0.03991495 -0.08754470 0.83087733
1563003801.87232709 3.16758372 -6.34804925 2.26336995 -0.54813494 0.04295508 -0.09047762 0.83037145
1563003802.20612001 3.25991767 -6.01515331 2.28553279 -0.54952198 0.04155528 -0.09472495 0.82905123
1563003802.40625906 3.29303519 -5.83738466 2.29727302 -0.54998431 0.04283203 -0.09676470 0.82844388
1563003802.84001493 3.42277161 -5.37724668 2.31338672 -0.54976067 0.04732266 -0.10082469 0.82786361
1563003803.24033594 3.53565018 -4.99946970 2.32028658 -0.55060504 0.04863251 -0.10634761 0.82653442
1563003803.64038301 3.64490328 -4.62703072 2.32456771 -0.55206230 0.05174589 -0.11214844 0.82460434
1563003804.07411408 3.77967266 -4.21644845 2.34782818 -0.55360433 0.05393157 -0.11736201 0.82270274
1563003804.54085207 3.93436192 -3.78254105 2.37579297 -0.55239115 0.05768323 -0.12258699 0.82250173
1563003804.97464108 4.10061784 -3.39382041 2.39211613 -0.55210281 0.06305599 -0.13473654 0.82039777
1563003805.50842690 4.38181768 -2.92320576 2.41746158 -0.54501628 0.09324120 -0.17122449 0.81544191
1563003805.87549496 4.60811810 -2.64565244 2.42956735 -0.53984455 0.11617062 -0.20109657 0.80909358
1563003806.20916104 4.83309492 -2.39630643 2.44773970 -0.53439784 0.13618177 -0.22868199 0.80223315
1563003806.54240203 5.08017973 -2.17894991 2.46873622 -0.52852415 0.15678384 -0.25586622 0.79411179
1563003806.80945396 5.29574136 -2.01570210 2.49286086 -0.52384118 0.17519498 -0.27816271 0.78582609
1563003807.07599401 5.51928647 -1.87830314 2.52356298 -0.52165075 0.19131022 -0.30329939 0.77413848
1563003807.30961990 5.72945750 -1.76067220 2.54163229 -0.51701701 0.20676874 -0.32652832 0.76375347
1563003807.54274511 5.94457673 -1.66848037 2.56453196 -0.51095553 0.22272372 -0.34963589 0.75304272
1563003807.77625299 6.16230957 -1.58314433 2.57521832 -0.50212950 0.23922482 -0.37306641 0.74260279
1563003807.97616100 6.35717286 -1.52902849 2.59042645 -0.49431080 0.25435805 -0.39247710 0.73274862
1563003808.17634797 6.55460538 -1.48048972 2.59677027 -0.48710930 0.26811858 -0.41310132 0.72123800
1563003808.40965891 6.79878332 -1.44038297 2.60608740 -0.47845095 0.28324821 -0.43785207 0.70649891
1563003808.64281893 7.03156852 -1.43294058 2.62508633 -0.46926105 0.30003763 -0.46139649 0.69056844
