1563003603.74419498 0.87299992 0.02599999 0.67999996 -0.39498343 0.40598227 -0.59997466 0.56497512
1563003603.87740111 0.95133113 0.01785361 0.68286337 -0.39448625 0.40644823 -0.60088154 0.56402288
1563003604.84459496 1.48157266 -0.04943034 0.68160475 -0.39140812 0.41041037 -0.60531332 0.55853272
1563003606.04504991 2.40140156 -0.16201215 0.68762256 -0.38690359 0.41467651 -0.61401335 0.54894136
1563003606.91217208 3.09448462 -0.25947308 0.68737295 -0.38590982 0.41681627 -0.61592733 0.54586751
1563003607.97924709 3.96325468 -0.34213044 0.69711432 -0.38890299 0.41447545 -0.61027615 0.55184019
1563003608.71307397 4.55161623 -0.40453901 0.69594735 -0.39030633 0.41370300 -0.60767793 0.55429084
1563003609.24674201 4.99709300 -0.43998847 0.70462756 -0.38827439 0.41474644 -0.60961735 0.55280654
1563003610.11361694 5.78344039 -0.55078244 0.69855701 -0.38555065 0.41906465 -0.61296479 0.54773139
1563003610.84724689 6.48159707 -0.65316579 0.68806434 -0.38487332 0.41872726 -0.61462968 0.54659891
1563003611.54746294 7.14850452 -0.71942259 0.67868135 -0.38617939 0.41783796 -0.61293502 0.54825868
1563003612.28134799 7.84585790 -0.78002976 0.67682697 -0.38943822 0.41559011 -0.61042348 0.55045973
1563003613.08156109 8.61624622 -0.86201249 0.66145774 -0.39415616 0.41433083 -0.60688584 0.55196057
1563003613.81533194 9.33460855 -0.94854974 0.64578579 -0.39505132 0.41476903 -0.60592106 0.55205142
1563003614.51552010 10.01494169 -1.01243833 0.64505098 -0.39152569 0.41684734 -0.60700576 0.55180607
1563003615.24931598 10.70866880 -1.10472132 0.64102225 -0.38963227 0.41821500 -0.60799195 0.55102513
1563003615.91626191 11.35672649 -1.14898564 0.63426617 -0.39067605 0.41927285 -0.60943079 0.54788375
1563003616.51650810 11.95040513 -1.19435254 0.63343633 -0.38784124 0.42227565 -0.61084739 0.54601091
1563003617.11653900 12.51744464 -1.27160791 0.63311837 -0.38878646 0.42069908 -0.60971810 0.54781495
1563003617.75037599 13.11606461 -1.34909038 0.63053506 -0.38702614 0.42198320 -0.61007335 0.54767824
1563003618.31748796 13.64678222 -1.41745175 0.62049169 -0.38853090 0.42062132 -0.61117090 0.54643534
1563003618.75072908 14.05693824 -1.48487109 0.62083854 -0.38518016 0.42468845 -0.61441606 0.54200449
1563003619.31778097 14.62544724 -1.62064033 0.61295827 -0.37953031 0.43064609 -0.62430545 0.52985223
1563003619.75108004 15.08942135 -1.81358677 0.60192446 -0.36445748 0.44222518 -0.64052438 0.51121049
1563003620.05123901 15.37259772 -1.95213983 0.60533119 0.35118962 -0.45306058 0.65590408 -0.49111282
1563003620.31809497 15.61407008 -2.09894871 0.60142334 0.33815600 -0.46264207 0.67102123 -0.47047141
1563003620.55137110 15.81252313 -2.24583584 0.60426025 0.32261223 -0.47235444 0.68526928 -0.45078670
1563003620.75132489 15.97469935 -2.38703667 0.60044569 0.31037160 -0.48103269 0.69620152 -0.43310561
1563003620.98483992 16.15436685 -2.55198544 0.60299065 0.29576630 -0.48900859 0.71067959 -0.41027724
1563003621.18479395 16.29252575 -2.71443663 0.60595060 0.28188058 -0.49582774 0.72240447 -0.39093476
1563003621.38496208 16.43062379 -2.89062031 0.60465145 0.26805383 -0.50259877 0.73476858 -0.36831611
1563003621.61818004 16.57411108 -3.10498760 0.60156722 0.25108124 -0.50922834 0.74852087 -0.34258023
1563003621.81836605 16.67698830 -3.28632696 0.60553160 0.23631147 -0.51587630 0.75878130 -0.31981162
1563003622.05163002 16.77707809 -3.51189609 0.61369939 0.21624059 -0.52292705 0.77101233 -0.29210838
1563003622.35179996 16.88508798 -3.84343418 0.61589951 0.18774794 -0.53255372 0.78571583 -0.25256263
1563003622.61840892 16.94075594 -4.15980811 0.62487332 0.15956861 -0.54084018 0.79780311 -0.21340092
1563003622.88514495 16.96703073 -4.46847168 0.62974574 0.13042593 -0.54969692 0.80698693 -0.17203041
1563003623.15175390 16.96628041 -4.75687146 0.63356350 0.10292039 -0.55687580 0.81409149 -0.12865372
1563003623.41863108 16.94249148 -5.04635073 0.64146725 0.07529408 -0.56104616 0.81919851 -0.09204244
1563003623.68503094 16.94032852 -5.32141260 0.64177451 0.05908168 -0.56452823 0.82024814 -0.07078290
1563003624.45118189 17.06858285 -6.12133921 0.65179144 0.05829113 -0.56492017 0.82001786 -0.07097926
1563003625.21841407 17.11807138 -6.96228744 0.65276260 0.03918168 -0.56684249 0.82172332 -0.04387675
1563003625.98576093 17.11147544 -7.80361674 0.66618265 0.01973854 -0.56638254 0.82369850 -0.01849286
1563003626.61949205 17.09596528 -8.50386101 0.67572101 0.00943976 -0.56732674 0.82343517 -0.00240243
1563003627.15305996 17.07827903 -9.09553325 0.67881636 0.00445424 -0.56826920 0.82282169 0.00384057
1563003627.68645692 17.04833392 -9.70135919 0.67907305 0.00155309 -0.56954282 0.82192873 0.00719271
1563003628.22005796 17.03264532 -10.29665635 0.68101207 0.00097987 -0.57018964 0.82148000 0.00730871
1563003628.82079506 17.03944934 -10.98663399 0.67307673 0.00661797 -0.57042884 0.82131767 0.00210292
1563003629.45440006 17.06800169 -11.70164210 0.67392783 0.01111108 -0.57088980 0.82093717 -0.00485272
1563003630.08788991 17.08103657 -12.45362842 0.67492582 0.01344139 -0.57016701 0.82136158 -0.00969841
1563003630.72152901 17.10240227 -13.21161052 0.66499384 0.01488769 -0.57106532 0.82071275 -0.00966117
1563003631.38870811 17.09902896 -13.97251946 0.66425983 0.01287584 -0.57117354 0.82070498 -0.00619202
1563003632.02241397 17.10057715 -14.70116744 0.66004049 0.00963001 -0.57218224 0.82006665 -0.00233259
1563003632.62288308 17.09331443 -15.38554433 0.65026014 0.00913351 -0.57327281 0.81931344 0.00058763
1563003633.18983507 17.08658833 -16.03413053 0.64236362 0.00782162 -0.57253188 0.81983777 0.00347974
1563003633.65668201 17.09991919 -16.57943417 0.63711934 0.00618412 -0.57340243 0.81923649 0.00479348
1563003634.15676308 17.10555256 -17.15156874 0.63456413 0.00713390 -0.57334697 0.81927473 0.00335747
1563003634.59039211 17.11555300 -17.64196832 0.63721326 0.00762242 -0.57281701 0.81964462 0.00229651
1563003634.99065495 17.11391827 -18.09658894 0.63492174 0.00827144 -0.57284159 0.81962348 0.00120098
1563003635.35772610 17.11315345 -18.51225861 0.63246946 0.00680183 -0.57327115 0.81933713 -0.00076294
1563003635.79111600 17.11985486 -19.00307610 0.62797603 0.00770901 -0.57418682 0.81868775 -0.00066246
1563003636.19103599 17.10523315 -19.47561645 0.62345276 0.00817961 -0.57495078 0.81814610 -0.00128744
1563003636.62477899 17.10995429 -19.99139321 0.61551683 0.00911513 -0.57579421 0.81754321 -0.00102488
1563003637.19172692 17.10085083 -20.66541366 0.60944548 0.00880810 -0.57556209 0.81771026 -0.00078994
1563003637.72519994 17.09073622 -21.29351307 0.59475737 0.00590550 -0.57557523 0.81772677 0.00110095
1563003638.19210792 17.08580299 -21.82818756 0.58413535 0.00537956 -0.57681094 0.81684370 0.00515432
1563003638.55909491 17.09837356 -22.24973210 0.57966680 0.00282744 -0.57728737 0.81648168 0.00943237
1563003639.02576399 17.06962976 -22.79764416 0.56330664 0.00087900 -0.57760881 0.81622662 0.01189111
1563003639.65937304 17.07152679 -23.55800472 0.55235291 -0.00368261 -0.57893436 0.81514876 0.01881332
1563003640.29305696 17.06148278 -24.32297285 0.53859807 -0.00772202 -0.58362837 0.81170625 0.02124285
1563003640.89387393 17.05613116 -25.05029549 0.52178890 -0.01203446 -0.58383283 0.81126904 0.02892982
1563003641.46102500 17.01057373 -25.70932986 0.50002981 -0.01181553 -0.58492687 0.81030361 0.03360075
1563003641.99475908 16.96396634 -26.31959825 0.47988993 -0.01153448 -0.58483083 0.81037154 0.03373175
1563003642.49508595 16.92833172 -26.88214820 0.45473591 -0.01057330 -0.58632104 0.80927314 0.03453744
1563003642.89512300 16.89827448 -27.32573481 0.43344408 -0.00828624 -0.58806700 0.80820869 0.03012049
1563003643.29487991 16.86688769 -27.76122160 0.42011730 -0.00510848 -0.58818428 0.80838695 0.02288466
1563003643.66167808 16.85814120 -28.18523058 0.39873946 -0.00156044 -0.58926093 0.80769373 0.01999905
1563003644.02856994 16.85189683 -28.58737976 0.38243007 0.00573067 -0.58842078 0.80839936 0.01478597
1563003644.39564896 16.86819782 -28.99909188 0.36196336 0.00833370 -0.58780207 0.80891631 0.00858365
1563003644.96257806 16.89765653 -29.66957187 0.33255431 0.01429574 -0.58864029 0.80826777 0.00120736
1563003645.49638391 16.92074037 -30.29128184 0.29906619 0.02196896 -0.59040084 0.80678361 -0.00666420
1563003646.06338906 16.98394889 -30.92251453 0.26820723 0.02862956 -0.58914423 0.80727618 -0.01986407
1563003646.53055811 17.05550692 -31.43907962 0.23944560 0.03362751 -0.59102428 0.80543896 -0.02876764
1563003646.93088388 17.12119169 -31.88697494 0.21362909 0.03658717 -0.59435050 0.80267859 -0.03340572
1563003647.39795995 17.16299660 -32.41429625 0.18668055 0.04056249 -0.59407888 0.80247708 -0.03815091
1563003648.16485596 17.24593575 -33.33218215 0.12933083 0.04155003 -0.59339768 0.80298821 -0.03691496
1563003648.76495600 17.28253732 -34.02749844 0.11535205 0.03827176 -0.59801657 0.79995010 -0.03148489
1563003649.29855895 17.31438642 -34.64988623 0.08229329 0.03384711 -0.60141869 0.79774871 -0.02733023
1563003649.76537609 17.33937482 -35.18020710 0.03365361 0.03336435 -0.60263986 0.79695158 -0.02408751
1563003650.23224401 17.36574221 -35.67656888 -0.00949109 0.03299281 -0.60397218 0.79603224 -0.02148840
1563003650.73235202 17.39284894 -36.18858565 -0.05375672 0.03078374 -0.60543726 0.79506231 -0.01933916
1563003651.19907808 17.42632371 -36.65232110 -0.09108112 0.03118284 -0.60722504 0.79375238 -0.01620327
1563003651.59920502 17.46470290 -37.05323241 -0.12831963 0.02829541 -0.60834331 0.79308484 -0.01158582
1563003652.06609201 17.47775247 -37.43180252 -0.16126953 0.02742542 -0.60872309 0.79285973 -0.00880272
1563003652.29929805 17.48587076 -37.60955722 -0.17568699 0.02683678 -0.60863096 0.79294618 -0.00919181
1563003652.69935799 17.50283508 -37.92809860 -0.20550106 0.02890221 -0.60831117 0.79309575 -0.01101425
1563003653.09977889 17.53521359 -38.27349141 -0.23774966 0.03018676 -0.60857932 0.79283953 -0.01120087
1563003653.53330898 17.58379391 -38.67470309 -0.27498254 0.03094234 -0.61029083 0.79150798 -0.01013860
1563003653.90014601 17.58956675 -39.02025307 -0.31219872 0.03061296 -0.61217708 0.79005158 -0.01098002
1563003654.23338699 17.60650564 -39.32683492 -0.34169382 0.02628787 -0.61286970 0.78969940 -0.00863365
1563003654.66708899 17.62127261 -39.73388874 -0.38491465 0.02653280 -0.61331117 0.78935731 -0.00777566
1563003655.00061607 17.63314642 -40.05060725 -0.41808560 0.02607667 -0.61233803 0.79013959 -0.00644689
1563003655.36756492 17.64060388 -40.39645671 -0.46052515 0.02656246 -0.61351392 0.78921894 -0.00534568
1563003655.76755404 17.65211780 -40.76050000 -0.50407043 0.02588491 -0.61400538 0.78886430 -0.00452586
1563003656.10109401 17.66861285 -41.06143512 -0.53635636 0.02419229 -0.61341677 0.78937938 -0.00384645
1563003656.53404403 17.67179048 -41.43698134 -0.57683148 0.02538237 -0.61297587 0.78968705 -0.00326999
1563003656.96834707 17.68167420 -41.78462569 -0.61548547 0.02493628 -0.61233856 0.79019602 -0.00314864
1563003657.43512988 17.68493475 -42.15212896 -0.65649596 0.02406575 -0.61192049 0.79054811 -0.00280088
1563003657.83522296 17.69004908 -42.46169225 -0.69173705 0.02238842 -0.61236174 0.79026056 0.00032321
1563003658.36926103 17.72617084 -42.90593375 -0.74729462 0.01693049 -0.61256270 0.79020928 0.00704130
1563003658.90295601 17.75735079 -43.34967742 -0.79690414 0.01088637 -0.61345260 0.78954135 0.01348567
1563003659.40304995 17.77873654 -43.77023940 -0.83656078 0.00536422 -0.61377688 0.78922769 0.01920488
1563003660.00309110 17.74680113 -44.25313831 -0.88476980 0.00205877 -0.61589257 0.78755819 0.02059623
1563003660.50304294 17.72418136 -44.63647308 -0.93209893 -0.00003920 -0.61859521 0.78539747 0.02215370
1563003661.00285292 17.69961105 -44.96956933 -0.97196704 -0.00020308 -0.62024762 0.78409621 0.02204511
1563003661.13597798 17.69805199 -45.05949505 -0.98151104 -0.00069046 -0.62041890 0.78395587 0.02220574
1563003661.20269108 17.69299346 -45.10299780 -0.98463624 -0.00081638 -0.62051806 0.78386448 0.02265273
1563003661.30264497 17.68859714 -45.17051047 -0.99030518 -0.00087407 -0.62024332 0.78408301 0.02261162
1563003661.83621907 17.65503284 -45.52418349 -1.03581618 -0.00107616 -0.62025779 0.78404998 0.02333991
1563003662.26955891 17.64290954 -45.77778577 -1.06403203 -0.00199421 -0.62134400 0.78310333 0.02601606
1563003662.40314102 17.64285484 -45.81453748 -1.06828898 -0.00212473 -0.62126852 0.78315786 0.02616640
1563003662.43643999 17.64383213 -45.82067882 -1.06994185 -0.00232370 -0.62113505 0.78325982 0.02626609
1563003662.46958804 17.64095081 -45.82510885 -1.07027450 -0.00228028 -0.62118939 0.78321855 0.02621540
1563003662.70307207 17.63906639 -45.84820758 -1.07334080 -0.00244401 -0.62098042 0.78337613 0.02644196
1563003663.20341396 17.64157195 -45.86865202 -1.07439830 -0.00278316 -0.62133312 0.78311429 0.02587300
1563003663.57011199 17.63809702 -45.87554496 -1.07251515 -0.00263109 -0.62148425 0.78300523 0.02555807
1563003663.80366611 17.64040741 -45.88455078 -1.07632723 -0.00307022 -0.62130157 0.78314406 0.02569646
1563003664.00389290 17.64154358 -45.90032838 -1.07973097 -0.00266461 -0.62148363 0.78298674 0.02612983
1563003664.27045608 17.63792552 -45.93705378 -1.08512441 -0.00249969 -0.62130993 0.78312123 0.02624605
1563003664.50434995 17.63925391 -45.98581399 -1.09793873 -0.00277034 -0.62062050 0.78364197 0.02697755
1563003664.77087808 17.63557905 -46.05767597 -1.10754902 -0.00326952 -0.62049824 0.78372613 0.02728733
1563003664.90471601 17.63536377 -46.09994264 -1.11637682 -0.00304858 -0.62024653 0.78391164 0.02770348
1563003665.03799105 17.63565520 -46.14708422 -1.12286634 -0.00234022 -0.62024026 0.78388860 0.02855193
1563003665.17123199 17.63002648 -46.19903533 -1.13019981 -0.00274796 -0.62007331 0.78399442 0.02922838
1563003665.30477405 17.62639728 -46.25393882 -1.13897904 -0.00299265 -0.62004482 0.78397406 0.03033368
1563003665.40500307 17.62294853 -46.29760690 -1.14575080 -0.00349161 -0.61984509 0.78408302 0.03152269
1563003665.50503802 17.62039921 -46.34323982 -1.15309136 -0.00299856 -0.61994989 0.78394743 0.03285669
1563003666.30553699 17.56706965 -46.79880407 -1.21006987 -0.00876892 -0.62048156 0.78310056 0.04097875
1563003666.83905101 17.52168411 -47.18469414 -1.25445472 -0.01370112 -0.62041377 0.78276526 0.04666460
1563003667.33926511 17.46991130 -47.62780210 -1.31544127 -0.01734769 -0.62074456 0.78189738 0.05487928
1563003667.83950996 17.41892639 -48.12115982 -1.38871637 -0.01684189 -0.62261366 0.78030528 0.05650009
1563003668.23961210 17.38450569 -48.54066791 -1.43856748 -0.01365447 -0.62296503 0.78049112 0.05061356
1563003668.70652890 17.37645594 -49.00025781 -1.49958067 -0.00509606 -0.62375678 0.78071041 0.03731988
1563003669.23988199 17.39306709 -49.48176461 -1.56328364 0.00442749 -0.62458548 0.78061769 0.02256993
1563003669.80648494 17.42384654 -49.98882602 -1.63658976 0.01462307 -0.62609601 0.77958620 0.00594170
1563003670.00662398 17.43747923 -50.16849697 -1.65906984 0.01758262 -0.62701009 0.77881105 0.00159473
1563003670.37325597 17.46073592 -50.50802371 -1.71163429 0.02212335 -0.62758635 0.77822470 -0.00349773
1563003670.90678692 17.46821124 -51.00946278 -1.78196349 0.02112788 -0.62835457 0.77762948 -0.00406666
1563003671.17344308 17.46044867 -51.25629744 -1.81796009 0.01916592 -0.62846818 0.77759842 0.00105360
1563003671.80755997 17.43265875 -51.88805234 -1.90941764 0.01122768 -0.62825998 0.77779106 0.01429733
1563003672.37518001 17.36566061 -52.45956549 -1.99355994 0.00276182 -0.62911675 0.77681748 0.02755164
1563003672.97582603 17.28808263 -53.04751342 -2.07372449 -0.00834423 -0.62852721 0.77612532 0.05013398
1563003673.57619691 17.20608527 -53.61491689 -2.14871525 -0.02083264 -0.62886327 0.77410411 0.06971233
1563003674.14301896 17.14567785 -54.14948817 -2.22433731 -0.02290404 -0.63096418 0.77218568 0.07133636
1563003674.61000299 17.11381974 -54.59053357 -2.29802848 -0.01624384 -0.63300947 0.77138136 0.06329263
1563003675.07708812 17.10383641 -55.04141029 -2.36555550 -0.00884393 -0.63401194 0.77161519 0.05060277
1563003675.61092901 17.11688486 -55.53807229 -2.44817955 0.00321400 -0.63475894 0.77223936 0.02677934
1563003676.07789493 17.16585732 -55.97488232 -2.52538369 0.01636961 -0.63733832 0.77040334 0.00325674
1563003676.47794390 17.20486639 -56.36200132 -2.59275907 0.02660845 -0.63804105 0.76940730 -0.01442270
1563003676.94463205 17.24667391 -56.84426029 -2.67340950 0.02989471 -0.63793459 0.76919400 -0.02205369
1563003677.64482307 17.28117921 -57.54811601 -2.79098832 0.02955066 -0.63905584 0.76841746 -0.01640088
1563003678.31169510 17.28288293 -58.16065801 -2.89544027 0.02287185 -0.63984907 0.76814399 -0.00498563
1563003678.97895098 17.24358958 -58.72400242 -2.99300645 0.01644018 -0.64021671 0.76796947 0.00867087
1563003679.84579802 17.17479754 -59.28280587 -3.08834992 0.00936364 -0.64114935 0.76705124 0.02173090
1563003680.91298199 17.10736090 -59.83775169 -3.19128091 -0.00067285 -0.64452167 0.76360315 0.03875049
1563003681.34604907 17.07031532 -60.05415787 -3.23233308 -0.00522995 -0.64527930 0.76242296 0.04794274
1563003681.57975197 17.04709312 -60.17218747 -3.25456244 -0.00873916 -0.64600215 0.76134327 0.05441757
1563003681.81299305 17.01332121 -60.28889932 -3.27592370 -0.01503341 -0.64609595 0.76052792 0.06270010
1563003682.04688692 16.96020382 -60.40600136 -3.29562929 -0.02347934 -0.64482461 0.75997987 0.07797780
1563003682.31368208 16.86151183 -60.53520382 -3.31670856 -0.04084130 -0.64151958 0.75811004 0.10978972
1563003682.64758492 16.70954830 -60.67667077 -3.33701637 -0.06661563 -0.63584731 0.75284163 0.15649292
1563003682.98125410 16.54391100 -60.79715649 -3.35370262 -0.09251309 -0.62916992 0.74510983 0.20099222
1563003683.34800291 16.35050923 -60.90859586 -3.36828909 -0.11842006 -0.61923496 0.73436462 0.25146243
1563003683.68163300 16.13539074 -60.96858481 -3.37306294 -0.15003711 -0.60466808 0.71833399 0.30961533
1563003683.94873405 15.94808275 -60.98734768 -3.37243657 -0.17916528 -0.58984218 0.70171069 0.35719478
1563003684.11535501 15.83683186 -60.99570501 -3.37065967 -0.19557351 -0.58058831 0.68992156 0.38558586
1563003684.38197494 15.66149064 -60.98891954 -3.36423472 -0.21957968 -0.56405539 0.67261753 0.42568995
1563003684.68240190 15.47256957 -60.98103234 -3.35706659 -0.23965870 -0.54716061 0.65347122 0.46492401
1563003684.98280811 15.28806087 -61.00268741 -3.35608784 -0.25219041 -0.53600604 0.64390903 0.48423000
1563003685.24959111 15.13243188 -61.03559859 -3.35818087 -0.25797611 -0.53055841 0.63881852 0.49382891
1563003685.51651502 14.97667237 -61.06708660 -3.35724922 -0.26229413 -0.52427679 0.63399830 0.50436276
1563003685.81653905 14.80039994 -61.09633457 -3.35787707 -0.26785421 -0.51809384 0.62667044 0.51683369
1563003686.08341789 14.64269098 -61.11161948 -3.35609951 -0.27445498 -0.51214081 0.61882044 0.52862796
1563003686.41697788 14.43714628 -61.08836310 -3.34568546 -0.28968577 -0.49711097 0.60131752 0.55441869
1563003686.71686292 14.24842978 -61.03483173 -3.32885490 -0.30712701 -0.47873918 0.58106911 0.58210006
1563003686.85013795 14.16482672 -61.00309821 -3.32264011 -0.31466533 -0.47037192 0.57137689 0.59436053
1563003686.98381209 14.08343119 -60.97130815 -3.31305429 -0.32223287 -0.46169339 0.56173699 0.60618210
1563003687.18396401 13.96371527 -60.92081265 -3.29810036 -0.33241440 -0.44923988 0.54756373 0.62278259
1563003687.41775894 13.81744216 -60.86047635 -3.28044431 -0.34265114 -0.43623942 0.53153000 0.64012594
1563003687.81798100 13.54168769 -60.74064975 -3.24573590 -0.35933098 -0.41162183 0.50552337 0.66775358
1563003688.45188689 13.05721251 -60.58206548 -3.19628633 -0.37070798 -0.39232635 0.48621920 0.68720195
1563003688.75199199 12.80073802 -60.57160074 -3.18435095 -0.36443194 -0.40142749 0.49760871 0.67707526
1563003689.01894498 12.56810737 -60.57771370 -3.17906295 -0.35822571 -0.41079886 0.50815589 0.66685548
1563003689.31899190 12.30556478 -60.58987154 -3.17192729 -0.35073829 -0.42131975 0.52036236 0.65474829
1563003689.68602204 11.97509780 -60.61961112 -3.16744460 -0.34226944 -0.43472224 0.53478739 0.63864752
1563003690.18611503 11.50930639 -60.67022064 -3.16104645 -0.33346379 -0.44718774 0.54851513 0.62286128
1563003690.65280008 11.05150635 -60.70111946 -3.15067913 -0.33206988 -0.45013035 0.55300683 0.61749146
1563003691.15309310 10.54838248 -60.72230616 -3.13757484 -0.32947247 -0.45231643 0.55568331 0.61487706
1563003691.58667493 10.10475520 -60.73322339 -3.12419425 -0.33058063 -0.45109913 0.55659258 0.61435390
1563003692.05376291 9.61971311 -60.74005995 -3.10824413 -0.33243849 -0.44903312 0.55332075 0.61781070
1563003692.52079010 9.12539445 -60.73143706 -3.09297471 -0.33668196 -0.44401159 0.54841962 0.62348607
1563003693.05424094 8.58311975 -60.70260545 -3.06854507 -0.33759556 -0.43842730 0.54189094 0.63258592
1563003693.52131796 8.12239033 -60.67064988 -3.04369592 -0.33940377 -0.43385062 0.53534468 0.64030055
1563003694.02179599 7.65636584 -60.61765872 -3.02114227 -0.34622775 -0.42788674 0.52817655 0.64658241
1563003694.48885489 7.23587388 -60.57182843 -2.98913254 -0.35319782 -0.41922339 0.52568876 0.65050318
1563003694.92241001 6.85740836 -60.51917455 -2.96084735 -0.35478051 -0.41462431 0.51856995 0.65825730
1563003695.35573292 6.45308794 -60.47058072 -2.93751937 -0.35715362 -0.41378635 0.51763633 0.65823611
1563003695.78937507 6.03848212 -60.44477240 -2.92112726 -0.35773357 -0.41830389 0.52040470 0.65286101
1563003696.28943205 5.58621745 -60.41851400 -2.90102199 -0.35769392 -0.41999524 0.52844325 0.64529589
1563003696.72292709 5.21860029 -60.39488046 -2.88603339 -0.35578946 -0.42103168 0.52997620 0.64441556
1563003697.12316489 4.88494931 -60.37002910 -2.87227986 -0.35515835 -0.42231842 0.52930664 0.64447201
1563003697.52333307 4.56452791 -60.34846041 -2.85967691 -0.35504515 -0.42218269 0.52873603 0.64509141
1563003698.09024501 4.28849369 -60.32756419 -2.84399420 -0.35455381 -0.42255066 0.52768243 0.64598281
1563003699.15734291 3.98089901 -60.28910805 -2.82867807 -0.35665902 -0.41994576 0.52437385 0.64920872
1563003699.72411799 3.72963770 -60.25404630 -2.81553446 -0.35755079 -0.41755537 0.52119177 0.65281244
1563003700.22432303 3.47312070 -60.21512563 -2.79878141 -0.36009532 -0.41377438 0.51886135 0.65567143
1563003702.52523589 3.35414516 -60.20198573 -2.79580051 -0.35994896 -0.41374064 0.51882728 0.65580003
1563003706.56052494 3.31546651 -60.19911064 -2.79138585 -0.36012555 -0.41369156 0.51947889 0.65521795
1563003707.66079307 3.02540496 -60.18317227 -2.77974340 -0.36003540 -0.41568022 0.51846737 0.65480994
1563003708.32738900 2.71525813 -60.14702973 -2.76422186 -0.36083105 -0.41596651 0.51993819 0.65302151
1563003708.76101208 2.45885516 -60.12783403 -2.75806922 -0.35999812 -0.41777995 0.52036435 0.65198329
1563003709.16130209 2.18385849 -60.11400718 -2.74753634 -0.35995220 -0.41835005 0.52162130 0.65063728
1563003709.56151295 1.86908960 -60.09642036 -2.74005596 -0.35921230 -0.42059618 0.52404017 0.64764749
1563003709.86151409 1.61151929 -60.08362413 -2.73575528 -0.35664016 -0.42291199 0.52491422 0.64685262
1563003709.92796111 1.55787064 -60.08720075 -2.73144013 -0.35681747 -0.42346412 0.52615476 0.64538407
1563003709.96171689 1.53258601 -60.09352165 -2.73346469 -0.35766827 -0.42267151 0.52651617 0.64513791
1563003709.99503899 1.50617957 -60.09407308 -2.72907392 -0.35773088 -0.42304635 0.52682230 0.64460738
1563003710.06169391 1.44830859 -60.09908777 -2.72496564 -0.35910336 -0.42350213 0.52676022 0.64359489
1563003710.09503889 1.43800233 -60.09710455 -2.71233481 -0.36039548 -0.42558541 0.52528784 0.64270120
1563003710.12812901 1.42371852 -60.07346999 -2.67928296 -0.36056215 -0.43408421 0.52518735 0.63698044
1563003710.16169405 1.39589068 -60.06906763 -2.67849920 -0.35978818 -0.43481958 0.52580109 0.63640994
1563003710.19506192 1.36393165 -60.04316035 -2.69113789 -0.35351355 -0.43627762 0.52398170 0.64041642
1563003710.26175189 1.30194299 -60.06095919 -2.67833983 -0.35904128 -0.43520993 0.52665098 0.63586195
1563003710.29507399 1.26411052 -60.03869905 -2.69092722 -0.35289309 -0.43701148 0.52478717 0.63959820
1563003710.32814097 1.23102513 -60.03779851 -2.68979480 -0.35233497 -0.43658592 0.52510097 0.63993888
1563003710.36177611 1.19555951 -60.03064981 -2.69057956 -0.35141615 -0.43802512 0.52552457 0.63911236
1563003710.56216502 0.99317951 -60.02672499 -2.68740681 -0.35187837 -0.43858930 0.52708764 0.63718102
1563003710.76222301 0.78364051 -60.02883904 -2.68704854 -0.35131428 -0.44054833 0.52797229 0.63540593
1563003710.96258211 0.57251423 -60.03375628 -2.68406202 -0.35193199 -0.44159696 0.52848502 0.63390818
1563003711.16254807 0.36264367 -60.03331521 -2.68161746 -0.35239708 -0.44218940 0.52914855 0.63268210
1563003711.39576507 0.12524344 -60.04113229 -2.67368670 -0.35250410 -0.44333837 0.52964404 0.63140251
1563003711.72893310 -0.19704879 -60.04670077 -2.66970825 -0.35282827 -0.44418331 0.52939438 0.63083674
1563003711.96285510 -0.40224277 -60.05067776 -2.66084711 -0.35461778 -0.44470317 0.53073585 0.62833493
1563003712.26283312 -0.65787166 -60.05301456 -2.65971896 -0.35650815 -0.44541116 0.53130578 0.62627870
1563003712.49637294 -0.84791517 -60.05581426 -2.65871837 -0.35591747 -0.44755360 0.53241122 0.62414487
1563003712.76301694 -1.07271492 -60.06012753 -2.66539687 -0.35535211 -0.44919120 0.53253427 0.62318488
1563003713.09643698 -1.37754474 -60.07082130 -2.67112305 -0.35441886 -0.44976154 0.53388309 0.62215005
1563003713.52976489 -1.74464950 -60.09000721 -2.67201409 -0.35421332 -0.45117580 0.53352817 0.62154727
1563003713.99699998 -2.08624031 -60.09057976 -2.67931575 -0.35484179 -0.44935383 0.53275415 0.62317049
1563003714.63027501 -2.42964187 -60.09741366 -2.68004906 -0.35551258 -0.45068810 0.52857460 0.62537983
1563003715.26413107 -2.74896273 -60.09084089 -2.67912475 -0.35960867 -0.44937997 0.52538330 0.62666708
1563003716.16442204 -3.11104664 -60.07546492 -2.67724735 -0.36542004 -0.44541177 0.51950453 0.63102425
1563003716.89769411 -3.32748724 -59.99962549 -2.66740667 -0.37614006 -0.43216488 0.50090863 0.64872391
1563003717.19783497 -3.38589574 -59.94296436 -2.65834029 -0.38432618 -0.42098820 0.48580664 0.66261167
1563003717.49803710 -3.44707038 -59.87899869 -2.64869497 -0.39224660 -0.40899573 0.46958429 0.67701972
1563003717.83096504 -3.50351026 -59.79495456 -2.63483215 -0.40272229 -0.39172326 0.44981092 0.69428940
1563003718.09819508 -3.52808659 -59.72058738 -2.62311491 -0.41134224 -0.37450912 0.42921686 0.71155701
1563003718.36478090 -3.53471289 -59.64177062 -2.60880235 -0.42032251 -0.35471672 0.40493868 0.73043118
1563003718.63118601 -3.53085461 -59.54902962 -2.59095500 -0.43176840 -0.32983858 0.37556334 0.75082271
1563003718.83108091 -3.52002142 -59.46834410 -2.57452174 -0.44045643 -0.30785298 0.34957869 0.76747600
1563003719.03114390 -3.50163164 -59.37815263 -2.55681403 -0.45024171 -0.28214739 0.31879477 0.78488543
1563003719.16472101 -3.48341140 -59.31230300 -2.54434798 -0.45672807 -0.26299694 0.29601492 0.79662240
1563003719.36468697 -3.45211611 -59.20774378 -2.52572611 -0.46582878 -0.23412338 0.26075720 0.81252414
1563003719.66492796 -3.43418625 -59.15071876 -2.51527116 -0.47001629 -0.21880573 0.24191771 0.82017349
1563003720.66533804 -3.41659417 -59.06547623 -2.49887621 -0.47540930 -0.19871151 0.21664841 0.82919431
1563003721.03215194 -3.39119726 -58.98453343 -2.48164602 -0.47876381 -0.17838558 0.19366560 0.83753056
1563003721.26558995 -3.36365977 -58.91714339 -2.46761373 -0.48140270 -0.16080188 0.17354791 0.84396405
1563003721.49932599 -3.33622438 -58.83620282 -2.45080392 -0.48436804 -0.14055235 0.14677322 0.85093493
1563003721.79926896 -3.28447424 -58.69727488 -2.42172697 -0.48702689 -0.11283441 0.11047475 0.85899275
1563003722.03246093 -3.23416536 -58.57370356 -2.39723408 -0.48840853 -0.08919076 0.08122046 0.86423686
1563003722.33232188 -3.16353244 -58.40386081 -2.36642518 -0.49055170 -0.05700053 0.04192594 0.86853450
1563003722.59939194 -3.09970338 -58.24446112 -2.33271682 -0.49120710 -0.03178191 0.01095988 0.87039381
1563003722.86549091 -3.05913950 -58.06861061 -2.30031907 -0.49254482 -0.01786732 -0.00494117 0.87008962
1563003723.99987102 -3.07159142 -57.87773234 -2.27054732 -0.49451271 -0.02391812 0.00665734 0.86881573
1563003724.93358707 -3.15551966 -57.77302141 -2.25355230 -0.49439392 -0.05016966 0.03685230 0.86700609
1563003725.76685500 -3.23314534 -57.49930244 -2.20766377 -0.49534447 -0.06321719 0.05631410 0.86456126
1563003726.03411698 -3.22952277 -57.37062978 -2.18444312 -0.49556682 -0.05588026 0.04733652 0.86547685
1563003726.46690607 -3.19029390 -57.11998885 -2.13975660 -0.49544150 -0.03486044 0.02271698 0.86764417
1563003726.96693110 -3.10289243 -56.78535644 -2.07917466 -0.49383699 -0.00648097 -0.01295366 0.86943386
1563003727.43387198 -2.98135404 -56.43192076 -2.01354029 -0.49330105 0.02583385 -0.05298300 0.86785914
1563003728.03399110 -2.86910901 -55.91993694 -1.91860487 -0.49517898 0.03516529 -0.06425052 0.86569802
1563003728.26691890 -2.88790574 -55.71194733 -1.88020975 -0.49803573 0.02090601 -0.04868046 0.86553658
1563003728.49996209 -2.91424262 -55.50555663 -1.84502494 -0.49893356 0.00628768 -0.03085914 0.86606783
1563003728.79976606 -2.94029006 -55.27877046 -1.80701808 -0.49995200 -0.00626577 -0.01602341 0.86588220
1563003729.49979711 -2.90421117 -54.81423621 -1.72629738 -0.50090480 -0.00097582 -0.02037176 0.86526205
1563003737.53573608 -2.82809967 -54.41834855 -1.66449101 -0.50265181 0.01436912 -0.04161189 0.86336732
1563003738.20264792 -2.82907994 -54.41963967 -1.66369800 -0.50273481 0.01443806 -0.04155713 0.86332049
1563003738.93745089 -2.83214949 -54.41698413 -1.66124857 -0.50273942 0.01477554 -0.04168699 0.86330583
1563003739.93906593 -2.83243858 -54.41789380 -1.66036135 -0.50298355 0.01468566 -0.04160927 0.86316890
1563003742.70647001 -2.84454431 -54.40538329 -1.65904301 -0.50197279 0.01621285 -0.04186332 0.86371750
1563003746.94256902 -2.79020724 -54.22340984 -1.62478624 -0.50111694 0.02984860 -0.05947986 0.86281691
1563003748.14384294 -2.61792994 -53.70977120 -1.53155329 -0.49870078 0.05335528 -0.09080896 0.86035137
1563003748.94437790 -2.52004550 -53.19283035 -1.44532987 -0.49888898 0.04937760 -0.08343390 0.86122612
1563003749.21148396 -2.51592921 -52.98583878 -1.41223631 -0.50098084 0.04081590 -0.07193045 0.86149769
1563003749.44472599 -2.53042090 -52.79235427 -1.38307102 -0.50241695 0.03063002 -0.05726507 0.86218311
1563003749.64505911 -2.54924809 -52.61881238 -1.35593210 -0.50395829 0.02058622 -0.04577072 0.86226869
1563003749.91180706 -2.56982627 -52.39995390 -1.31969684 -0.50339475 0.00974839 -0.02962622 0.86349348
1563003750.27818990 -2.60080755 -52.16821852 -1.27417086 -0.50552428 -0.00287984 -0.01679387 0.86264412
1563003750.91170597 -2.67064144 -51.77863633 -1.20701380 -0.50448756 -0.01851343 0.00110166 0.86321975
1563003751.37860489 -2.72379615 -51.48408210 -1.16405234 -0.50655877 -0.03212750 0.02101774 0.86135027
1563003751.81259704 -2.80914983 -51.13776415 -1.11460914 -0.50701957 -0.04666630 0.03773491 0.85984271
1563003752.14656305 -2.89139616 -50.84691874 -1.07547154 -0.50784268 -0.05996696 0.05076855 0.85785916
1563003752.68012595 -3.04258027 -50.40573708 -1.00874712 -0.50693973 -0.07713545 0.07183959 0.85551230
1563003753.11380601 -3.18207644 -50.06232551 -0.95904834 -0.50551915 -0.09223764 0.08741689 0.85340547
1563003753.58075905 -3.32469401 -49.68514056 -0.90734099 -0.50472191 -0.11174743 0.10354260 0.84973363
1563003754.28115892 -3.57043076 -49.14071963 -0.83372571 -0.50387488 -0.12943992 0.12820838 0.84434473
1563003755.04861093 -3.82860735 -48.53673193 -0.75927440 -0.50192661 -0.14131987 0.14321385 0.84118260
1563003755.74895906 -4.06413087 -47.93692534 -0.67413553 -0.49963924 -0.13906074 0.14797670 0.84209598
1563003756.34928107 -4.27160714 -47.39565347 -0.60899489 -0.50162311 -0.13706498 0.14582131 0.84161962
1563003756.81572700 -4.41384780 -46.95130809 -0.55669094 -0.50327348 -0.13155476 0.13034215 0.84404981
1563003757.21593690 -4.50162083 -46.54846579 -0.50149771 -0.50435050 -0.11712875 0.11273959 0.84805732
1563003757.54984593 -4.55619219 -46.21279515 -0.45507977 -0.50659102 -0.10390158 0.09394961 0.85073114
1563003757.91623497 -4.61149899 -45.83996389 -0.41079386 -0.51092920 -0.09034197 0.07340460 0.85170502
1563003758.28349900 -4.63322392 -45.48552691 -0.36381804 -0.51359634 -0.07376539 0.05611753 0.85301131
1563003758.68363309 -4.64111109 -45.12295074 -0.31759921 -0.51447480 -0.05863897 0.03860499 0.85462670
1563003759.04993391 -4.63792382 -44.79207596 -0.27178418 -0.51417415 -0.04530602 0.02457725 0.85613566
1563003759.58363700 -4.63048985 -44.38004673 -0.21382496 -0.51080986 -0.03484441 0.00726764 0.85895654
1563003760.04997206 -4.62527291 -44.03719666 -0.17010790 -0.51136464 -0.02996858 -0.00435851 0.85883007
1563003760.44999599 -4.62088283 -43.73198599 -0.13287529 -0.51340108 -0.02472183 -0.00823090 0.85775312
1563003760.88405800 -4.61245103 -43.44101766 -0.10245641 -0.51643782 -0.02087894 -0.01135343 0.85599483
1563003761.41767001 -4.59827968 -43.08331133 -0.05417345 -0.51602608 -0.01618705 -0.01572078 0.85627561
1563003761.85084701 -4.57179071 -42.77318194 -0.01654804 -0.51495598 -0.00951755 -0.01836948 0.85696693
1563003762.18497896 -4.54934265 -42.52363591 0.01362268 -0.51507021 -0.00699572 -0.02383678 0.85678792
1563003762.58523202 -4.52561487 -42.21968035 0.05446371 -0.51635051 -0.00257625 -0.02831842 0.85590512
1563003762.95161009 -4.51259743 -41.94203298 0.09216259 -0.51654986 -0.00063158 -0.03044653 0.85571540
1563003763.38572001 -4.47820318 -41.60960025 0.13485842 -0.51759661 0.00198691 -0.03245483 0.85500672
1563003764.01937294 -4.41935654 -41.11224004 0.19588346 -0.51883931 0.00646580 -0.03704291 0.85404437
1563003764.61953402 -4.35799893 -40.58943714 0.25979619 -0.51817285 0.01175261 -0.04117527 0.85420335
1563003765.25269198 -4.27252632 -39.97796942 0.34028732 -0.51760591 0.01724526 -0.05563733 0.85363412
1563003765.68629193 -4.18908666 -39.56696582 0.39267654 -0.51640988 0.02574136 -0.06470694 0.85350526
1563003766.05306411 -4.11441153 -39.21876767 0.43719989 -0.51672237 0.03257850 -0.07160491 0.85253116
1563003766.45350599 -4.02290003 -38.84436289 0.48528732 -0.51783127 0.03826275 -0.07929585 0.85094001
1563003767.12104011 -3.85332325 -38.21145563 0.55791339 -0.51819850 0.04201945 -0.08380205 0.85010699
1563003767.82130790 -3.74837910 -37.52387194 0.65139538 -0.51833448 0.03427531 -0.07052101 0.85157581
1563003768.52146506 -3.63226501 -36.84641610 0.73192195 -0.52026785 0.02639346 -0.06784786 0.85089448
1563003769.18825603 -3.54454766 -36.17951927 0.80929720 -0.52003066 0.02332855 -0.06454494 0.85138583
1563003769.85470295 -3.47143249 -35.53578379 0.88633179 -0.52103213 0.02018105 -0.06030876 0.85116455
1563003770.45420790 -3.40474152 -34.96763108 0.95420440 -0.52103287 0.01540259 -0.05749659 0.85145854
1563003771.01969409 -3.35829292 -34.44149239 1.01070339 -0.52407416 0.01209005 -0.05526963 0.84979137
1563003771.45196295 -3.30845687 -34.03891353 1.05197051 -0.52598438 0.01048304 -0.05344877 0.84874835
1563003771.91882992 -3.25088293 -33.59767117 1.10488520 -0.52568848 0.00982309 -0.05338991 0.84894325
1563003772.35240293 -3.18896227 -33.17995975 1.14898378 -0.52555893 0.01171924 -0.05904924 0.84862457
1563003772.81935906 -3.11087462 -32.71821155 1.19545212 -0.52521526 0.01644259 -0.06708781 0.84816142
1563003773.21962500 -3.02923851 -32.33736679 1.23695691 -0.52440519 0.02564098 -0.07541210 0.84773507
1563003773.55295897 -2.94504968 -32.02693759 1.27171892 -0.52455852 0.03629352 -0.08625242 0.84621608
1563003773.78651404 -2.87659836 -31.81625666 1.29724035 -0.52310389 0.04428481 -0.10290684 0.84487358
1563003773.98651409 -2.79849489 -31.64217491 1.32127912 -0.52058262 0.05880418 -0.11731446 0.84366647
1563003774.18677306 -2.71147989 -31.48350144 1.34082625 -0.51881423 0.07102595 -0.13282782 0.84151285
1563003774.32010698 -2.65149099 -31.37993247 1.35480457 -0.51742608 0.07982567 -0.14456356 0.83964248
1563003774.45344090 -2.58405918 -31.28226754 1.36724981 -0.51586500 0.08922137 -0.15734344 0.83735649
1563003774.58702111 -2.51401491 -31.18248898 1.38022649 -0.51377981 0.10003853 -0.16959545 0.83502095
1563003774.75368810 -2.42098021 -31.06714076 1.39576644 -0.51141686 0.11286736 -0.18512727 0.83152970
1563003774.95368910 -2.31359823 -30.93258272 1.41518517 -0.50879034 0.12828983 -0.20402243 0.82646776
1563003775.18726110 -2.18304140 -30.79787604 1.43468521 -0.50546438 0.14354058 -0.22309838 0.82105358
1563003775.48726106 -2.02281784 -30.63430136 1.45875039 -0.50081113 0.16004665 -0.24574276 0.81436096
1563003776.15438199 -1.68170586 -30.26909823 1.50729690 -0.49378291 0.17950523 -0.27308057 0.80584323
1563003776.62131810 -1.53102433 -29.95322993 1.54339602 -0.49873064 0.16356873 -0.25165979 0.81312999
1563003776.98798609 -1.44155349 -29.66407491 1.57440673 -0.50525243 0.14362547 -0.22596405 0.82038525
1563003777.32154894 -1.36841323 -29.39188209 1.60132094 -0.50989578 0.12270314 -0.20117410 0.82733259
1563003777.62180495 -1.32111037 -29.14145340 1.62729290 -0.51346928 0.10464551 -0.17736451 0.83303088
1563003777.95513892 -1.28145427 -28.85156925 1.65618573 -0.51715794 0.08369934 -0.15004816 0.83846743
1563003778.25535202 -1.26416559 -28.58302676 1.67934882 -0.52094831 0.06344467 -0.12499930 0.84199929
1563003778.62218595 -1.25746147 -28.24758009 1.70782416 -0.52555137 0.04113760 -0.09548345 0.84438520
1563003779.15582299 -1.26436770 -27.75293459 1.75764332 -0.52756871 0.01707850 -0.06440844 0.84689500
1563003779.58939409 -1.20759461 -27.34217239 1.79732755 -0.52592812 0.01830177 -0.06664206 0.84771663
1563003780.02272797 -1.12419823 -26.91637462 1.84198152 -0.52507071 0.02566901 -0.07659881 0.84721572
1563003780.52292895 -1.00654691 -26.42531625 1.89524556 -0.52304215 0.03344310 -0.08704263 0.84719068
1563003781.05655599 -0.87095287 -25.89376269 1.95018304 -0.52400495 0.04164955 -0.09724235 0.84512014
1563003781.55679393 -0.73847724 -25.39076592 1.99612160 -0.52603769 0.04807322 -0.10496838 0.84258824
1563003781.95704508 -0.63216571 -24.97898135 2.03560735 -0.52841480 0.05083873 -0.10827154 0.84051799
1563003782.35729408 -0.53835585 -24.56529914 2.07323110 -0.53010701 0.05273358 -0.10801777 0.83936756
1563003782.72422600 -0.45527250 -24.18821819 2.10368759 -0.53173515 0.05000965 -0.10676321 0.83866464
1563003783.05755997 -0.37837551 -23.83840128 2.13168945 -0.53123306 0.05020088 -0.10825127 0.83878064
1563003783.42436600 -0.29790430 -23.46678095 2.16407758 -0.53142066 0.04888266 -0.10610638 0.83901371
1563003783.75800705 -0.24114479 -23.11899471 2.19618030 -0.53066391 0.05046540 -0.10863321 0.83907561
1563003784.05800700 -0.18505638 -22.82317373 2.22402353 -0.52953610 0.04922830 -0.10808515 0.83993196
1563003784.35823107 -0.12857462 -22.53667155 2.25184700 -0.52827466 0.04854518 -0.10685844 0.84092243
1563003784.69183111 -0.06294054 -22.22143061 2.28052150 -0.52695307 0.04948339 -0.10612571 0.84178928
1563003785.15870190 0.06558383 -21.76485939 2.32279857 -0.52552485 0.05724967 -0.11555200 0.84094818
1563003785.49203610 0.15854397 -21.45238425 2.35210712 -0.52608360 0.06121369 -0.11938353 0.83978361
1563003785.85899401 0.21051806 -21.10929786 2.38240243 -0.52906787 0.04916203 -0.10475085 0.84065304
1563003786.09232712 0.20046121 -20.89298834 2.39835440 -0.53138996 0.03092238 -0.08159992 0.84262089
1563003786.29254603 0.16757112 -20.70956258 2.41112152 -0.53264418 0.01293374 -0.05766131 0.84427369
1563003786.52588010 0.12899688 -20.49777003 2.42294141 -0.53338313 -0.00634166 -0.03262985 0.84522039
1563003786.89277601 0.08380444 -20.14285993 2.44921422 -0.53372092 -0.02245639 -0.01312166 0.84526062
1563003787.29304600 0.06688816 -19.76412450 2.47813424 -0.53344710 -0.02637645 -0.01005951 0.84536222
1563003787.72662210 0.05608719 -19.35258225 2.50791166 -0.53359199 -0.02805349 -0.00933137 0.84522513
1563003788.12686610 0.02790227 -19.01739159 2.54291169 -0.53517193 -0.02658174 -0.01073887 0.84425653
1563003788.76043200 0.00571011 -18.61297594 2.57177236 -0.53423005 -0.03233687 -0.00441981 0.84470886
1563003789.42729902 -0.03848396 -18.25947956 2.59413505 -0.53355130 -0.04095055 0.00864122 0.84473155
1563003789.56063294 -0.04437758 -18.18660990 2.60003801 -0.53362355 -0.04129289 0.00910850 0.84466433
1563003790.16119409 0.00283621 -17.81496147 2.63235507 -0.53388610 -0.02306066 -0.01482687 0.84511183
1563003790.56119490 0.07026977 -17.52437556 2.65289543 -0.53337641 -0.00477645 -0.03871608 0.84497802
1563003790.89476109 0.13313802 -17.26164829 2.67651608 -0.53319873 0.00927080 -0.05629844 0.84406377
1563003791.19502306 0.20779972 -17.00618971 2.70128455 -0.53292016 0.02039003 -0.07168258 0.84287719
1563003791.72855711 0.34410003 -16.55376277 2.74723369 -0.52990104 0.03800010 -0.09451464 0.84191915
1563003792.22874999 0.48610636 -16.11643050 2.79365048 -0.52702566 0.05128049 -0.11200924 0.84087347
1563003792.62898993 0.61328905 -15.75748702 2.82992998 -0.52695154 0.05965904 -0.12242889 0.83891241
1563003793.02899098 0.73060768 -15.39752406 2.87052416 -0.52761348 0.06739740 -0.13115019 0.83658905
1563003793.36262393 0.80875638 -15.09425141 2.90310521 -0.52892182 0.07082266 -0.13601070 0.83470171
1563003793.76276398 0.91562690 -14.72040859 2.93496497 -0.53045248 0.06947670 -0.13306074 0.83431888
1563003794.02943110 0.96949231 -14.46893935 2.95462946 -0.53191493 0.06937992 -0.13295070 0.83341289
1563003794.39636493 1.06495771 -14.13283735 2.98538528 -0.53160741 0.06493268 -0.12688544 0.83491161
1563003794.76327705 1.13357902 -13.79131445 3.01501843 -0.53143023 0.06024748 -0.12205554 0.83609485
1563003795.19690609 1.22219542 -13.36770908 3.05218847 -0.53421820 0.05111669 -0.10867259 0.83677253
1563003795.66375709 1.23932476 -12.88505843 3.09532738 -0.53796839 0.03957268 -0.09523367 0.83663287
1563003796.16409111 1.30333705 -12.38988776 3.12036563 -0.54023522 0.02524023 -0.07432332 0.83784538
1563003796.59742498 1.29676851 -11.96459527 3.15625629 -0.54254105 0.01656450 -0.06206687 0.83756942
1563003797.16446900 1.33338773 -11.38763935 3.18081960 -0.54395546 0.00434504 -0.04739730 0.83776314
1563003797.66478801 1.35514343 -10.87308829 3.21055359 -0.54496513 -0.00148552 -0.04180275 0.83741467
1563003798.16501904 1.38711295 -10.35889455 3.24550245 -0.54613763 -0.00168465 -0.04105029 0.83668735
1563003798.59835196 1.41533520 -9.91059049 3.27115963 -0.54776356 0.00099640 -0.04307618 0.83552291
1563003799.03193092 1.46731845 -9.46545579 3.29518028 -0.54726080 0.00447739 -0.04797812 0.83557386
1563003799.43217802 1.51246771 -9.05446388 3.31636913 -0.54636613 0.00940516 -0.05303399 0.83581277
1563003799.73345709 1.55600242 -8.75284749 3.33140638 -0.54654829 0.01074501 -0.05530580 0.83553024
1563003799.96846104 1.58744782 -8.51533285 3.34262157 -0.54652304 0.01214735 -0.05812588 0.83533610
1563003800.26970792 1.63710960 -8.20308207 3.35868509 -0.54602456 0.01516246 -0.06180870 0.83534841
1563003800.57034707 1.69827023 -7.89322882 3.37181363 -0.54518696 0.01644362 -0.06566101 0.83557729
1563003800.87096596 1.74813011 -7.55653857 3.37969245 -0.54422753 0.01980406 -0.07141816 0.83565761
1563003801.23811793 1.84343797 -7.16580268 3.43212948 -0.54421184 0.02288675 -0.07532813 0.83524568
1563003801.53838491 1.90128943 -6.84001404 3.45713021 -0.54356316 0.02562074 -0.07925219 0.83522558
1563003801.83887792 1.97501310 -6.52841469 3.47227033 -0.54234800 0.02796688 -0.08199727 0.83567514
1563003802.20612001 2.04440457 -6.14932215 3.49542407 -0.54399313 0.02855525 -0.08852610 0.83391799
1563003802.47296095 2.10605633 -5.89704777 3.50723530 -0.54450748 0.03055529 -0.08999730 0.83335374
1563003802.94006205 2.24265744 -5.44025629 3.54342664 -0.54581647 0.03237171 -0.09541646 0.83182459
1563003803.37378502 2.35027936 -5.02291026 3.56129839 -0.54665659 0.03563558 -0.10132571 0.83043951
1563003803.84068799 2.46431812 -4.57148498 3.57722532 -0.54701456 0.04005082 -0.10512139 0.82953028
1563003804.24082804 2.56396296 -4.18488609 3.58970468 -0.54600840 0.04225568 -0.11207350 0.82917357
1563003804.60764599 2.68158598 -3.84114942 3.61673101 -0.54506436 0.04697622 -0.11569864 0.82904277
1563003804.97464108 2.80822954 -3.52682652 3.63401086 -0.54540461 0.05015750 -0.12780543 0.82685174
1563003805.47508192 3.06736388 -3.08864905 3.66913958 -0.54039533 0.07671034 -0.16164817 0.82216682
1563003805.87549496 3.30098832 -2.77064354 3.69246579 -0.53397890 0.10369829 -0.19231472 0.81677919
1563003806.20916104 3.52363509 -2.52327373 3.72027838 -0.52947297 0.12323442 -0.21943082 0.81013688
1563003806.50918508 3.73577081 -2.31624463 3.74179443 -0.52365792 0.14225523 -0.24430138 0.80365582
1563003806.77607393 3.94103299 -2.15546060 3.76996178 -0.51993162 0.15951862 -0.26616656 0.79585192
1563003807.04260206 4.15867187 -2.00299129 3.80444949 -0.51709671 0.17726812 -0.29138298 0.78503692
1563003807.30961990 4.39342056 -1.86284835 3.82807732 -0.51230152 0.19495274 -0.31686283 0.77404039
1563003807.54274511 4.60678218 -1.76158005 3.85677287 -0.50618095 0.21154268 -0.34025632 0.76371210
1563003807.77625299 4.82146349 -1.66954358 3.87232213 -0.49742079 0.22855597 -0.36361609 0.75373607
1563003807.97616100 5.01398835 -1.60966626 3.89088560 -0.48975235 0.24404841 -0.38301135 0.74423472
1563003808.20975208 5.24331384 -1.54781670 3.90320017 -0.48108392 0.26046370 -0.40698128 0.73149378
1563003808.44291210 5.48225348 -1.50596596 3.91637499 -0.47258000 0.27556938 -0.43201388 0.71700325
1563003808.64281893 5.68470927 -1.49447881 3.93130943 -0.46487892 0.29081714 -0.45177503 0.70371323
