0 0.00758769 -0.0108964 0.0190711 0.001926 0.00016159 -0.0148245 0.999888
0.622045 -0.116592 -0.0763536 4.2976 0.00526186 -0.011852 -0.0169065 0.999773
1.65896 -0.523175 -0.183292 12.4178 0.00335002 -0.0262088 -0.0183132 0.999483
2.38464 -0.926475 -0.296524 18.6467 0.0043058 -0.030698 -0.022609 0.999264
2.90308 -1.20372 -0.372506 23.2036 -0.000936188 -0.0302946 -0.0251809 0.999223
3.52493 -1.53899 -0.447729 28.9167 0.00111191 -0.027665 -0.0253387 0.999295
4.66529 -2.22757 -0.579666 39.6624 -0.00279247 -0.0330392 -0.0274073 0.999074
5.39086 -2.7239 -0.64165 46.5652 0.000135842 -0.034792 -0.0304922 0.998929
6.11654 -3.17771 -0.713926 53.163 0.000703144 -0.0361215 -0.0277639 0.998961
7.04971 -3.81532 -0.768685 61.3536 0.000883157 -0.0410994 -0.0311534 0.998669
8.29347 -4.79138 -0.844145 71.2313 0.00322442 -0.0490737 -0.0381277 0.998062
9.64159 -5.54806 -1.02074 78.8958 0.000809991 -0.0238344 -0.0348684 0.999107
10.6806 -4.82116 -1.17966 83.3149 0.0040266 0.155373 -0.0352427 0.987219
11.7193 -2.18781 -1.43006 86.0748 0.0164659 0.453951 -0.0281265 0.89043
12.5477 0.633226 -1.67279 87.0394 0.0233097 0.605937 -0.026833 0.794718
13.2723 3.56011 -1.93238 87.4382 0.032102 0.664871 -0.0305937 0.745641
13.9977 7.16681 -2.17741 87.6217 0.0370421 0.689868 -0.0242046 0.722582
15.7599 19.383 -3.23161 88.1567 0.0416302 0.683548 -0.0223077 0.728376
16.9004 28.2916 -4.12873 88.7878 0.0335036 0.688178 -0.02843 0.72421
17.5229 33.1159 -4.60879 88.905 0.0316521 0.707354 -0.0286007 0.705571
18.1448 37.8393 -5.06142 88.7075 0.0346191 0.72932 -0.0283487 0.682708
18.8705 42.9716 -5.61897 88.1748 0.0355738 0.745076 -0.0225911 0.665647
19.9065 49.0353 -6.27656 87.6601 0.0359883 0.718366 -0.0270685 0.694207
20.7344 53.0269 -6.69164 88.3078 0.0214796 0.599809 -0.0330522 0.799172
21.1484 54.6973 -6.75663 89.2341 0.026511 0.493934 -0.0410286 0.868126
21.5627 55.9912 -6.87713 90.5228 0.0241832 0.368445 -0.0482357 0.928082
22.1853 57.1675 -7.00234 92.9633 -0.000385925 0.191786 -0.049951 0.980165
23.2257 58.1484 -7.00939 97.6155 -0.00215371 0.100859 -0.0645343 0.992803
24.9891 60.5511 -7.17309 108.432 -0.00237887 0.113987 -0.0647793 0.991365
26.544 62.9257 -7.38518 120.299 -0.000209366 0.108703 -0.0758738 0.991174
27.8913 65.2811 -7.66713 131.27 -0.0116255 0.113294 -0.0639528 0.991433
29.1353 67.2551 -7.8906 141.081 7.23596e-05 0.0997505 -0.073807 0.992271
29.7571 68.103 -8.02226 145.937 -0.0076716 0.0854282 -0.0681774 0.993979
30.483 68.8197 -8.10792 151.454 -0.0022431 0.0628694 -0.0770761 0.995039
31.105 69.2458 -8.15953 156.327 -0.00888037 0.0377048 -0.0794722 0.996084
32.038 69.5474 -8.15707 163.616 -0.0129743 0.0203326 -0.0865992 0.995951
32.9712 69.5831 -8.08697 171.144 -0.00600825 -0.00959159 -0.0671526 0.997679
34.1121 69.1036 -7.92843 180.395 -0.0153566 -0.0269835 -0.0757209 0.996646
34.7343 68.7842 -7.87097 185.546 -0.0106919 -0.0323842 -0.0686308 0.997059
35.2525 68.4637 -7.81824 189.748 -0.00867811 -0.0338339 -0.0756782 0.99652
36.0821 67.9366 -7.73714 196.374 -0.016748 -0.0370732 -0.0810922 0.995876
37.0155 67.4347 -7.70558 202.816 -0.0111552 -0.0275145 -0.0792263 0.996414
37.741 67.2648 -7.69887 207.365 -0.00314862 -0.00445492 -0.0838428 0.996464
39.0883 67.2351 -7.67276 215.929 -0.00650307 -0.00342232 -0.0892634 0.995981
40.229 67.0579 -7.56624 223.498 -0.0106207 -0.0155943 -0.0678839 0.997515
41.0585 66.8587 -7.47337 229.034 -0.00254267 -0.0178675 -0.0605105 0.998004
42.4053 66.394 -7.36375 236.363 -0.0149577 -0.0707438 -0.0494902 0.996154
42.8193 65.9108 -7.28345 238.172 -0.0168568 -0.139915 -0.0502575 0.988743
43.44 64.5776 -7.08736 240.345 -0.0187924 -0.290451 -0.075866 0.953693
43.958 62.9851 -6.78671 241.647 -0.0394481 -0.422263 -0.0936218 0.900762
44.58 60.895 -6.3699 242.575 -0.0513398 -0.570831 -0.0787663 0.815667
45.2034 58.1366 -5.85808 242.872 -0.0558921 -0.676359 -0.0737054 0.730741
45.6186 56.0963 -5.48515 242.779 -0.0528788 -0.710717 -0.0715421 0.69783
46.2424 52.6291 -4.87461 242.563 -0.0492442 -0.724052 -0.0723832 0.684167
47.5915 42.5463 -3.21059 242.072 -0.0562005 -0.718873 -0.0677086 0.689549
48.1097 38.1676 -2.48042 241.869 -0.0557793 -0.719886 -0.065972 0.688695
48.5241 34.6738 -1.87736 241.683 -0.0623712 -0.723191 -0.0695364 0.684302
48.9387 31.231 -1.28731 241.438 -0.0585908 -0.726678 -0.0685658 0.681032
49.3539 27.827 -0.720994 241.162 -0.0499754 -0.72787 -0.0707398 0.680224
49.9758 22.8528 0.0767464 240.828 -0.0557357 -0.72352 -0.068065 0.684674
50.8051 16.3753 1.12834 240.416 -0.0563251 -0.724209 -0.0711885 0.68358
51.4271 11.703 1.89151 240.024 -0.0532054 -0.733415 -0.0744101 0.673598
51.9455 7.90545 2.48984 239.602 -0.0458496 -0.73756 -0.0824136 0.668664
52.775 2.43848 3.37774 239.004 -0.0414769 -0.734045 -0.0888263 0.671988
54.6408 -6.46166 4.84688 238.581 -0.0455438 -0.705669 -0.0869504 0.70171
59.7205 -12.2347 5.67678 239.387 -0.0342611 -0.590747 -0.0779443 0.802352
60.7586 -14.8837 5.99296 241.621 -0.0147106 -0.351554 -0.0900603 0.93171
61.7946 -16.385 6.07811 246.344 0.00916879 -0.0859785 -0.0857823 0.992555
62.5182 -16.7069 5.94375 250.849 0.0139348 -0.0224231 -0.0827115 0.996224
63.865 -17.0477 5.60075 261.269 0.0161694 -0.0172793 -0.0853217 0.996072
64.7979 -17.4301 5.2974 269.577 0.0152068 -0.0200878 -0.0837901 0.996165
65.6271 -17.8179 5.05719 277.706 0.0144078 -0.0212823 -0.082785 0.996236
66.1453 -18.1123 4.82567 282.938 0.0189516 -0.0259356 -0.0858443 0.995791
67.2857 -18.9205 4.40492 294.388 0.0161707 -0.0288781 -0.0907827 0.995321
67.8039 -19.2509 4.21674 299.411 0.00959212 -0.0271242 -0.097957 0.994775
68.5296 -19.722 3.98059 306.446 0.0165141 -0.026618 -0.107392 0.993723
69.359 -20.2327 3.67833 314.716 0.0146108 -0.0250351 -0.108881 0.993632
70.1884 -20.7645 3.37496 323.224 0.0119694 -0.0238933 -0.10805 0.993786
71.1212 -21.3197 3.07937 332.684 0.00914716 -0.0245972 -0.0984651 0.994794
72.1575 -21.9544 2.73893 342.755 0.00945377 -0.0282911 -0.0908136 0.995421
73.2979 -22.6378 2.47183 352.727 0.0113332 -0.0277636 -0.0941362 0.995108
74.8525 -23.2661 2.17447 362.596 0.013384 -0.0259423 -0.0923498 0.995299
76.5079 -25.3688 2.3434 368.806 -0.0251393 -0.296193 -0.108908 0.948566
77.3363 -28.3224 3.0411 370.922 -0.057908 -0.523894 -0.0913342 0.84489
77.7508 -30.2986 3.50574 371.405 -0.068794 -0.634117 -0.0801559 0.765989
78.0626 -31.9204 3.86829 371.365 -0.0697628 -0.693919 -0.0946113 0.710393
78.479 -34.242 4.43458 371.141 -0.0732829 -0.730509 -0.103574 0.671014
78.9998 -37.333 5.1778 370.807 -0.0617513 -0.737582 -0.0942764 0.665786
79.519 -40.741 5.95175 370.456 -0.0578329 -0.735135 -0.100834 0.667881
80.7632 -50.3372 8.16788 369.828 -0.0592058 -0.719475 -0.112954 0.682709
81.4886 -56.6117 9.6424 369.534 -0.0554608 -0.718498 -0.112175 0.68418
81.9031 -60.1967 10.4834 369.344 -0.0532067 -0.720004 -0.116172 0.682105
82.525 -65.5337 11.7282 369.014 -0.0517781 -0.725638 -0.122034 0.675186
83.4582 -73.4899 13.6181 368.406 -0.0445931 -0.728825 -0.122501 0.672174
84.5985 -82.893 15.8009 367.884 -0.0406081 -0.710203 -0.126206 0.691401
85.5313 -90.2725 17.5052 367.873 -0.0437352 -0.700859 -0.123623 0.701143
86.3605 -95.5796 18.701 367.85 -0.0491621 -0.710558 -0.119124 0.691737
87.2936 -100.754 19.9151 367.492 -0.044227 -0.732408 -0.115552 0.66953
88.123 -105.495 21.002 366.935 -0.0373802 -0.742831 -0.118726 0.657807
88.7451 -109.429 21.9678 366.454 -0.0434816 -0.739819 -0.135436 0.657598
89.3671 -113.762 23.0858 365.99 -0.037964 -0.732006 -0.141806 0.665294
89.8856 -117.815 24.0946 365.67 -0.0236617 -0.727513 -0.134542 0.672356
91.1296 -128.929 26.5676 365.451 -0.0240465 -0.704661 -0.133494 0.696458
91.5441 -132.802 27.4277 365.433 -0.0270009 -0.705627 -0.137782 0.694534
92.0623 -137.642 28.5125 365.371 -0.0283119 -0.712105 -0.129163 0.689508
92.4769 -141.49 29.3806 365.243 -0.0242198 -0.715588 -0.133407 0.685237
92.8915 -145.292 30.2128 365.086 -0.026963 -0.718213 -0.134003 0.682265
93.3058 -149.021 31.0771 364.908 -0.0266858 -0.722732 -0.135825 0.677124
93.8241 -153.789 32.1533 364.61 -0.0308933 -0.725183 -0.137172 0.674047
94.7573 -162.047 34.0456 364.051 -0.0278288 -0.722864 -0.138183 0.67646
95.7938 -170.31 35.9815 363.614 -0.0299268 -0.719739 -0.134745 0.680385
96.5194 -175.042 37.0644 363.385 -0.0306134 -0.723751 -0.129739 0.677064
97.4517 -179.972 38.2443 362.864 -0.0387958 -0.757285 -0.129266 0.638987
98.4857 -184.254 39.5613 360.719 0.0685864 0.890763 0.118828 -0.433264
99.0033 -185.597 40.2667 358.743 0.0781048 0.951971 0.108977 -0.275271
99.5217 -186.342 40.8765 356.216 0.0952523 0.983879 0.0993086 -0.114225
99.8334 -186.446 41.2351 354.461 0.0923677 0.990453 0.0914653 -0.045888
100.354 -186.406 41.7776 351.328 0.0956973 0.992005 0.0822297 0.00242074
100.769 -186.217 42.1804 348.618 0.0945783 0.99227 0.0747048 0.0295724
101.288 -185.834 42.6836 344.909 0.0881958 0.992483 0.0730045 0.0432424
101.703 -185.428 43.1173 341.71 0.0813335 0.992362 0.0754834 0.0539046
102.326 -184.711 43.7695 336.531 0.0740969 0.993088 0.0720642 0.0556035
103.155 -183.829 44.7729 329.079 0.0661529 0.993167 0.0839919 0.0467757
103.88 -183.16 45.709 322.641 0.063585 0.993962 0.0801856 0.0395726
104.399 -182.713 46.3848 318.048 0.0503188 0.994843 0.0808456 0.0349207
104.813 -182.424 46.9838 314.301 0.0533762 0.995021 0.0785349 0.0302893
105.331 -182.055 47.7199 309.588 0.0457227 0.995352 0.0789374 0.0308532
105.746 -181.772 48.2532 305.834 0.0463772 0.995383 0.0774947 0.0325157
106.472 -181.321 49.1779 299.409 0.0457806 0.995889 0.0743568 0.0240809
107.094 -181.002 49.9645 293.922 0.0484568 0.995699 0.0747302 0.0254973
107.508 -180.72 50.4797 290.266 0.0470455 0.99569 0.0724051 0.0338348
107.923 -180.404 51.0024 286.544 0.0464444 0.995418 0.0755068 0.0358489
108.546 -179.919 51.8036 280.829 0.0489271 0.995141 0.0780793 0.0346909
109.168 -179.516 52.6383 275.091 0.0511673 0.995152 0.0796254 0.0267106
109.789 -179.08 53.4867 269.265 0.0500474 0.994873 0.0813081 0.0333335
110.412 -178.55 54.3269 263.37 0.0453304 0.995154 0.0787409 0.0375934
110.827 -178.172 54.8738 259.4 0.0463634 0.996141 0.0624614 0.0406361
111.553 -177.509 55.7945 252.406 0.0460838 0.995496 0.0721812 0.0406757
112.278 -176.927 56.6542 245.551 0.0471124 0.995698 0.0719607 0.0344475
112.9 -176.515 57.3767 239.958 0.0508795 0.995199 0.0772595 0.031941
113.729 -176.044 58.2778 233.034 0.0460414 0.996046 0.0716362 0.0253063
114.662 -175.722 59.1636 226.421 0.0466232 0.996083 0.0742358 0.0115421
115.387 -175.556 59.6775 222.511 0.0525192 0.995621 0.0717172 0.0289394
116.008 -175.101 60.0005 219.879 0.0592261 0.990899 0.0641269 0.102465
116.525 -174.189 60.1788 217.976 0.0568367 0.973059 0.055259 0.216501
116.939 -173.151 60.2815 216.606 0.061259 0.945546 0.0488257 0.315921
117.249 -172.092 60.3373 215.603 0.067123 0.914168 0.0471641 0.396946
117.56 -170.779 60.3515 214.751 0.068578 0.874624 0.0350589 0.478644
117.975 -168.76 60.2731 213.922 0.0724834 0.814544 0.0222842 0.575124
118.805 -163.832 59.9381 213.453 0.065843 0.717394 -0.00140802 0.693548
120.362 -152.872 59.0186 213.601 0.0740261 0.69365 0.00420419 0.716486
121.502 -143.248 58.037 214.023 0.0746939 0.682843 0.0088578 0.726683
122.436 -135.323 57.1591 214.722 0.0662836 0.668511 0.00137598 0.740741
123.265 -128.435 56.3603 215.461 0.0615909 0.672105 -0.0135896 0.737764
123.887 -123.663 55.7984 215.87 0.0550587 0.678195 -0.0180605 0.732594
124.406 -120.174 55.3588 216.067 0.0591044 0.688328 -0.0168988 0.722791
124.82 -117.682 55.0829 216.112 0.0635753 0.696426 -0.019559 0.71454
125.338 -114.646 54.7018 216.14 0.0601752 0.703704 -0.0164009 0.707751
126.167 -109.962 54.205 216.214 0.0684992 0.685729 -0.0105715 0.72455
126.582 -107.689 53.9509 216.498 0.074071 0.650565 -0.014401 0.755693
126.996 -105.527 53.689 217.069 0.0685725 0.594795 -0.0198595 0.800701
127.306 -104.036 53.4782 217.749 0.0645707 0.536618 -0.0245359 0.840993
127.513 -103.128 53.3296 218.333 0.0642217 0.490909 -0.028794 0.868363
128.135 -101.039 52.8568 220.431 0.0661423 0.342245 -0.0348739 0.936631
128.964 -99.4137 52.2519 224.039 0.0523687 0.157528 -0.0501325 0.98485
130.004 -98.5291 51.6808 228.973 0.0458742 0.100534 -0.0720198 0.991263
131.149 -96.6287 51.009 233.383 0.0584802 0.297685 -0.0510817 0.951501
131.979 -94.1963 50.528 235.008 0.0639444 0.508607 -0.0304446 0.858081
132.808 -91.067 50.0384 235.791 0.0650072 0.631912 -0.0218842 0.771999
133.739 -86.4153 49.38 236.293 0.0698297 0.670826 -0.0211242 0.738018
134.983 -78.1218 48.2557 236.979 0.0682416 0.680131 -0.0225809 0.729558
135.604 -73.36 47.6048 237.273 0.0695076 0.685044 -0.0210847 0.724872
136.226 -68.3719 46.8844 237.543 0.0687842 0.68862 -0.0265392 0.721365
137.16 -60.6269 45.7491 237.994 0.0691719 0.680302 -0.0264967 0.729179
137.989 -53.8668 44.7862 238.497 0.0712558 0.67621 -0.0288597 0.732686
139.129 -44.9033 43.5103 239.25 0.0691034 0.674511 -0.025039 0.734597
140.269 -36.7081 42.2923 240.032 0.0647572 0.670744 -0.0281602 0.73832
141.72 -28.0365 41.0106 240.772 0.0621904 0.682903 -0.029974 0.72724
142.861 -23.2978 40.2811 240.826 0.0623441 0.718273 -0.0238049 0.692554
144.312 -20.2494 39.8538 240.279 0.0736342 0.777978 -0.0101271 0.623879
145.245 -18.657 39.6314 239.665 0.0771153 0.831859 -0.0134585 0.549439
145.868 -17.1558 39.4661 238.569 0.0751457 0.895446 -0.00783682 0.438713
146.387 -15.9152 39.3552 236.992 0.0740713 0.947209 -0.000948549 0.311942
147.216 -14.6557 39.3355 233.04 0.0725697 0.991885 0.0160635 0.103152
148.043 -14.1782 39.5569 227.449 0.0692939 0.997062 0.0247787 0.021257
149.078 -13.9005 39.9568 218.747 0.0717573 0.997016 0.025582 0.0124489
149.596 -13.7247 40.1586 213.848 0.0717296 0.996981 0.0229315 0.0189069
150.011 -13.4854 40.3187 209.659 0.0653426 0.997262 0.0228231 0.0260277
150.322 -13.2605 40.4575 206.408 0.0642355 0.997215 0.0238344 0.0294625
150.633 -13.0129 40.5934 203.089 0.0615384 0.99731 0.0230065 0.0325018
151.048 -12.697 40.7357 198.562 0.0587048 0.997399 0.0233866 0.0346677
151.462 -12.3565 40.8899 193.971 0.0570308 0.997452 0.0244049 0.0352274
152.084 -11.8393 41.1705 186.983 0.0507042 0.997914 0.0251041 0.0310815
152.395 -11.6018 41.3191 183.402 0.049241 0.997975 0.028225 0.0287003
152.706 -11.368 41.4749 179.748 0.0503438 0.998043 0.026367 0.0260782
153.12 -11.1049 41.6649 174.726 0.0517614 0.998098 0.0237335 0.0236066
153.639 -10.7706 41.9135 168.406 0.0477182 0.998318 0.0241718 0.0223418
154.053 -10.5066 42.0819 163.238 0.0487954 0.99821 0.0257246 0.0231133
154.467 -10.216 42.2769 158.06 0.0471741 0.998293 0.0247069 0.0240048
154.778 -10.0047 42.4215 154.182 0.0447658 0.998365 0.0252766 0.0249907
155.192 -9.72325 42.6269 149.037 0.0419509 0.99841 0.0263268 0.0269168
155.814 -9.23486 42.8986 141.476 0.0405811 0.998447 0.0249891 0.0288643
156.436 -8.75885 43.23 133.785 0.0383328 0.998341 0.0292915 0.0314232
156.851 -8.42129 43.4611 128.799 0.039566 0.998208 0.0308193 0.0326291
157.265 -8.06091 43.6418 123.96 0.0382536 0.998356 0.0279177 0.0322823
157.887 -7.59015 43.8449 117.191 0.0345747 0.998616 0.0273268 0.0287213
158.82 -7.05267 44.1033 108.255 0.0347351 0.998742 0.0276898 0.023243
159.442 -6.81076 44.2638 103.389 0.0374408 0.998548 0.0306886 0.023616
160.166 -6.2307 44.502 98.8366 0.0492348 0.993691 0.0284665 0.0966654
160.684 -5.23563 44.5435 96.2246 0.0402103 0.978528 0.0241416 0.200707
160.994 -4.39274 44.5586 94.903 0.0284968 0.960084 0.0226806 0.277332
161.305 -3.32591 44.5781 93.7302 0.0210267 0.933366 0.022526 0.3576
161.616 -2.11516 44.617 92.798 0.0216699 0.897288 0.0180713 0.440543
162.03 -0.303618 44.5999 91.9345 0.0171995 0.838089 0.0114826 0.545141
162.549 2.10883 44.5324 91.4412 0.0157154 0.763354 0.00303808 0.645782
163.068 4.70365 44.3951 91.3249 0.0209015 0.722233 -0.00505576 0.691315
165.351 19.196 43.7107 91.4004 0.0285884 0.682769 0.0108357 0.729994
166.491 28.6868 43.2609 92.2857 0.0138064 0.687555 -0.00618425 0.725975
167.113 33.7703 43.0137 92.3431 0.013264 0.713054 -0.0039543 0.700973
167.735 38.846 42.8259 92.1053 0.0185268 0.727064 -0.00301663 0.686313
169.083 50.4568 42.3231 91.5169 0.00787334 0.735119 -0.0113129 0.677797
169.601 54.9236 42.1143 90.9322 0.00538056 0.767611 -0.0100046 0.640815
170.12 59.1693 41.9321 89.8511 0.0129339 0.79841 -0.00272276 0.601969
170.637 63.3634 41.8083 88.4919 0.005735 0.814064 0.00929659 0.580672
171.673 71.8509 41.5993 85.4038 0.0130909 0.82374 0.00377868 0.566804
172.192 76.1808 41.4837 83.4949 0.021409 0.842769 -0.00327906 0.53784
173.228 85.1383 41.1681 79.1884 0.0132053 0.850654 -8.81496e-05 0.52556
173.746 89.4028 41.0532 76.9365 0.00385312 0.864833 -0.00170535 0.502042
174.264 93.4399 40.9486 74.4167 0.00237556 0.883136 -0.00445145 0.469091
174.679 96.4706 40.8684 72.2328 0.000752459 0.896351 -0.00355351 0.44333
175.818 103.943 40.6676 66.2758 0.00964483 0.896245 0.00198283 0.443451
177.27 111.58 40.4663 60.5939 0.00764945 0.901224 -0.00154444 0.433283
178.202 116.617 40.3649 56.6512 0.000203857 0.898432 0.00207127 0.439108
178.824 120.41 40.3503 54.0114 -0.0154299 0.889519 -0.0154288 0.456377
179.757 126.694 40.2311 49.7046 -0.0215842 0.888888 -0.0172822 0.457289
180.483 132.214 40.1905 45.807 -0.0335448 0.892024 -0.0141879 0.450518
181.208 137.671 40.1452 41.9108 -0.0349129 0.890367 -0.0197832 0.453471
181.726 141.632 40.1179 39.1233 -0.0283059 0.88763 -0.0185412 0.459312
182.244 145.5 40.0977 36.4367 -0.0391843 0.88954 -0.0207898 0.454699
182.867 150.077 40.0412 33.1211 -0.0357169 0.891522 -0.0238091 0.45094
183.592 155.152 39.8757 29.4593 -0.0359654 0.891341 -0.0246441 0.451232
184.318 159.591 39.684 26.1063 -0.0318271 0.898163 -0.0229483 0.437908
185.146 163.654 39.5123 22.9581 -0.00858847 0.881727 -0.0209348 0.471218
185.663 166.171 39.4213 21.7737 -0.0128669 0.827837 -0.0222822 0.560379
186.285 169.478 39.3311 21.1591 -0.0203186 0.750647 -0.0234137 0.659975
187.011 173.799 39.3344 21.2096 -0.0441474 0.705316 -0.0360066 0.7066
188.153 181.213 39.2771 21.1177 -0.0496914 0.724187 -0.0442189 0.686388
188.671 184.86 39.2313 20.8868 -0.0465374 0.730256 -0.0457613 0.680049
189.19 188.618 39.1911 20.6685 -0.0515848 0.728295 -0.0451855 0.681823
190.019 194.752 39.1736 20.302 -0.0533219 0.726758 -0.0473203 0.683184
190.434 197.899 39.1454 20.1228 -0.0514354 0.728928 -0.0521962 0.680657
191.574 207.129 39.024 19.3948 -0.0451153 0.731939 -0.042373 0.678554
192.611 215.509 38.9433 18.9309 -0.0525726 0.727837 -0.0483428 0.68202
193.647 224.222 38.9035 18.3695 -0.049431 0.728146 -0.0441187 0.682212
194.373 230.479 38.8912 18.034 -0.0555166 0.729793 -0.0491416 0.679636
194.891 234.986 38.853 17.7177 -0.0519286 0.732313 -0.0475517 0.677318
195.306 238.428 38.7654 17.4639 -0.0628141 0.733393 -0.0559125 0.674583
195.929 243.713 38.6739 17.0751 -0.0564749 0.730866 -0.0559799 0.677873
196.862 251.485 38.5391 16.6298 -0.0632243 0.725372 -0.0537892 0.683333
197.381 255.539 38.4958 16.4506 -0.0629317 0.722371 -0.0527175 0.686615
198.002 259.959 38.4513 16.2531 -0.0648824 0.723125 -0.0569288 0.685303
198.52 263.362 38.4491 16.0136 -0.0631544 0.734249 -0.0592223 0.673337
198.935 265.849 38.4035 15.7003 -0.0603536 0.750872 -0.0523184 0.6556
199.867 270.396 38.3212 14.7902 -0.0465259 0.77896 -0.0445051 0.623759
200.696 273.019 38.2666 14.3028 -0.0427451 0.761439 -0.0475591 0.645075
201.627 275.28 38.2985 14.4915 -0.0592049 0.662141 -0.0403622 0.745946
202.352 276.991 38.438 15.3381 -0.0593495 0.508877 -0.0279888 0.858335
202.87 278.116 38.6247 16.5896 -0.066612 0.362052 -0.0260551 0.92941
203.803 279.486 39.1869 20.1386 -0.0758582 0.144783 -0.0319228 0.986035
204.841 280.302 40.1009 26.2745 -0.0699979 0.0356924 -0.0279248 0.996517
205.568 280.467 40.9112 31.8205 -0.075269 0.0132461 -0.0318609 0.996566
206.397 280.717 41.974 39.1611 -0.0774658 0.0235739 -0.0259646 0.996378
207.226 281.143 43.0716 46.8747 -0.0748922 0.0292184 -0.0217893 0.996525
208.055 281.517 44.2146 54.8983 -0.0855814 0.0267098 -0.0354051 0.995344
208.885 281.925 45.4362 63.1894 -0.0808191 0.0267664 -0.0363809 0.995705
209.817 282.465 46.787 72.2959 -0.0792419 0.0323958 -0.0379272 0.995607
210.646 282.828 48.0132 80.3286 -0.0798715 0.0232274 -0.0451851 0.99551
211.579 283.258 49.3277 89.4274 -0.072479 0.027711 -0.0457291 0.995936
212.512 283.863 50.6088 98.4791 -0.0817082 0.0373122 -0.0493426 0.994735
213.341 284.637 51.7209 106.425 -0.0792124 0.0582538 -0.0436788 0.994195
214.067 285.589 52.6596 113.184 -0.0754908 0.0709455 -0.046265 0.993543
214.585 286.303 53.2845 117.883 -0.0790782 0.0668799 -0.0374088 0.993919
215.207 287.075 54.0466 123.35 -0.0773857 0.0573254 -0.0285112 0.994943
216.037 288.03 55.0942 130.375 -0.0802844 0.0626022 -0.0196215 0.994611
216.659 288.752 55.7851 135.036 -0.0757024 0.0860549 -0.0209395 0.993189
217.695 290.117 56.6405 141.23 -0.0750651 0.118646 -0.025505 0.989767
218.73 291.051 57.371 146.497 -0.0714074 0.0358033 -0.0142698 0.996702
219.557 290.244 57.9984 150.542 -0.0739516 -0.162177 -0.00585684 0.983969
220.177 288.371 58.4958 153.288 -0.0811313 -0.340116 -0.00257556 0.936873
220.592 286.546 58.8264 154.741 -0.0827049 -0.446699 0.000751262 0.890853
221.111 283.659 59.2193 156.161 -0.0693129 -0.528521 0.000845088 0.846085
221.736 279.627 59.726 157.908 -0.0670746 -0.541294 -0.00997614 0.838094
223.084 269.533 60.9546 162.583 -0.0600285 -0.527124 -0.0157541 0.847519
223.914 262.613 61.8152 166.074 -0.060194 -0.512352 -0.0207842 0.856411
224.95 254.382 62.9042 171.069 -0.0681176 -0.473549 -0.0116035 0.878053
225.882 246.909 64.0123 175.714 -0.0711891 -0.495097 0.000853404 0.865916
226.401 242.392 64.6381 178.154 -0.0816438 -0.511059 0.0067259 0.855633
227.023 236.944 65.3433 180.817 -0.0838146 -0.526937 0.0123992 0.845671
227.852 229.848 66.2415 184.117 -0.0746843 -0.529418 0.00744942 0.845035
228.474 224.648 66.848 186.623 -0.0740043 -0.523336 -0.00116153 0.848906
228.993 220.469 67.3735 188.641 -0.0688489 -0.525286 -0.00340927 0.848129
229.614 215.825 67.9214 190.851 -0.068718 -0.528879 -0.000731581 0.84591
230.34 210.931 68.5141 193.127 -0.0688515 -0.534299 -0.00506048 0.842471
232.207 202.39 69.5265 197.191 -0.0738784 -0.509462 -0.0191404 0.857102
234.59 196.936 70.3333 201.092 -0.0445295 -0.439185 -0.0264339 0.896903
235.523 192.744 70.9697 203.975 -0.0605026 -0.476761 -0.0225094 0.87666
236.041 189.837 71.41 205.673 -0.0629358 -0.50214 -0.00863374 0.86245
236.871 184.53 72.1701 208.457 -0.0716681 -0.517946 -0.00517649 0.85239
238.011 176.332 73.2699 212.582 -0.0702545 -0.518758 -0.0133647 0.851925
239.151 167.7 74.4751 216.954 -0.0630123 -0.5189 -0.00936092 0.852458
240.291 160.054 75.4322 220.889 -0.0668035 -0.528983 -0.00834434 0.845958
241.327 154.536 76.0367 223.005 -0.0620724 -0.602079 -0.00654286 0.795993
242.259 149.591 76.4927 223.224 -0.054785 -0.717072 -0.0177963 0.694615
243.298 143.142 77.2016 222.443 -0.0580653 -0.746187 -0.0215569 0.662849
244.853 130.419 78.4915 221.153 -0.0667419 -0.731376 -0.0105691 0.678619
245.682 122.641 79.2286 220.489 -0.070986 -0.731504 -0.0126372 0.678014
246.2 117.544 79.6899 220.025 -0.0666194 -0.736065 -0.00493734 0.673607
246.926 110.488 80.3465 219.283 -0.0673148 -0.737766 -0.00793204 0.671645
247.548 104.674 80.8366 218.747 -0.0647324 -0.736461 -0.00372758 0.673366
248.17 98.8629 81.3249 218.177 -0.0709714 -0.733482 -0.00476844 0.675977
248.584 95.0828 81.6661 217.853 -0.0766706 -0.734593 -0.00359124 0.674153
248.895 92.3269 81.8868 217.547 -0.0764408 -0.736935 -0.00627754 0.671598
249.206 89.6219 82.1505 217.21 -0.0741575 -0.739742 -0.0108857 0.668703
249.517 87.0589 82.4058 216.916 -0.0721476 -0.741891 -0.0108726 0.666539
250.346 81.0906 82.9883 216.29 -0.0708598 -0.734538 -0.018817 0.674596
251.073 76.807 83.4773 216.349 -0.0684938 -0.688144 -0.0203875 0.722046
251.592 73.9627 83.7968 216.837 -0.0571078 -0.618188 -0.0280817 0.78345
252.111 71.3791 84.097 217.978 -0.0441845 -0.508208 -0.0420432 0.859072
252.837 68.5637 84.4664 220.792 -0.0245027 -0.321335 -0.0474666 0.945458
253.562 66.868 84.7083 224.853 -0.0189934 -0.145998 -0.0448064 0.988087
254.183 66.1963 84.7651 229.29 -0.0120068 -0.0561589 -0.0417585 0.997476
254.907 65.8364 84.8788 234.704 -0.0131982 -0.0328038 -0.0339997 0.998796
255.839 65.3612 84.9892 242.317 -0.0117887 -0.0375638 -0.014733 0.999116
256.564 64.795 85.164 248.517 -0.00951935 -0.0411654 -0.0314289 0.998613
257.186 64.3118 85.3116 254.175 -0.0194927 -0.0371319 -0.0411347 0.998273
258.119 63.5617 85.5795 263.396 -0.0140438 -0.0407288 -0.0400127 0.99827
258.844 62.9042 85.7668 270.829 -0.0177521 -0.041589 -0.0425726 0.99807
259.673 62.1187 85.9579 279.27 -0.0204121 -0.0443964 -0.0434563 0.99786
260.399 61.451 86.1726 286.462 -0.0161432 -0.0414369 -0.0518631 0.997664
261.125 60.7995 86.3995 293.537 -0.0173858 -0.0411036 -0.0546651 0.997507
261.746 60.2331 86.5924 299.501 -0.0230659 -0.0477269 -0.055691 0.99704
262.575 59.3309 86.8285 307.392 -0.01148 -0.0640047 -0.0464481 0.996802
263.301 58.2293 87.071 314.228 -0.0169455 -0.0772112 -0.0637237 0.994832
264.131 57.08 87.2851 321.908 -0.0197342 -0.0640441 -0.0777898 0.994715
264.442 56.702 87.3724 324.838 -0.013328 -0.0554803 -0.0887679 0.994417
265.478 55.8078 87.5642 334.82 -0.0127413 -0.0375034 -0.087854 0.995346
266.1 55.3459 87.7085 340.783 -0.012895 -0.0354558 -0.0897298 0.995251
267.033 54.7244 87.8748 349.489 -0.0140571 -0.0321315 -0.0795403 0.996214
267.862 54.3408 87.9812 356.415 -0.0137694 -0.0127829 -0.0872442 0.99601
269.52 53.964 88.089 367.683 -0.0117086 -0.0382569 -0.07291 0.996536
270.349 53.0599 88.2807 373.22 -0.0108213 -0.0829663 -0.0929038 0.992153
271.283 51.9722 88.5526 380.621 -0.0130811 -0.0528099 -0.0991038 0.993589
271.905 51.5875 88.6478 386.164 -0.00475192 -0.0252425 -0.0977055 0.994884
272.941 51.1372 88.8289 396.382 -0.0123531 -0.0247669 -0.0903699 0.995524
273.978 50.3586 89.0465 407.032 -0.0143139 -0.0377729 -0.0903694 0.995089
275.014 49.4727 89.2757 417.456 -0.0110736 -0.0374818 -0.0949808 0.994712
276.051 48.6466 89.3845 427.283 -0.0135354 -0.0393494 -0.090194 0.995055
276.569 48.1774 89.426 431.666 -0.0222378 -0.0544508 -0.0892925 0.994267
277.502 47.1037 89.6573 438.473 -0.022254 -0.0903194 -0.0937493 0.991241
278.436 46.2308 89.8915 443.677 -0.0185916 -0.0345439 -0.118912 0.99213
279.061 46.7539 89.7908 446.402 0.00121602 0.137681 -0.112277 0.984092
279.685 48.3004 89.4559 448.487 0.0180582 0.344915 -0.0947883 0.933661
280.307 50.4155 89.0793 449.702 0.0324809 0.524295 -0.0811333 0.84704
281.031 53.5756 88.5054 450.328 0.0534662 0.659664 -0.0813119 0.745234
281.961 58.7471 87.4956 450.659 0.0573143 0.680875 -0.0749948 0.726292
283.619 70.7515 85.1414 451.812 0.0537753 0.67093 -0.0826861 0.734931
284.656 79.6807 83.3048 452.648 0.0484553 0.67804 -0.0843477 0.72856
284.967 82.4969 82.7675 452.912 0.0440238 0.678084 -0.0879156 0.728378
285.485 87.2269 81.839 453.343 0.0432776 0.677362 -0.0952515 0.728172
286.418 95.8437 80.1545 454.102 0.0421785 0.681634 -0.0923113 0.72462
287.454 105.193 78.2331 454.847 0.0383038 0.680077 -0.0955796 0.725874
288.387 113.181 76.5419 455.616 0.0368014 0.673993 -0.100932 0.730884
289.32 120.971 74.9808 456.788 0.0271918 0.64173 -0.10285 0.759516
289.839 125.144 74.1758 457.701 0.0244615 0.62652 -0.10672 0.771677
290.772 132.448 72.8076 459.777 0.0268377 0.58885 -0.100964 0.801462
291.912 140.733 71.2841 463.025 0.0192452 0.553379 -0.105539 0.825992
293.052 148.636 69.8705 467.022 0.0147184 0.512493 -0.110737 0.851394
294.089 155.112 68.757 471.095 0.00604845 0.472516 -0.106941 0.874789
294.814 158.847 68.118 473.809 0.000619634 0.454186 -0.111677 0.88388
296.059 163.538 67.3166 476.855 0.00917257 0.516876 -0.107668 0.849213
297.408 168.108 66.3853 477.657 0.0403162 0.715138 -0.107309 0.68952
298.134 170.868 65.6977 476.747 0.0452587 0.836061 -0.096622 0.538162
298.755 173.399 64.9678 474.724 0.0558132 0.91036 -0.0887735 0.40031
299.479 176.655 63.9563 471.034 0.0617685 0.935373 -0.0843745 0.33785
300.41 181.681 62.2887 464.693 0.0637753 0.940857 -0.079043 0.323223
301.135 185.873 60.8716 459.272 0.0638085 0.940218 -0.0815416 0.324454
301.861 190.147 59.4294 453.861 0.0643992 0.938109 -0.0807118 0.330591
302.275 192.617 58.5897 450.805 0.0612423 0.93771 -0.0808867 0.332276
302.793 195.676 57.5483 447.079 0.0590392 0.93801 -0.0819838 0.331557
303.519 199.88 56.1113 441.872 0.0557159 0.938797 -0.0801312 0.330356
304.452 205.295 54.351 435.265 0.0544277 0.935507 -0.0846035 0.338684
305.281 210.541 52.6768 428.978 0.0482615 0.936719 -0.0827551 0.336719
306.007 215.204 51.2023 423.396 0.0486439 0.935627 -0.0844748 0.339264
306.836 220.491 49.5062 417.144 0.0447261 0.934259 -0.0865276 0.343035
307.769 225.745 47.8366 410.903 0.0464437 0.939536 -0.083627 0.328818
308.495 228.494 46.8251 406.859 0.0538543 0.960317 -0.0830608 0.260752
309.223 229.548 46.0403 402.924 0.0722407 0.993135 -0.0639359 0.0661548
309.847 228.878 45.7151 399.68 0.091392 0.982957 -0.0459164 -0.152755
310.365 227.326 45.66 397.289 0.101496 0.945565 -0.0245717 -0.308224
310.986 224.668 45.7961 394.784 0.0986185 0.899233 -0.00247822 -0.426202
311.607 221.222 46.1785 392.704 -0.0932923 -0.850853 -0.00847739 0.516986
312.332 216.079 46.8687 390.828 -0.106883 -0.79986 -0.00878918 0.590528
313.058 209.993 47.7776 389.399 -0.104858 -0.76362 -0.0144977 0.63693
314.197 198.75 49.4478 387.805 -0.102749 -0.743608 -0.01138 0.660576
314.818 192.184 50.4123 387 -0.0975783 -0.738621 -0.018227 0.666772
315.648 183.306 51.7596 386.063 -0.0903958 -0.732565 -0.0283382 0.674073
316.477 174.657 53.1049 385.351 -0.0895524 -0.727605 -0.0366269 0.679139
317.306 166.091 54.4987 384.681 -0.0896692 -0.724942 -0.0376075 0.681913
317.928 159.823 55.5234 384.19 -0.0878898 -0.72485 -0.0390189 0.682163
318.238 156.716 56.0418 383.963 -0.0872476 -0.724443 -0.038589 0.682702
318.757 151.649 56.8257 383.614 -0.0843924 -0.720977 -0.0347968 0.686921
319.793 142.565 58.203 383.268 -0.0902421 -0.711656 -0.0324201 0.695953
320.518 137.308 59.032 382.941 -0.0979375 -0.730444 -0.0255206 0.675432
321.449 132.401 59.7656 381.625 -0.108151 -0.833955 -0.00888599 0.541058
322.379 129.713 60.0185 378.393 0.0984558 0.963854 -0.0105205 -0.247347
323.21 128.997 59.8983 374.421 0.0694592 0.995521 -0.0272633 -0.0580498
323.73 128.922 59.7536 371.459 0.0605962 0.997613 -0.0299225 -0.0141772
324.249 128.943 59.5843 368.1 0.0551591 0.99789 -0.0342243 -0.00129911
324.56 128.985 59.46 365.9 0.0535207 0.997843 -0.0375981 0.00550186
325.286 129.218 59.0326 360.14 0.0495872 0.997741 -0.0402677 0.0208056
325.7 129.403 58.7455 356.467 0.0465527 0.997915 -0.0362038 0.0262135
326.115 129.665 58.4634 352.522 0.0331264 0.998468 -0.0355199 0.0265142
326.53 129.888 58.1429 348.465 0.0309135 0.998502 -0.0371043 0.0257239
327.048 130.192 57.6979 343.211 0.0256324 0.998564 -0.038922 0.0264063
327.359 130.39 57.4155 340.057 0.0212945 0.998662 -0.0375731 0.0284398
327.566 130.536 57.2267 337.96 0.0167957 0.998791 -0.0368939 0.0277939
327.981 130.782 56.8321 333.716 0.0197358 0.998936 -0.032185 0.0264699
328.395 131.042 56.4561 329.455 0.00931321 0.999051 -0.0352834 0.0237873
328.81 131.286 56.1313 325.23 0.00688105 0.999156 -0.0338412 0.0222597
329.121 131.435 55.8758 322.011 0.00722046 0.999315 -0.0293929 0.0213069
329.639 131.664 55.4932 316.5 0.0119954 0.999291 -0.0288715 0.0209885
330.157 131.953 55.0768 310.852 0.00801498 0.999277 -0.0304874 0.02125
330.572 132.187 54.7522 306.228 0.00421502 0.999444 -0.026932 0.0191958
330.986 132.414 54.3953 301.513 -0.000198299 0.999392 -0.0296083 0.0184219
331.711 132.796 53.7965 293.316 -0.00408679 0.999238 -0.032039 0.0218927
332.333 133.143 53.2266 286.374 -0.00767187 0.999348 -0.0256152 0.0242614
332.954 133.511 52.7172 279.426 -0.0127069 0.999103 -0.034085 0.021693
333.369 133.764 52.3733 274.875 -0.0203813 0.999441 -0.0190809 0.0183782
333.783 133.94 52.1365 270.404 -0.0133501 0.999059 -0.0369155 0.018461
334.198 134.13 51.8418 266.009 -0.0150726 0.999531 -0.0193668 0.0183196
334.716 134.36 51.5243 260.569 -0.0189205 0.999219 -0.0294453 0.0183286
335.235 134.547 51.1589 255.238 -0.0207772 0.999448 -0.0213005 0.0147757
335.546 134.68 50.9885 252.166 -0.0276198 0.999165 -0.0254492 0.0160771
335.856 134.82 50.7987 249.261 -0.0254191 0.998928 -0.0338826 0.0186974
336.271 134.972 50.5314 245.628 -0.0214774 0.998972 -0.0331669 0.0222112
336.893 135.259 50.1071 240.566 -0.0315151 0.998644 -0.032034 0.0262644
337.411 135.49 49.8076 236.901 -0.033034 0.998443 -0.0307872 0.032737
338.241 135.823 49.4908 232.261 -0.044957 0.998406 -0.0278777 0.0196793
338.449 135.83 49.4484 231.286 -0.047444 0.998454 -0.0288663 0.00212234
338.76 135.703 49.3518 229.941 -0.04 0.997927 -0.0309044 -0.0398336
338.968 135.56 49.3391 229.08 -0.0384213 0.995668 -0.0335477 -0.0777387
339.176 135.324 49.2688 228.255 -0.0300772 0.991821 -0.0370108 -0.118392
339.487 134.832 49.1417 227.066 -0.0218059 0.982012 -0.0393997 -0.183369
339.902 133.931 48.9608 225.615 -0.0118399 0.958707 -0.0397685 -0.281352
340.317 132.653 48.772 224.306 -0.00935909 0.92062 -0.0397759 -0.388315
341.146 128.999 48.3968 222.492 0.00312735 -0.818513 0.0454952 0.572675
342.077 123.463 47.91 221.668 -0.00626529 -0.737169 0.0552931 0.673414
343.423 112.356 47.0824 221.295 -0.0128211 -0.714467 0.0539532 0.697468
344.252 104.385 46.4563 221.116 -0.014099 -0.717024 0.0550647 0.694727
344.977 97.3942 45.8856 220.794 -0.0132314 -0.723993 0.0514532 0.687759
345.495 92.5369 45.5037 220.554 -0.00364204 -0.724046 0.0586597 0.687243
346.013 87.7733 45.1082 220.336 -0.00966687 -0.722206 0.0558208 0.689354
346.428 83.9691 44.8068 220.157 -0.0130563 -0.722055 0.0563538 0.689413
346.739 81.1614 44.5067 219.99 -0.0134868 -0.722859 0.0529555 0.688831
347.05 78.4371 44.2479 219.814 -0.0135881 -0.723372 0.0481215 0.688646
347.464 75.0564 43.9421 219.682 -0.0132131 -0.724409 0.0477247 0.68759
348.19 69.9415 43.6073 219.427 -0.0164326 -0.719344 0.0419834 0.693189
348.916 66.2251 43.3631 219.481 -0.015406 -0.70126 0.0441314 0.711372
349.642 63.0481 43.1975 219.942 -0.0127172 -0.630734 0.0412796 0.774796
350.368 60.1824 43.1184 221.292 -0.00487872 -0.502198 0.0361703 0.863982
351.094 57.7814 43.0417 223.704 -0.00934525 -0.338422 0.0315009 0.940421
352.129 55.8866 43.0219 228.5 -0.0139865 -0.125176 0.0420891 0.991143
352.75 55.5116 43.0387 231.739 -0.00713989 -0.0405622 0.044261 0.998171
353.474 55.395 43.0914 235.517 -0.0177615 -0.0198787 0.0536339 0.998205
354.197 54.9516 43.136 239.147 -0.0169878 -0.0895939 0.0569273 0.994205
354.714 54.1068 43.1279 241.376 -0.00503353 -0.200268 0.0443953 0.978722
355.334 52.2424 43.0328 243.57 -0.00467757 -0.376526 0.016543 0.926247
355.852 50.2871 43.0455 244.698 0.00115163 -0.522237 0.0141204 0.852683
356.578 46.7964 42.9516 245.322 0.00864492 -0.67147 0.0121253 0.740882
356.994 44.5768 42.9056 245.287 0.0202077 -0.704538 0.00829184 0.70933
357.825 39.4473 42.6951 245.108 0.0230964 -0.714214 0.00869955 0.699492
358.655 33.116 42.3754 244.976 0.0207621 -0.713446 0.0133493 0.700275
359.07 29.464 42.2077 244.861 0.0197215 -0.717447 0.0121528 0.696228
359.484 25.5688 42.0221 244.685 0.0207474 -0.720544 0.0110272 0.693011
360.003 20.3504 41.7907 244.441 0.0211304 -0.721749 0.010376 0.691754
360.313 17.1237 41.6454 244.271 0.027392 -0.720754 0.00684923 0.692616
360.728 12.8158 41.3968 244.063 0.0264956 -0.719872 0.00665133 0.693569
361.454 5.33617 40.9757 243.711 0.0206402 -0.724564 0.00450972 0.688884
361.972 0.106869 40.7019 243.358 0.0268632 -0.726564 -0.000261353 0.686574
362.386 -3.84979 40.4729 243.068 0.0326052 -0.727265 -0.0069093 0.685547
363.008 -9.25965 40.1664 242.67 0.0354791 -0.726743 -0.0125647 0.685878
364.667 -19.0515 39.6255 242.181 0.0323813 -0.70421 -0.0101168 0.709181
366.948 -24.4981 39.182 243.627 0.0259201 -0.515014 0.0110193 0.856719
367.778 -26.6983 38.9729 246.026 0.0238796 -0.302682 0.0133804 0.952698
368.813 -27.9694 38.6867 251.706 0.0170978 -0.0348407 0.0219467 0.999006
369.639 -28.0154 38.4474 257.92 0.0159717 -0.000695094 0.0272953 0.9995
370.571 -28.134 38.1109 266.498 0.0125951 -0.00787679 0.0230342 0.999624
371.4 -28.3687 37.7461 275.329 0.0104611 -0.010448 0.0238978 0.999605
371.919 -28.535 37.513 281.272 0.0161196 -0.0121246 0.0246514 0.999493
372.333 -28.6922 37.2813 286.118 0.0186804 -0.0134312 0.023161 0.999467
373.163 -28.9708 36.8258 296.002 0.018369 -0.0116118 0.0165135 0.999627
373.888 -29.2206 36.4413 304.776 0.0118357 -0.00888015 0.00756981 0.999862
374.717 -29.487 36.01 314.884 0.0139426 -0.0101934 0.0012448 0.99985
375.443 -29.7395 35.6527 323.759 0.0163869 -0.0118952 -0.00100096 0.999794
376.065 -29.9632 35.363 331.136 0.0140471 -0.0104689 0.000243027 0.999846
376.79 -30.189 35.0019 339.684 0.0140868 -0.0129551 0.00953995 0.999771
377.723 -30.5727 34.5568 349.941 0.0121865 -0.0147726 0.0139302 0.99972
378.863 -30.819 34.1214 360.537 0.00833482 -0.00237744 0.0152426 0.999846
380.314 -31.0093 33.7108 369.863 0.0140038 -0.0346561 0.00623734 0.999282
381.45 -33.1512 33.5827 374.391 -0.00667867 -0.348717 -0.00308398 0.937199
382.07 -35.7479 33.6991 375.739 -0.00788417 -0.560104 -0.0027713 0.82838
382.381 -37.3066 33.7431 375.961 0.00055587 -0.652806 -0.000227108 0.757525
382.693 -39.008 33.7616 375.889 -0.000122605 -0.714416 -0.0135533 0.69959
383.11 -41.4015 33.8375 375.554 0.00681151 -0.749446 -0.0235451 0.661611
383.527 -43.9797 33.897 375.178 0.013025 -0.753402 -0.0216541 0.657075
383.943 -46.8619 33.9364 374.79 0.0120928 -0.751586 -0.0179997 0.659278
384.981 -55.3553 34.0026 374.036 0.0236054 -0.722394 -0.0333847 0.690272
385.913 -64.4606 34.1542 373.693 0.0248658 -0.715877 -0.0368248 0.696811
386.432 -69.907 34.2128 373.539 0.0264616 -0.712678 -0.041211 0.699779
387.364 -79.7161 34.3486 373.23 0.0270463 -0.715464 -0.0430664 0.696796
388.09 -87.5591 34.4729 372.949 0.0297486 -0.714118 -0.0494216 0.697644
388.919 -95.9354 34.5638 372.806 0.0316972 -0.703499 -0.0534384 0.707975
389.852 -104.458 34.5925 372.88 0.0297116 -0.699731 -0.0419872 0.712552
390.473 -109.656 34.6361 372.78 0.0283521 -0.720453 -0.0388721 0.691832
390.992 -114.005 34.6633 372.391 0.0381229 -0.734162 -0.0434857 0.676507
391.51 -118.59 34.7105 371.987 0.0380265 -0.731657 -0.0507242 0.678719
392.132 -124.658 34.9351 371.595 0.0420277 -0.719299 -0.0611999 0.690722
392.651 -130.037 34.9974 371.391 0.0494126 -0.711331 -0.0617266 0.698395
393.48 -139.306 35.017 371.453 0.0487103 -0.696715 -0.0571893 0.713404
393.998 -145.143 35.0239 371.596 0.046591 -0.695105 -0.0570123 0.715128
394.412 -149.809 34.9982 371.701 0.0395281 -0.704349 -0.0473999 0.707165
394.827 -154.358 34.9972 371.585 0.0488493 -0.71039 -0.0525947 0.700138
395.241 -158.96 34.9974 371.49 0.0418927 -0.712606 -0.0585578 0.69786
395.656 -163.482 34.9967 371.364 0.0461911 -0.713849 -0.0565655 0.696481
396.485 -172.425 35.0675 370.959 0.0479318 -0.720009 -0.059895 0.689712
397.314 -181.063 35.1688 370.522 0.044986 -0.720765 -0.0636967 0.688779
397.729 -185.3 35.2066 370.298 0.0452503 -0.721285 -0.0617329 0.688397
398.558 -193.751 35.2412 369.926 0.0543017 -0.711285 -0.0633611 0.697933
399.18 -200.271 35.2722 369.883 0.0450848 -0.705791 -0.0586558 0.704547
399.698 -205.724 35.3087 369.829 0.0562438 -0.698882 -0.0686642 0.709708
400.32 -212.539 35.3417 369.956 0.0544094 -0.690739 -0.0717684 0.717473
400.942 -219.348 35.3317 370.208 0.0532993 -0.687452 -0.0716528 0.720718
401.564 -226.076 35.3333 370.542 0.0516616 -0.680818 -0.0716545 0.727107
402.289 -233.437 35.3046 371.222 0.0530981 -0.666605 -0.0696144 0.740252
403.222 -242.018 35.161 372.285 0.0494466 -0.656371 -0.0751822 0.749053
403.845 -246.63 35.1024 373.057 0.0610177 -0.629632 -0.0657466 0.771698
405.606 -255.615 34.7835 375.407 0.0407589 -0.630757 -0.0478968 0.773428
406.642 -259.624 34.8239 375.598 0.0466225 -0.69523 -0.0642515 0.71439
408.82 -268.099 34.8452 376.34 0.0629905 -0.638217 -0.0691893 0.764149
410.474 -273.426 35.0953 376.259 0.0541384 -0.784873 -0.0744329 0.612783
411.302 -276.58 35.4754 374.305 -0.0335912 0.905513 0.0799838 -0.415355
411.82 -278.264 35.9405 371.975 -0.0200944 0.958007 0.0863786 -0.272687
412.235 -279.369 36.3903 369.507 -0.0116762 0.97826 0.0932225 -0.184878
412.754 -280.35 37.0467 365.966 0.00147064 0.99017 0.0870759 -0.109453
413.377 -281.041 38.0006 360.884 0.000771799 0.994556 0.0888785 -0.0543855
414.103 -281.716 39.2583 353.89 -4.65738e-05 0.994585 0.0917176 -0.0488637
414.518 -282.098 40.0528 349.572 -0.00448131 0.994603 0.0933627 -0.0450433
414.932 -282.467 40.8819 345.076 -0.00565428 0.994815 0.0936916 -0.0391569
415.347 -282.77 41.7814 340.438 -0.00636267 0.994672 0.0975881 -0.0326024
416.072 -283.143 43.2049 332.352 -0.0143085 0.994975 0.0971628 -0.0194679
416.59 -283.26 44.27 326.575 -0.0132317 0.995029 0.0985264 -0.00583692
416.901 -283.259 44.9106 323.149 -0.010502 0.995055 0.0987306 0.00257088
417.212 -283.186 45.5327 319.769 -0.010754 0.995053 0.0982453 0.0100654
417.626 -283.048 46.3393 315.298 -0.00423862 0.994994 0.097986 0.0191718
417.937 -282.869 46.9571 311.953 -0.00126951 0.99467 0.0999235 0.0254154
418.351 -282.594 47.8031 307.515 -0.00444745 0.994713 0.0971913 0.0328796
418.766 -282.251 48.6473 303.055 -0.00398202 0.994614 0.0957969 0.0393686
419.077 -281.939 49.2961 299.663 -0.0079448 0.99438 0.0955601 0.0448741
419.388 -281.59 49.9347 296.267 -0.0089506 0.99418 0.0949321 0.0501323
419.802 -281.063 50.7818 291.716 -0.0129402 0.993624 0.0961079 0.0575094
420.424 -280.136 52.0504 284.69 -0.0188458 0.992804 0.0958481 0.0692635
420.838 -279.419 52.9157 280.058 -0.0194692 0.992121 0.0957175 0.0784561
421.252 -278.602 53.8072 275.374 -0.0225158 0.990845 0.0984466 0.0895979
421.77 -277.424 54.9233 269.667 -0.024219 0.989573 0.0974006 0.103303
422.289 -276.071 56.082 263.806 -0.0219116 0.988079 0.0991742 0.115694
422.6 -275.174 56.7521 260.326 -0.0194269 0.986937 0.100911 0.124079
423.014 -273.903 57.7058 255.661 -0.0172882 0.986011 0.0996404 0.132497
423.325 -272.909 58.3975 252.195 -0.0178527 0.985314 0.0990168 0.13796
423.843 -271.183 59.5614 246.482 -0.0165613 0.983895 0.10013 0.147139
424.257 -269.698 60.4861 241.896 -0.0156596 0.982381 0.0993482 0.15752
424.879 -267.3 61.9118 235.034 -0.0122695 0.980365 0.099248 0.169953
425.397 -265.217 63.0715 229.433 -0.0183295 0.97905 0.0990895 0.176936
426.019 -262.644 64.4744 222.798 -0.0192325 0.977546 0.0985699 0.185251
426.537 -260.409 65.6193 217.309 -0.0211096 0.975473 0.0996953 0.195108
426.951 -258.503 66.5572 212.964 -0.0286461 0.973964 0.0947996 0.203928
427.262 -257.042 67.2294 209.75 -0.0292436 0.972089 0.0978705 0.21121
427.78 -254.486 68.3865 204.452 -0.0300519 0.969256 0.0979134 0.223725
428.402 -251.36 69.7373 198.359 -0.0328153 0.966282 0.0988995 0.235458
429.024 -248.107 71.0783 192.324 -0.0266829 0.963604 0.0991378 0.246832
429.542 -245.277 72.2417 187.327 -0.0306209 0.960885 0.0968393 0.257652
430.163 -241.646 73.5944 181.318 -0.0252962 0.957693 0.0952555 0.27039
430.578 -239.171 74.4589 177.345 -0.0263146 0.954781 0.0976463 0.279583
430.785 -237.847 74.9224 175.385 -0.0302724 0.953636 0.0951929 0.283902
431.096 -235.848 75.598 172.479 -0.0361527 0.951826 0.0942794 0.289538
431.511 -233.142 76.5209 168.557 -0.0392653 0.949102 0.0952281 0.297651
432.029 -229.655 77.6709 163.712 -0.0409002 0.946555 0.0901261 0.306981
432.443 -226.886 78.551 159.964 -0.0408955 0.943888 0.0933208 0.314157
432.961 -223.323 79.6727 155.358 -0.040964 0.939528 0.0970412 0.325872
433.687 -218.13 81.3575 148.966 -0.0364039 0.933408 0.0966546 0.34363
434.309 -213.47 82.74 143.643 -0.033535 0.92911 0.0988522 0.354764
435.138 -206.896 84.5728 136.69 -0.0359363 0.922975 0.0944839 0.371348
435.76 -201.628 86.013 131.44 -0.034886 0.91753 0.096539 0.38419
436.485 -195.208 87.7292 125.427 -0.0388049 0.911784 0.0951944 0.397596
437.314 -187.678 89.7257 118.652 -0.0432901 0.907982 0.0947763 0.405846
437.936 -182.073 91.1907 113.773 -0.0547282 0.90684 0.0940131 0.407195
438.662 -175.396 93.0113 107.727 -0.0401138 0.909975 0.0974042 0.401059
439.387 -168.731 94.7765 101.732 -0.0414471 0.911513 0.0909419 0.398942
440.113 -162.138 96.5325 95.7183 -0.0378527 0.910233 0.095676 0.40111
440.734 -156.492 98.0224 90.6577 -0.0409908 0.910037 0.0931436 0.401841
441.356 -150.869 99.5003 85.6268 -0.0420889 0.910398 0.0894615 0.401746
441.978 -145.211 100.954 80.5519 -0.0487145 0.909774 0.0935337 0.401484
442.288 -142.41 101.665 78.0624 -0.05402 0.909842 0.0879819 0.401906
443.014 -136.01 103.335 72.226 -0.05651 0.90947 0.0868032 0.402662
443.635 -130.381 104.8 67.1432 -0.0567826 0.908839 0.0908396 0.403158
444.153 -125.685 106.053 62.9028 -0.054407 0.908633 0.0910245 0.403907
444.672 -120.994 107.305 58.6729 -0.0519373 0.90857 0.0860413 0.405462
445.19 -116.247 108.552 54.4209 -0.0488188 0.908885 0.0871745 0.404901
445.708 -111.378 109.794 50.1047 -0.0541883 0.908642 0.089589 0.404236
446.33 -105.594 111.275 44.9651 -0.0565761 0.908256 0.088281 0.405064
446.952 -99.8676 112.755 39.8757 -0.0645352 0.907383 0.0861905 0.406278
447.574 -94.204 114.27 34.837 -0.0692877 0.90723 0.0861835 0.405839
448.195 -88.607 115.786 29.7432 -0.0638472 0.909132 0.0886844 0.401918
448.713 -84.072 117.027 25.6577 -0.0615662 0.911277 0.0826405 0.398692
449.232 -79.6759 118.233 21.6146 -0.0635271 0.911515 0.084686 0.397407
449.853 -74.5397 119.63 16.8681 -0.0699043 0.909845 0.0835487 0.400394
450.475 -69.7404 120.911 12.483 -0.0685667 0.908122 0.0783246 0.405559
451.097 -65.3648 122.011 8.55183 -0.0681857 0.904535 0.0793659 0.413362
451.615 -62.0848 122.784 5.84494 -0.0715143 0.896449 0.0771997 0.43047
452.133 -58.9376 123.526 3.61971 -0.0720019 0.874322 0.07915 0.473404
452.651 -55.7092 124.263 2.00971 -0.0725571 0.830604 0.0815352 0.546063
453.272 -51.76 125.131 1.13493 -0.0696938 0.744716 0.0878136 0.657898
453.79 -48.5711 125.804 1.39043 -0.0593996 0.650778 0.0935548 0.751137
454.413 -45.103 126.525 2.73145 -0.0515615 0.528589 0.0960993 0.841843
455.036 -41.9594 127.142 4.81601 -0.0431199 0.469338 0.0852822 0.877832
456.177 -36.4542 128.135 8.36493 -0.0397178 0.48402 0.0961996 0.868846
457.317 -32.1092 128.934 10.8492 -0.0404596 0.511157 0.100639 0.852615
458.871 -28.75 129.537 12.8498 -0.0230369 0.469377 0.0956997 0.877494
460.01 -26.5263 129.87 15.3048 -0.0135321 0.323638 0.0989454 0.940896
460.838 -25.0336 130.044 18.4739 -0.00182546 0.181942 0.107342 0.977431
461.563 -24.2923 130.071 22.419 0.0137355 0.0505501 0.11589 0.99188
462.186 -24.2739 129.867 26.683 0.0179505 -0.0139686 0.110848 0.993577
463.223 -24.658 129.453 35.1694 0.0217694 -0.0232166 0.10015 0.994463
464.156 -25.1877 128.924 44.1864 0.0167505 -0.0389474 0.0996925 0.994115
464.882 -25.7843 128.497 51.6895 0.017933 -0.0446502 0.102483 0.99357
465.814 -26.6111 127.931 61.5264 0.0162415 -0.039934 0.0902531 0.994985
466.333 -27.0256 127.644 67.1226 0.0193979 -0.0347285 0.0879459 0.995331
466.851 -27.3682 127.318 72.8134 0.0185075 -0.0344457 0.0942827 0.994777
467.472 -27.7935 126.984 79.68 0.0198471 -0.0335568 0.0966366 0.994556
468.302 -28.4448 126.459 89.0696 0.0129404 -0.0344489 0.0924017 0.995042
469.234 -29.1684 125.83 99.6478 0.0155875 -0.0329853 0.0997393 0.994345
470.167 -29.7899 125.293 109.921 0.0122702 -0.0303858 0.0975486 0.994691
