1563003603.74419498 0.87299992 0.02599999 0.67999996 -0.39498343 0.40598227 -0.59997466 0.56497512
1563003603.81071091 0.91665443 0.02630230 0.68188762 -0.39440507 0.40646957 -0.60055478 0.56441216
1563003604.74462891 1.42163613 -0.03684760 0.68108433 -0.39180538 0.40980469 -0.60485424 0.55919586
1563003605.64480090 2.06134385 -0.10571850 0.68367721 -0.38698816 0.41338421 -0.61167391 0.55245695
1563003606.41190696 2.69861750 -0.19058777 0.68631831 -0.38435736 0.41540677 -0.61733618 0.54644550
1563003607.31239891 3.42093204 -0.27472192 0.68717035 -0.38430514 0.41674120 -0.61672173 0.54615991
1563003608.01269603 3.98861076 -0.32806866 0.69040094 -0.38648856 0.41448394 -0.61208859 0.55152264
1563003608.61305094 4.48004546 -0.37191961 0.68793052 -0.38565897 0.41358049 -0.61059660 0.55442775
1563003609.11330009 4.89498183 -0.41761799 0.69006797 -0.38532185 0.41372463 -0.61231842 0.55265283
1563003609.64668489 5.36429000 -0.48132791 0.69410434 -0.38238970 0.41710295 -0.61333128 0.55102448
1563003610.21361709 5.87400862 -0.56597215 0.69466714 -0.38122724 0.41910363 -0.61618294 0.54711655
1563003610.74728203 6.37570645 -0.65109695 0.68907891 -0.38103887 0.41776999 -0.61777337 0.54647386
1563003611.28087711 6.87872743 -0.71979811 0.68624660 -0.38259772 0.41640261 -0.61624446 0.54815200
1563003611.81446695 7.38173275 -0.77221214 0.68637110 -0.38377573 0.41538606 -0.61442209 0.55014189
1563003612.31470394 7.85779934 -0.80140792 0.68800406 -0.38605544 0.41451240 -0.61272436 0.55109848
1563003612.81491709 8.33942750 -0.83930529 0.68663340 -0.38798836 0.41504701 -0.61090854 0.55135449
1563003613.38179588 8.89259910 -0.90563388 0.67980469 -0.39002591 0.41560248 -0.60944135 0.55112214
1563003613.91533208 9.41013442 -0.95918059 0.67827709 -0.39014129 0.41576317 -0.60882649 0.55159865
1563003614.51552010 9.99072963 -1.05031463 0.67867768 -0.38812899 0.41605755 -0.60927628 0.55229921
1563003615.01574802 10.46254164 -1.10719108 0.68104056 -0.38709186 0.41628824 -0.61124413 0.55067650
1563003615.58275509 11.00552460 -1.14930593 0.68195952 -0.38549178 0.41927838 -0.61199994 0.54868734
1563003616.14957309 11.55900225 -1.20589380 0.68038043 -0.38548303 0.42065172 -0.61205228 0.54758284
1563003616.68327904 12.06615954 -1.27827046 0.67878746 -0.38711370 0.41947779 -0.61151866 0.54792910
1563003617.14986110 12.50396414 -1.33640565 0.67409877 -0.38653173 0.41833403 -0.61048626 0.55036023
1563003617.65037489 12.97097546 -1.39911921 0.67541832 -0.38587267 0.41842403 -0.60903858 0.55235461
1563003618.08406591 13.37896957 -1.44853824 0.67525681 -0.38598064 0.41883733 -0.60936489 0.55160554
1563003618.48416710 13.75483892 -1.49687292 0.67950728 -0.38693829 0.41791554 -0.61169643 0.54904721
1563003618.78426695 14.04133117 -1.55096056 0.68083058 -0.38333467 0.42188212 -0.61362236 0.54638595
1563003619.21747398 14.51117136 -1.68239679 0.66851809 -0.37938780 0.42565232 -0.62090313 0.53792593
1563003619.58444810 14.87668950 -1.79205307 0.66584367 -0.37033397 0.43402447 -0.63243894 0.52392414
1563003619.91791701 15.23229552 -1.94047813 0.66561943 -0.35472022 0.44541297 -0.64894016 0.50463603
1563003620.18458390 15.47671156 -2.06867233 0.66728038 0.34269844 -0.45472574 0.66414409 -0.48445320
1563003620.41803694 15.68038174 -2.20489324 0.67021089 0.32979597 -0.46443935 0.67777136 -0.46492654
1563003620.61799097 15.84714583 -2.33818828 0.67358231 0.31659994 -0.47337932 0.68907291 -0.44816851
1563003620.81817293 16.00481381 -2.47497928 0.67860859 0.30439831 -0.48264242 0.70001758 -0.42938718
1563003621.05149603 16.17877958 -2.64813035 0.68176065 0.28990965 -0.48991875 0.71443323 -0.40683801
1563003621.25145006 16.32041390 -2.82677289 0.68336149 0.27590405 -0.49669107 0.72660455 -0.38629103
1563003621.45161796 16.45409818 -3.00442100 0.68354898 0.26236187 -0.50344612 0.73815373 -0.36446854
1563003621.65154910 16.56729425 -3.18029121 0.68644175 0.24718495 -0.50950836 0.74954802 -0.34275150
1563003621.85173392 16.68258938 -3.38605622 0.69049562 0.23159733 -0.51583315 0.76036594 -0.31956607
1563003622.05163002 16.76503971 -3.57529144 0.69491355 0.21436939 -0.52167016 0.77084419 -0.29615072
1563003622.25156093 16.84380551 -3.79050448 0.69604388 0.19620041 -0.52807512 0.78087957 -0.26994291
1563003622.45177698 16.89476984 -4.00263615 0.69859469 0.17548105 -0.53474379 0.79041564 -0.24186485
1563003622.68501806 16.93809307 -4.27969575 0.70436728 0.15162734 -0.54210895 0.80040628 -0.20609907
1563003622.88514495 16.95861664 -4.50983224 0.70558774 0.12871765 -0.54899837 0.80686018 -0.17609432
1563003623.08508801 16.96389997 -4.72641469 0.70689833 0.10887539 -0.55416896 0.81254486 -0.14426973
1563003623.25173092 16.95523266 -4.91327142 0.70910006 0.09063253 -0.55800495 0.81649463 -0.11727208
1563003623.45195198 16.93928450 -5.12303166 0.71226019 0.07088517 -0.56164636 0.81921503 -0.09173547
1563003623.98478794 16.98944465 -5.69277835 0.71848022 0.05603655 -0.56412257 0.82056169 -0.07282950
1563003624.61784911 17.09805225 -6.35688211 0.72642323 0.05438694 -0.56358285 0.82121423 -0.07087749
1563003625.11832094 17.12907611 -6.90026716 0.72932020 0.04091647 -0.56656333 0.82137097 -0.05178387
1563003625.65212488 17.13599622 -7.48733738 0.73389031 0.02531805 -0.56689874 0.82279845 -0.03142490
1563003626.11916494 17.13564251 -7.99475613 0.74152565 0.01535323 -0.56576388 0.82424074 -0.01739876
1563003626.58605504 17.12364264 -8.49938254 0.74769042 0.00810751 -0.56705039 0.82362182 -0.00593538
1563003627.08636999 17.11342749 -9.04322920 0.74880840 0.00241792 -0.56716392 0.82360115 0.00062538
1563003627.48653793 17.11126245 -9.48021614 0.75051417 -0.00051160 -0.56798950 0.82302526 0.00413449
1563003627.95325208 17.10183386 -10.01566853 0.75155695 -0.00265729 -0.56793240 0.82304395 0.00666182
1563003628.35352111 17.10036503 -10.46463386 0.75478091 -0.00087061 -0.56809923 0.82294351 0.00514663
1563003628.72046590 17.10613989 -10.88137365 0.75405357 0.00116420 -0.56861315 0.82260398 0.00064505
1563003629.12085390 17.12313505 -11.34387055 0.75828369 0.00366571 -0.56780388 0.82315014 -0.00302605
1563003629.52112389 17.14250155 -11.80194333 0.75775561 0.00674827 -0.56852989 0.82260960 -0.00645539
1563003629.85459089 17.16249886 -12.17581814 0.75905521 0.00735775 -0.56803068 0.82292191 -0.00930274
1563003630.22130489 17.17506474 -12.58640229 0.75899256 0.00924195 -0.56893259 0.82224614 -0.01189879
1563003630.72152901 17.19215949 -13.17707350 0.75661393 0.00989958 -0.56994316 0.82153787 -0.01192974
1563003631.25509501 17.19203569 -13.79195478 0.75459923 0.00941693 -0.56942470 0.82195976 -0.00699939
1563003631.75537491 17.17710726 -14.36384673 0.75478589 0.00829090 -0.56981511 0.82172098 -0.00407697
1563003632.25570202 17.17262871 -14.93749294 0.75339407 0.00407205 -0.57058877 0.82122145 -0.00268341
1563003632.68948007 17.17460129 -15.43264378 0.74840542 0.00366499 -0.57163605 0.82049911 -0.00003919
1563003633.08985806 17.19055157 -15.88649752 0.74907749 -0.00049987 -0.57194494 0.82027783 0.00479826
1563003633.42347503 17.19456271 -16.26814119 0.74616398 -0.00175231 -0.57299834 0.81954087 0.00475343
1563003633.79017711 17.21585164 -16.68981558 0.75314934 -0.00424825 -0.57466482 0.81835085 0.00664618
1563003634.19003892 17.21190327 -17.14564868 0.75065641 -0.00259974 -0.57457732 0.81842470 0.00592928
1563003634.52378297 17.21129659 -17.52998789 0.74918517 -0.00185499 -0.57387720 0.81891693 0.00604751
1563003634.85740304 17.21047767 -17.90486875 0.74173809 -0.00037001 -0.57408641 0.81877982 0.00492608
1563003635.22411609 17.20576270 -18.32563147 0.73614741 -0.00144194 -0.57404231 0.81881321 0.00427555
1563003635.55765700 17.19931327 -18.70770482 0.73433878 -0.00289719 -0.57490402 0.81821155 0.00261469
1563003635.92450809 17.19635192 -19.12752604 0.72387557 -0.00244044 -0.57483877 0.81825413 0.00382295
1563003636.29127192 17.19163441 -19.55436917 0.71502003 -0.00142773 -0.57542374 0.81784122 0.00460618
1563003636.69138789 17.18343531 -20.03226076 0.70982154 -0.00055861 -0.57619688 0.81729773 0.00461056
1563003637.09170389 17.17135501 -20.50351984 0.70842095 -0.00114841 -0.57615979 0.81732409 0.00446228
1563003637.49184299 17.17069934 -20.96978543 0.71025697 -0.00430610 -0.57733690 0.81646348 0.00713788
1563003637.89215398 17.15156773 -21.43327592 0.69923571 -0.00591748 -0.57787056 0.81606567 0.00821111
1563003638.25883293 17.13427943 -21.85083815 0.68810469 -0.00556713 -0.57851458 0.81557862 0.01101820
1563003638.59230089 17.11640925 -22.23364080 0.67897152 -0.00607392 -0.57959097 0.81477434 0.01342371
1563003638.95924807 17.09728022 -22.65139437 0.67100974 -0.00762112 -0.57962536 0.81470418 0.01527941
1563003639.45938396 17.06792148 -23.25560453 0.65847584 -0.00989846 -0.57986335 0.81442994 0.01908910
1563003639.89294004 17.03206658 -23.77735092 0.64199822 -0.01196954 -0.58181130 0.81298995 0.01999204
1563003640.35999799 17.02852266 -24.34723452 0.62543488 -0.01405376 -0.58469498 0.81077458 0.02405931
1563003640.82708001 17.02087995 -24.91188113 0.60788328 -0.01773541 -0.58513144 0.81017257 0.03044770
1563003641.22726703 16.99740137 -25.38770461 0.59668907 -0.02004605 -0.58403023 0.81071134 0.03541148
1563003641.62768006 16.95629795 -25.85322471 0.57820341 -0.01994682 -0.58613643 0.80911560 0.03712342
1563003642.02804589 16.91830251 -26.30758295 0.56022880 -0.02009672 -0.58528682 0.80970755 0.03753852
1563003642.39511991 16.88417776 -26.72003864 0.54408397 -0.01924343 -0.58578985 0.80936484 0.03753014
1563003642.72828007 16.85718757 -27.08948827 0.53002810 -0.01883870 -0.58615691 0.80921969 0.03505251
1563003643.02827096 16.82650189 -27.41996210 0.51534924 -0.01703547 -0.58854671 0.80773147 0.02987377
1563003643.32843709 16.80523827 -27.74386994 0.50713389 -0.01422772 -0.58785978 0.80844381 0.02524008
1563003643.59509301 16.78288063 -28.05167048 0.49264533 -0.01123953 -0.58819530 0.80836203 0.02123183
1563003643.89529490 16.77349971 -28.38408030 0.47852750 -0.00870519 -0.58885172 0.80801480 0.01702816
1563003644.19535398 16.78084364 -28.71628725 0.46311165 -0.00348928 -0.58743877 0.80915831 0.01289725
1563003644.49569511 16.78179937 -29.04947262 0.44932202 0.00042679 -0.58719302 0.80941088 0.00762872
1563003644.82925606 16.81156517 -29.42935453 0.44226510 0.00332530 -0.58809620 0.80877727 0.00333541
1563003645.22932601 16.82572410 -29.90290683 0.41139610 0.00824817 -0.58929060 0.80787735 -0.00165822
1563003645.62974095 16.85274749 -30.34830247 0.39333640 0.01139261 -0.58907694 0.80794372 -0.00924733
1563003646.03010201 16.89663715 -30.79454483 0.37212069 0.01697486 -0.58882041 0.80787753 -0.01833772
1563003646.39720106 16.95039488 -31.19774074 0.35424433 0.02204730 -0.59022936 0.80652491 -0.02570583
1563003646.76397300 17.00122205 -31.60488293 0.32400509 0.02544452 -0.59314724 0.80410358 -0.03076286
1563003647.09763193 17.05517885 -31.98015210 0.29969903 0.02624501 -0.59372405 0.80357716 -0.03266020
1563003647.49800706 17.08587507 -32.42537313 0.27344737 0.02813592 -0.59221691 0.80445611 -0.03657687
1563003647.99824691 17.12754956 -33.01682865 0.23405542 0.03094528 -0.59249439 0.80422604 -0.03483188
1563003648.46497798 17.14467169 -33.56278993 0.21245995 0.02892523 -0.59417469 0.80318747 -0.03177519
1563003648.93196106 17.17824449 -34.10660407 0.18698406 0.02332124 -0.59563497 0.80246456 -0.02693957
1563003649.36547995 17.19409085 -34.60844212 0.15033759 0.02042118 -0.59722826 0.80149856 -0.02239270
1563003649.76537609 17.21680680 -35.06165899 0.12970865 0.01930889 -0.59951422 0.79988243 -0.01994891
1563003650.13230205 17.22700120 -35.44953536 0.09866996 0.01920878 -0.60006322 0.79952096 -0.01792711
1563003650.49906492 17.24310078 -35.82172517 0.06763830 0.01789499 -0.60062874 0.79915007 -0.01685414
1563003650.86581397 17.26047738 -36.19442807 0.03923067 0.01585187 -0.60192763 0.79827729 -0.01360944
1563003651.23245811 17.28236896 -36.56118648 0.01061858 0.01596862 -0.60262304 0.79779077 -0.01097069
1563003651.56594205 17.30013877 -36.89124750 -0.01687321 0.01435283 -0.60324792 0.79737885 -0.00853861
1563003651.89942503 17.31627924 -37.17634060 -0.03483385 0.01225617 -0.60306717 0.79757745 -0.00547587
1563003652.23267794 17.33223531 -37.43224377 -0.04976240 0.00998744 -0.60368417 0.79715314 -0.00354247
1563003652.53277302 17.34127941 -37.66734652 -0.06678943 0.01058424 -0.60423114 0.79672895 -0.00395964
1563003652.89976692 17.35350000 -37.97629558 -0.09539434 0.01204108 -0.60408671 0.79680827 -0.00555417
1563003653.23308897 17.36966734 -38.27722230 -0.11744695 0.01408208 -0.60389229 0.79691695 -0.00625924
1563003653.59999895 17.39149561 -38.62139799 -0.14367278 0.01524480 -0.60638843 0.79499885 -0.00612305
1563003653.90014601 17.39821002 -38.90672566 -0.16842784 0.01403295 -0.60768841 0.79402837 -0.00606853
1563003654.16684699 17.40364307 -39.15639060 -0.19097590 0.01128246 -0.60778749 0.79400799 -0.00428801
1563003654.40035200 17.40963310 -39.37038917 -0.20871849 0.00921991 -0.60785869 0.79398616 -0.00296488
1563003654.70038700 17.40808490 -39.65291913 -0.23457177 0.00966368 -0.60811606 0.79378688 -0.00196579
1563003654.96731710 17.41242979 -39.90666220 -0.25675408 0.00963954 -0.60773266 0.79408312 -0.00031706
1563003655.23382211 17.41543151 -40.15448549 -0.28113636 0.00895402 -0.60868843 0.79335878 0.00024340
1563003655.50086308 17.42148190 -40.40179776 -0.30519681 0.00934750 -0.60925555 0.79291686 0.00177588
1563003655.80086398 17.41938226 -40.67050597 -0.32953018 0.00991852 -0.60917717 0.79296990 0.00188021
1563003656.13421798 17.41976062 -40.96480218 -0.36132016 0.00870819 -0.60889821 0.79319581 0.00274736
1563003656.46748090 17.41807451 -41.24898291 -0.39068825 0.00971459 -0.60868778 0.79334525 0.00285107
1563003656.86832404 17.41996228 -41.57303828 -0.42216510 0.00959132 -0.60780944 0.79401893 0.00310152
1563003657.20175099 17.42581842 -41.84286972 -0.44381712 0.00902056 -0.60797743 0.79388629 0.00516021
1563003657.53516507 17.41873900 -42.10558528 -0.47251080 0.00766741 -0.60830512 0.79364993 0.00508790
1563003657.90236902 17.43534807 -42.39188778 -0.49565683 0.00449370 -0.60914093 0.79297273 0.01101776
1563003658.33563399 17.41623444 -42.74658501 -0.53377963 0.00163971 -0.60948296 0.79269924 0.01247995
1563003658.76929593 17.43558187 -43.10578358 -0.56307805 -0.00331942 -0.61096281 0.79145897 0.01749650
1563003659.16948390 17.42611020 -43.43883976 -0.59581339 -0.00636236 -0.61179489 0.79072972 0.02032336
1563003659.63618708 17.39679231 -43.81785200 -0.63275285 -0.00932212 -0.61190068 0.79057725 0.02186912
1563003660.10302210 17.36919544 -44.19358289 -0.67547003 -0.01161172 -0.61295707 0.78968975 0.02321408
1563003660.50304294 17.34703472 -44.49944169 -0.71041632 -0.01378627 -0.61513625 0.78793163 0.02410574
1563003660.80283499 17.34054195 -44.71066655 -0.73327460 -0.01489134 -0.61642746 0.78683760 0.02611585
1563003661.10272503 17.31781466 -44.90295520 -0.75498646 -0.01433169 -0.61710071 0.78634882 0.02523583
1563003661.43622899 17.29258374 -45.11610499 -0.78053586 -0.01403670 -0.61595545 0.78727746 0.02441421
1563003661.76944709 17.27309513 -45.33505931 -0.80670472 -0.01481128 -0.61660425 0.78672747 0.02529249
1563003662.10311198 17.25337585 -45.53793623 -0.83016128 -0.01479231 -0.61629842 0.78692598 0.02655086
1563003662.63634706 17.24147855 -45.69417272 -0.84894016 -0.01513459 -0.61676035 0.78653542 0.02719628
1563003663.40358400 17.23800897 -45.72922495 -0.85224699 -0.01538014 -0.61667504 0.78659803 0.02718245
1563003664.47085404 17.22877538 -45.82941329 -0.86115853 -0.01545760 -0.61694879 0.78635816 0.02785838
1563003665.20473909 17.22120175 -46.06021397 -0.88340865 -0.01634584 -0.61760728 0.78575447 0.02973172
1563003665.80519009 17.18526274 -46.34489675 -0.91552921 -0.02018150 -0.61759504 0.78546056 0.03493983
1563003666.27204108 17.14991339 -46.61911607 -0.94903959 -0.02240711 -0.61830170 0.78462621 0.03953035
1563003666.70575190 17.10939357 -46.92102576 -0.98666799 -0.02567998 -0.61726366 0.78507385 0.04455516
1563003667.07259798 17.08652843 -47.21835854 -1.03318474 -0.03021139 -0.61685120 0.78477534 0.05205317
1563003667.43952107 17.03846774 -47.54168877 -1.07406134 -0.03264086 -0.61795403 0.78340174 0.05787141
1563003667.77274990 16.99851054 -47.86834945 -1.11980119 -0.03206321 -0.61968620 0.78202710 0.05826302
1563003668.03961205 16.97476569 -48.13948081 -1.15719284 -0.03120596 -0.62046302 0.78158568 0.05635285
1563003668.47306800 16.94946713 -48.57672309 -1.21161133 -0.02451023 -0.62071912 0.78223076 0.04713872
1563003668.87327194 16.94634433 -48.95844138 -1.25460717 -0.01811751 -0.62196145 0.78201002 0.03600063
1563003669.30659509 16.95166489 -49.34714368 -1.30460124 -0.00967013 -0.62254911 0.78218107 0.02306218
1563003669.73984098 16.97038301 -49.73548067 -1.35483766 -0.00212699 -0.62437465 0.78104727 0.01081400
1563003670.10655499 16.98685855 -50.06781574 -1.40291444 0.00379785 -0.62563107 0.78010762 0.00185563
1563003670.50665998 17.00558735 -50.43954646 -1.45026710 0.00699954 -0.62703757 0.77895641 -0.00134440
1563003670.94011998 17.00017996 -50.84546111 -1.50493038 0.00533151 -0.62762392 0.77849832 -0.00040023
1563003671.27345395 16.98634129 -51.15449148 -1.54491521 0.00157218 -0.62827311 0.77796976 0.00578613
1563003671.80755997 16.93980115 -51.68983613 -1.62187999 -0.00442792 -0.62818243 0.77786483 0.01713303
1563003672.20812011 16.89680099 -52.09161909 -1.68151723 -0.01006308 -0.62875739 0.77705664 0.02731020
1563003672.60876894 16.83533290 -52.48866959 -1.74027181 -0.01611930 -0.62885832 0.77635212 0.03943042
1563003673.04251599 16.77284005 -52.90215358 -1.79425388 -0.02676954 -0.62888562 0.77491438 0.05739306
1563003673.44282889 16.69822593 -53.27676800 -1.84635935 -0.03517140 -0.62920425 0.77321705 0.07071335
1563003673.84280610 16.63426946 -53.65724519 -1.90099397 -0.03668520 -0.62953004 0.77247417 0.07503189
1563003674.20975590 16.58956594 -54.00483006 -1.95444863 -0.03620176 -0.63041502 0.77195185 0.07318938
1563003674.57663488 16.55967219 -54.35690253 -2.01435881 -0.03175250 -0.63130912 0.77204575 0.06622641
1563003674.97706389 16.53486946 -54.73755778 -2.07396151 -0.02492401 -0.63202756 0.77259146 0.05497635
1563003675.37749100 16.52450466 -55.11065328 -2.13566006 -0.01792501 -0.63115000 0.77439049 0.04059232
1563003675.74426293 16.54395867 -55.45200871 -2.19079622 -0.00715253 -0.63307368 0.77376404 0.02134858
1563003676.04451489 16.57303136 -55.73205452 -2.23923375 0.00168783 -0.63436344 0.77300900 0.00610437
1563003676.34443402 16.61223055 -56.01595412 -2.28707098 0.00995591 -0.63510866 0.77232191 -0.00753188
1563003676.57789803 16.63278391 -56.24693053 -2.32501388 0.01317489 -0.63575153 0.77164460 -0.01452671
1563003676.91134501 16.65922644 -56.59377325 -2.37525353 0.01462997 -0.63514637 0.77202290 -0.01886002
1563003677.34469104 16.66528655 -57.03452625 -2.44789519 0.01464032 -0.63519505 0.77201233 -0.01760326
1563003677.81151295 16.66948855 -57.46786089 -2.51876212 0.01375269 -0.63609360 0.77138809 -0.01249805
1563003678.24501705 16.65293935 -57.85622834 -2.58698555 0.00869257 -0.63506260 0.77239222 -0.00549517
1563003678.71203995 16.62349803 -58.27240692 -2.66223416 0.00400342 -0.63595551 0.77170291 0.00437945
1563003679.21222591 16.58248879 -58.63966997 -2.71985438 -0.00127770 -0.63443766 0.77284295 0.01417740
1563003679.87917805 16.53211320 -59.06364475 -2.79373153 -0.00713891 -0.63576370 0.77145058 0.02485058
1563003680.57971096 16.47732728 -59.44604963 -2.86213968 -0.01347486 -0.63769688 0.76934339 0.03566329
1563003681.24602604 16.41561561 -59.76741687 -2.92267459 -0.02007547 -0.63877823 0.76766961 0.04735733
1563003681.51302695 16.38618739 -59.90196685 -2.94791155 -0.02331159 -0.63935548 0.76664140 0.05424126
1563003681.71300411 16.35812138 -60.00725536 -2.96678379 -0.02787202 -0.63975925 0.76564537 0.06097887
1563003681.98016310 16.30406477 -60.14289396 -2.99059706 -0.03651980 -0.63849865 0.76503744 0.07552150
1563003682.18028998 16.24137762 -60.23847426 -3.00523309 -0.04741779 -0.63669388 0.76380076 0.09476731
1563003682.41399598 16.14369812 -60.34255225 -3.02068658 -0.06472106 -0.63337986 0.76078745 0.12587130
1563003682.68091893 16.01870973 -60.44912879 -3.03640659 -0.08595715 -0.62903904 0.75522320 0.16296987
1563003683.04795599 15.83374560 -60.57604991 -3.05565789 -0.11542080 -0.62153137 0.74515290 0.21242398
1563003683.31461096 15.69300206 -60.65810176 -3.06876588 -0.13451784 -0.61395058 0.73649748 0.25008219
1563003683.54828811 15.55003537 -60.70762931 -3.07601952 -0.15597407 -0.60510799 0.72523923 0.28904060
1563003683.78165698 15.38773688 -60.73327409 -3.07969336 -0.17960879 -0.59355936 0.71098290 0.33155887
1563003683.91529608 15.29409465 -60.74034769 -3.07992708 -0.19598091 -0.58564401 0.70182475 0.35504168
1563003684.11535501 15.15676565 -60.74226171 -3.08118467 -0.21488256 -0.57477658 0.68733529 0.38862265
1563003684.28196406 15.04421883 -60.73756762 -3.08102315 -0.23014304 -0.56492869 0.67542581 0.41435460
1563003684.48225093 14.91621535 -60.72587420 -3.07782110 -0.24608555 -0.55271633 0.66198860 0.44239988
1563003684.68240190 14.78766855 -60.71775489 -3.07554004 -0.25880739 -0.54168496 0.64896257 0.46737963
1563003684.84924293 14.68334027 -60.72006343 -3.07477123 -0.26725644 -0.53483317 0.64164680 0.48043403
1563003685.08284307 14.54278868 -60.74263545 -3.07869947 -0.27353606 -0.52927694 0.63640025 0.48993742
1563003685.38291311 14.36528548 -60.77559143 -3.08010402 -0.27912474 -0.52297673 0.63053634 0.50100762
1563003685.68315911 14.18793257 -60.80400103 -3.08116525 -0.28396873 -0.51693255 0.62355142 0.51315312
1563003685.95014310 14.02644599 -60.81477274 -3.08131957 -0.29110683 -0.51003628 0.61623590 0.52476006
1563003686.18338299 13.88575811 -60.82067941 -3.08183529 -0.29713552 -0.50417988 0.60812052 0.53637912
1563003686.41697788 13.74019594 -60.79266304 -3.07596236 -0.30876135 -0.49281041 0.59362108 0.55625385
1563003686.68349504 13.56987946 -60.73997831 -3.06529674 -0.32402139 -0.47684458 0.57484283 0.58067642
1563003686.95042109 13.40729147 -60.67512321 -3.05253127 -0.33955359 -0.46007912 0.55450722 0.60460922
1563003687.25064206 13.22498419 -60.59442705 -3.03564856 -0.35473831 -0.44071729 0.53275424 0.62936629
1563003687.51787591 13.05767145 -60.51816277 -3.01896333 -0.36651010 -0.42490481 0.51402178 0.64877413
1563003687.85129094 12.82799647 -60.40933400 -2.99703425 -0.37911288 -0.40510267 0.49215091 0.67078516
1563003688.45188689 12.37342452 -60.24735045 -2.96195222 -0.38921516 -0.38783511 0.47411345 0.68797668
1563003688.78538299 12.08555941 -60.22428070 -2.95853399 -0.38201378 -0.39796385 0.48761744 0.67669748
1563003689.05227900 11.85305504 -60.22377068 -2.95858685 -0.37601995 -0.40808995 0.49763516 0.66665646
1563003689.35237193 11.58682778 -60.22958444 -2.95823019 -0.36842486 -0.41831582 0.51110765 0.65425069
1563003689.71931005 11.25537238 -60.24581852 -2.95781054 -0.36027918 -0.43120546 0.52588378 0.63851939
1563003690.08619595 10.91337819 -60.27045389 -2.96134272 -0.35260037 -0.44121946 0.53722346 0.62640987
1563003690.45293808 10.56233239 -60.27561762 -2.96157374 -0.34980858 -0.44451962 0.54383233 0.61990536
1563003690.81943202 10.19650358 -60.28132550 -2.96091792 -0.34882214 -0.44585075 0.54631455 0.61731730
1563003691.18636799 9.82757091 -60.28355015 -2.95744460 -0.34659076 -0.44758580 0.54877527 0.61513210
1563003691.55336499 9.45068857 -60.28161419 -2.95274413 -0.34794996 -0.44689375 0.54867464 0.61495768
1563003691.95373988 9.03597448 -60.26916401 -2.94668805 -0.34818585 -0.44503658 0.54685428 0.61778593
1563003692.32049990 8.65471708 -60.25017973 -2.94131499 -0.35045955 -0.44169236 0.54384689 0.62154366
1563003692.72078991 8.23503283 -60.21866960 -2.93510446 -0.35413656 -0.43771074 0.54045795 0.62522141
1563003693.08759809 7.86123154 -60.19274263 -2.92176521 -0.35554902 -0.43223255 0.53726910 0.63095311
1563003693.42128301 7.53312873 -60.16394452 -2.91413419 -0.35551026 -0.42830015 0.53300037 0.63724567
1563003693.78812504 7.18908191 -60.11863714 -2.90450804 -0.36068333 -0.42366887 0.52777502 0.64176768
1563003694.12182999 6.88445855 -60.07597737 -2.89408622 -0.36400601 -0.42033323 0.52243343 0.64643864
1563003694.42216492 6.61647677 -60.03237240 -2.88184582 -0.36697033 -0.41605383 0.51883547 0.65041659
1563003694.78885603 6.29346340 -59.98285174 -2.86459618 -0.36879637 -0.41053921 0.51445358 0.65634161
1563003695.12239909 5.99082250 -59.93080988 -2.85216521 -0.37089445 -0.40760359 0.51309167 0.65805286
1563003695.45599508 5.68032145 -59.87930668 -2.84141999 -0.37137663 -0.41072407 0.51262369 0.65620279
1563003695.75599504 5.39570278 -59.85606827 -2.83277218 -0.37162093 -0.41378951 0.51578257 0.65164751
1563003696.08953595 5.09156877 -59.83376384 -2.82525346 -0.37185715 -0.41627770 0.51935305 0.64707616
1563003696.45624900 4.77684340 -59.81230972 -2.81485242 -0.37032010 -0.41613897 0.52200283 0.64591363
1563003696.82292795 4.46890248 -59.78359616 -2.80578399 -0.36829310 -0.41699899 0.52291881 0.64577702
1563003697.12316489 4.21797384 -59.76174697 -2.79872313 -0.36836733 -0.41812390 0.52205735 0.64570429
1563003697.42334390 3.97299062 -59.73615592 -2.79339345 -0.36831469 -0.41769551 0.52183297 0.64619277
1563003697.75663209 3.74667630 -59.71530547 -2.78597147 -0.36785140 -0.41786357 0.52102698 0.64699789
1563003698.35683107 3.55947466 -59.68450416 -2.77657034 -0.36789789 -0.41843603 0.52187516 0.64591698
1563003698.95737696 3.39013105 -59.66015642 -2.76839017 -0.36899051 -0.41621736 0.52027503 0.64801467
1563003699.49084306 3.17965692 -59.63185606 -2.76043742 -0.37005218 -0.41418797 0.51649394 0.65172366
1563003699.89079690 2.97452735 -59.59589127 -2.75246170 -0.37240083 -0.41139020 0.51411389 0.65403565
1563003700.29101205 2.77338893 -59.56456153 -2.74482505 -0.37447214 -0.40821047 0.51160910 0.65680359
1563003701.29139400 2.68406236 -59.55294744 -2.73971493 -0.37505203 -0.40765525 0.51219070 0.65636412
1563003704.52615404 2.68418376 -59.55403878 -2.74145454 -0.37498658 -0.40726467 0.51181453 0.65693717
1563003706.79388189 2.60478718 -59.54406971 -2.74052943 -0.37410232 -0.40786768 0.51213780 0.65681526
1563003707.56083894 2.39201846 -59.51973324 -2.73204159 -0.37422685 -0.40979396 0.51261193 0.65517340
1563003708.06095290 2.17868623 -59.49489898 -2.72604468 -0.37424162 -0.41012263 0.51278234 0.65482586
1563003708.42736602 1.98747037 -59.47372043 -2.71962663 -0.37501056 -0.41033132 0.51297911 0.65410069
1563003708.72750401 1.80782521 -59.45745947 -2.71531227 -0.37477860 -0.41103705 0.51293096 0.65382824
1563003709.02776003 1.60625190 -59.44069478 -2.71043641 -0.37408332 -0.41067680 0.51383639 0.65374184
1563003709.26129103 1.44037220 -59.42544533 -2.70919956 -0.37392859 -0.41260678 0.51500463 0.65169263
1563003709.56151295 1.20064621 -59.40832469 -2.70504492 -0.37381668 -0.41413554 0.51695753 0.64923628
1563003709.79485893 1.00419440 -59.39550715 -2.70188446 -0.37206672 -0.41604380 0.51816668 0.64805648
1563003710.02810502 0.79457857 -59.38026664 -2.69938388 -0.37074608 -0.41810675 0.51974219 0.64622144
1563003710.22814107 0.60761276 -59.37221251 -2.69322039 -0.36896686 -0.41983019 0.52141492 0.64477325
1563003710.39508605 0.44383758 -59.36361421 -2.68702601 -0.36883074 -0.42066480 0.52359923 0.64253316
1563003710.56216502 0.27407306 -59.35271986 -2.68561744 -0.36929667 -0.42129316 0.52512004 0.64060985
1563003710.72858810 0.09824897 -59.34790346 -2.68515146 -0.36876912 -0.42305397 0.52609010 0.63895530
1563003710.89560294 -0.06881455 -59.34399172 -2.67764608 -0.36939596 -0.42501358 0.52800700 0.63570330
1563003711.06255889 -0.23922127 -59.33693986 -2.67541138 -0.36949564 -0.42532962 0.52916182 0.63447258
1563003711.22888899 -0.41356750 -59.33052727 -2.67125503 -0.36935867 -0.42595320 0.53053694 0.63298389
1563003711.42885494 -0.61320038 -59.32558928 -2.66606836 -0.36818469 -0.42742376 0.53122873 0.63209572
1563003711.62896800 -0.80452606 -59.32472339 -2.66312842 -0.36850114 -0.42820624 0.53151789 0.63113791
1563003711.82893300 -0.98571756 -59.32850341 -2.65694176 -0.36847628 -0.42948120 0.53171253 0.63012134
1563003712.02919698 -1.16224984 -59.32516326 -2.65565275 -0.37011290 -0.42850989 0.53234993 0.62928472
1563003712.22917390 -1.33370982 -59.32579736 -2.65228393 -0.37163503 -0.42831211 0.53326548 0.62774522
1563003712.36284399 -1.44364820 -59.32803664 -2.65091627 -0.37179022 -0.42939179 0.53324286 0.62693442
1563003712.66301703 -1.69283502 -59.33196934 -2.66546368 -0.37026994 -0.43032917 0.53412202 0.62644285
1563003712.89625812 -1.89579260 -59.33613626 -2.66254901 -0.37087875 -0.43191588 0.53377580 0.62528475
1563003713.22943497 -2.18367223 -59.34168007 -2.66452254 -0.36896955 -0.43260590 0.53525824 0.62466969
1563003713.49676800 -2.40844030 -59.34269358 -2.66512688 -0.36869063 -0.43364782 0.53510509 0.62424300
1563003713.72981095 -2.59430759 -59.34364087 -2.66562113 -0.36935144 -0.43257086 0.53413700 0.62542756
1563003714.13004303 -2.85328866 -59.33360557 -2.66569672 -0.36965378 -0.43243569 0.53342642 0.62594865
1563003714.66400290 -3.13683478 -59.33806866 -2.66204845 -0.37073647 -0.43367166 0.52920498 0.62803300
1563003715.26413107 -3.43756198 -59.32324128 -2.65959392 -0.37441947 -0.43219909 0.52563890 0.62985534
1563003715.86418009 -3.68345510 -59.30308077 -2.65781716 -0.37700181 -0.42967582 0.52378492 0.63158347
1563003716.43062496 -3.89801709 -59.27906648 -2.65422977 -0.38168192 -0.42693853 0.51808284 0.63532084
1563003716.76448798 -3.99111326 -59.23708731 -2.66142342 -0.38372181 -0.41756763 0.51098984 0.64597541
1563003717.13084292 -4.06371594 -59.16899707 -2.64953075 -0.39480348 -0.40364869 0.49226242 0.66247691
1563003717.39779997 -4.11784120 -59.11515569 -2.64271934 -0.40220214 -0.39208143 0.47750480 0.67564396
1563003717.63101006 -4.16345862 -59.05909359 -2.63254045 -0.40971023 -0.38196979 0.46389270 0.68632366
1563003717.86468101 -4.19982209 -59.00265511 -2.62740826 -0.41776210 -0.36681876 0.44887754 0.69959116
1563003718.06483793 -4.21595357 -58.94736308 -2.61868169 -0.42501996 -0.35455516 0.43262026 0.71167997
1563003718.26480389 -4.22148639 -58.88812249 -2.61026491 -0.43196859 -0.34042194 0.41549106 0.72448825
1563003718.46499395 -4.22015047 -58.82273133 -2.60004288 -0.44018839 -0.32367741 0.39492410 0.73858112
1563003718.59825802 -4.21411785 -58.77542880 -2.59148652 -0.44616098 -0.31203281 0.37933283 0.74811932
1563003718.73109293 -4.20607593 -58.72106989 -2.58389058 -0.45151779 -0.29880421 0.36296348 0.75835693
1563003718.86468196 -4.19561016 -58.66637140 -2.57384898 -0.45826964 -0.28354889 0.34363125 0.76909462
1563003718.96461201 -4.18530141 -58.62121512 -2.56628487 -0.46314829 -0.27149534 0.32806048 0.77727747
1563003719.06477904 -4.17166134 -58.57281020 -2.55940497 -0.46791399 -0.25845378 0.31159513 0.78559953
1563003719.16472101 -4.15551226 -58.52176746 -2.55111143 -0.47291388 -0.24442504 0.29392780 0.79386101
1563003719.26469898 -4.13800291 -58.46671018 -2.54339247 -0.47823381 -0.23007793 0.27493691 0.80172705
1563003719.36468697 -4.12152690 -58.41506596 -2.53506993 -0.48235676 -0.21623338 0.25779367 0.80877531
1563003719.59840107 -4.10371963 -58.36063441 -2.52787135 -0.48623610 -0.20254081 0.24045192 0.81531255
1563003720.23159790 -4.09537868 -58.32837073 -2.52402536 -0.48795559 -0.19512338 0.23118591 0.81876693
1563003720.73187804 -4.07551857 -58.25272116 -2.51430877 -0.49224879 -0.17844508 0.21039520 0.82558000
1563003720.99921298 -4.05313558 -58.19145002 -2.50428481 -0.49440471 -0.16376179 0.19298538 0.83156642
1563003721.19917798 -4.02978728 -58.12836811 -2.49464404 -0.49657526 -0.14973839 0.17629233 0.83660770
1563003721.39920211 -4.00235797 -58.04852966 -2.48298997 -0.49877373 -0.13314347 0.15470477 0.84235623
1563003721.63227701 -3.96887453 -57.94884839 -2.47026930 -0.50111487 -0.11294031 0.12682429 0.84855405
1563003721.86556411 -3.92230812 -57.83870778 -2.45328655 -0.50299139 -0.09117991 0.09740765 0.85393070
1563003722.06574798 -3.87721374 -57.73382783 -2.43672143 -0.50426681 -0.07075325 0.07169416 0.85765314
1563003722.29929090 -3.81587170 -57.60222509 -2.41605088 -0.50629035 -0.04609940 0.04022846 0.86018986
1563003722.49949598 -3.76204231 -57.48345371 -2.39682204 -0.50678470 -0.02504293 0.01636909 0.86155335
1563003722.66559505 -3.72369032 -57.38009922 -2.38125353 -0.50682017 -0.01207938 -0.00039633 0.86196708
1563003723.79972100 -3.70359717 -57.06583698 -2.33652150 -0.51001715 -0.00822583 0.00008564 0.86012489
1563003725.00046301 -3.79652951 -56.93721333 -2.31942270 -0.50956147 -0.03693292 0.03572142 0.85889874
1563003725.86683202 -3.85545770 -56.62668069 -2.27735627 -0.51106207 -0.04524680 0.04834416 0.85698957
1563003726.40034389 -3.80998090 -56.33439435 -2.23490858 -0.51147338 -0.02395192 0.02005491 0.85873109
1563003726.90028811 -3.72443301 -56.00484067 -2.18578050 -0.50949574 0.00381215 -0.01397109 0.86035130
1563003727.36703110 -3.59443143 -55.65796266 -2.13617045 -0.50870132 0.03577557 -0.05237175 0.85860368
1563003727.86715698 -3.46121689 -55.23859877 -2.07787642 -0.50856785 0.05508024 -0.07765626 0.85574203
1563003728.13381791 -3.45188294 -54.99829356 -2.04264770 -0.51101253 0.04414887 -0.06288148 0.85613258
1563003728.36682701 -3.47071178 -54.78344947 -2.01159780 -0.51229564 0.02862552 -0.04525470 0.85713813
1563003728.59993911 -3.49007259 -54.58132417 -1.98576974 -0.51242235 0.01626352 -0.02838185 0.85811031
1563003728.96659493 -3.50310358 -54.32801822 -1.94935429 -0.51309683 0.00677959 -0.01687241 0.85813810
1563003729.59970403 -3.44375368 -53.89265127 -1.89522810 -0.51398862 0.01680074 -0.03016938 0.85710165
1563003731.16597009 -3.37879890 -53.56001433 -1.84435790 -0.51653981 0.03038886 -0.04917581 0.85430960
1563003738.00264812 -3.38001862 -53.56324113 -1.84474995 -0.51720451 0.03021759 -0.04905118 0.85392059
1563003738.56955409 -3.38091072 -53.56380635 -1.84257727 -0.51734438 0.03034990 -0.04902121 0.85383289
1563003739.13851309 -3.36744457 -53.57053923 -1.84916335 -0.51785568 0.02889789 -0.04883879 0.85358373
1563003741.23945189 -3.36737789 -53.57008178 -1.84802591 -0.51775020 0.02901236 -0.04875534 0.85364860
1563003746.47573304 -3.35024592 -53.50628545 -1.83886046 -0.51704102 0.03321707 -0.05419703 0.85359703
1563003747.61027193 -3.20367914 -53.14072668 -1.77795662 -0.51574649 0.06033710 -0.08705687 0.85016827
1563003748.37723494 -3.08861005 -52.73560971 -1.72170114 -0.51394270 0.06731216 -0.09581650 0.84979478
1563003748.91128802 -3.02240987 -52.37666846 -1.67600804 -0.51534199 0.06534614 -0.09081209 0.84965033
1563003749.21148396 -3.00617550 -52.14790755 -1.64865616 -0.51793971 0.05522909 -0.07751586 0.85010558
1563003749.44472599 -3.01348108 -51.95249763 -1.62798252 -0.51903785 0.04478123 -0.06287547 0.85125849
1563003749.61186504 -3.02578323 -51.80772751 -1.61326364 -0.51975626 0.03653647 -0.05244101 0.85192045
1563003749.87819600 -3.03878680 -51.58263265 -1.58478202 -0.52008861 0.02595803 -0.03543540 0.85298203
1563003750.21183610 -3.06762048 -51.36547383 -1.56090630 -0.52161623 0.01433267 -0.02255719 0.85276155
1563003750.74515510 -3.10376130 -51.06876957 -1.51828190 -0.52022490 0.00029801 -0.00519917 0.85401343
1563003751.17852306 -3.15151648 -50.80066457 -1.48654019 -0.52153961 -0.01121858 0.00823585 0.85311356
1563003751.57894993 -3.20129415 -50.52173324 -1.45607455 -0.52383012 -0.02365562 0.02617610 0.85109179
1563003751.91267800 -3.26188594 -50.24060191 -1.42551489 -0.52287595 -0.03595921 0.03883204 0.85076422
1563003752.31326509 -3.33977211 -49.88102393 -1.38933707 -0.52316820 -0.05189019 0.05693984 0.84874042
1563003752.81364608 -3.45721996 -49.46071901 -1.35190272 -0.52072342 -0.07011400 0.07898500 0.84716735
1563003753.21381807 -3.58468436 -49.14419812 -1.31283429 -0.51954317 -0.08210215 0.09371045 0.84531206
1563003753.54769206 -3.68815826 -48.87458362 -1.28763156 -0.51851612 -0.09612953 0.10455139 0.84318987
1563003754.04804611 -3.84586436 -48.46148798 -1.24403487 -0.51802979 -0.10993300 0.12413211 0.83913711
1563003754.48119402 -3.99359939 -48.13801594 -1.20615594 -0.51711957 -0.11851000 0.13741893 0.83645607
1563003755.04861093 -4.18368607 -47.68672132 -1.15977605 -0.51555189 -0.12762399 0.14605352 0.83461772
1563003755.48192191 -4.32130447 -47.30855578 -1.12600619 -0.51423532 -0.12789479 0.14990105 0.83470632
1563003755.91517401 -4.46227397 -46.93752420 -1.08365099 -0.51237773 -0.12644018 0.14929609 0.83617739
1563003756.24926901 -4.57686611 -46.63304462 -1.05597708 -0.51576997 -0.12199859 0.14885978 0.83482840
1563003756.64948893 -4.69603981 -46.25909978 -1.01904493 -0.51650733 -0.11854387 0.13985522 0.83642576
1563003757.04957199 -4.79490820 -45.86058663 -0.98152826 -0.51778707 -0.10850319 0.12300997 0.83963811
1563003757.41595006 -4.85336912 -45.48665942 -0.94556305 -0.51928380 -0.09578514 0.10379073 0.84285054
1563003757.78338909 -4.90153114 -45.10629298 -0.91253835 -0.52254337 -0.08221106 0.08229770 0.84464008
1563003758.11642599 -4.93007845 -44.77115468 -0.88365198 -0.52517832 -0.06982100 0.06356802 0.84573747
1563003758.44973707 -4.93488156 -44.45944447 -0.85252195 -0.52700028 -0.05562016 0.04800303 0.84668342
1563003758.84981298 -4.93179563 -44.10038338 -0.81417528 -0.52611460 -0.04289284 0.03180968 0.84873540
1563003759.18363905 -4.92271088 -43.80342681 -0.78296388 -0.52598442 -0.03374979 0.01879057 0.84961653
1563003759.48350000 -4.91340420 -43.57712228 -0.75225153 -0.52370306 -0.02694887 0.00896540 0.85142732
1563003759.84979391 -4.90129756 -43.31297819 -0.72437979 -0.52259839 -0.02111684 0.00010364 0.85231743
1563003760.18386292 -4.89958396 -43.04700238 -0.69935310 -0.52402824 -0.01709532 -0.00524775 0.85151313
1563003760.48387504 -4.89638464 -42.82144213 -0.67749227 -0.52613699 -0.01557120 -0.00901210 0.85020950
1563003760.81727600 -4.88570017 -42.59439307 -0.65695218 -0.52808884 -0.01242030 -0.01216754 0.84901111
1563003761.18435907 -4.87268815 -42.35048415 -0.63116748 -0.52845006 -0.00927290 -0.01519037 0.84877783
1563003761.48437095 -4.85788748 -42.13853102 -0.60617378 -0.52823381 -0.00605284 -0.01804348 0.84888564
1563003761.78459811 -4.84065867 -41.92586594 -0.58436476 -0.52760737 -0.00247180 -0.02044441 0.84923871
1563003762.08492088 -4.82199578 -41.70392300 -0.56255947 -0.52753803 0.00085279 -0.02377455 0.84919825
1563003762.38501501 -4.80030758 -41.47293835 -0.53842819 -0.52798401 0.00440944 -0.02760670 0.84879403
1563003762.68520999 -4.78145949 -41.24245973 -0.51722096 -0.52879128 0.00635391 -0.03049425 0.84818012
1563003762.98522210 -4.76229800 -41.00852331 -0.49367105 -0.52834926 0.00785712 -0.03214784 0.84838189
1563003763.35207295 -4.72792298 -40.72270125 -0.46867917 -0.52933248 0.01075752 -0.03469131 0.84763666
1563003763.75234604 -4.68940959 -40.41562898 -0.43705061 -0.52941228 0.01474330 -0.03662706 0.84744541
1563003764.11955905 -4.65393614 -40.10866796 -0.41210768 -0.53018550 0.01547946 -0.03894762 0.84684521
1563003764.58597994 -4.60018819 -39.69667973 -0.37394851 -0.52966100 0.02034378 -0.04200182 0.84692455
1563003764.98586512 -4.54880501 -39.33020701 -0.33333873 -0.52954932 0.02173499 -0.05020823 0.84651299
1563003765.41961408 -4.47041588 -38.90810921 -0.29201276 -0.52904223 0.02859940 -0.06099708 0.84591711
1563003765.81985807 -4.37295050 -38.52839848 -0.25404210 -0.52855779 0.03611750 -0.06824078 0.84537884
1563003766.25345993 -4.28086769 -38.11396195 -0.21755906 -0.52869639 0.04404220 -0.07673749 0.84418704
1563003766.72066092 -4.14526710 -37.68329495 -0.18384265 -0.52918251 0.04940562 -0.08512940 0.84277989
1563003767.22108698 -4.03679590 -37.20511249 -0.13736135 -0.53236802 0.04859976 -0.08418416 0.84091342
1563003767.82130790 -3.94710250 -36.61606057 -0.07436143 -0.53030939 0.04186900 -0.07384329 0.84354378
1563003768.38806200 -3.86291875 -36.05342627 -0.02456704 -0.53123359 0.03777116 -0.07318263 0.84321321
1563003768.95481992 -3.75036894 -35.49030452 0.01835545 -0.53094644 0.03172434 -0.06924742 0.84397526
1563003769.52146196 -3.67071508 -34.93616248 0.06907230 -0.53087479 0.02968426 -0.06467671 0.84445706
1563003769.98778200 -3.61845039 -34.48198881 0.10939873 -0.53103960 0.02673532 -0.06187026 0.84466220
1563003770.48740196 -3.56719229 -34.01044706 0.15323123 -0.53072214 0.02379336 -0.05999000 0.84508525
1563003770.91992593 -3.52152207 -33.60754260 0.18401512 -0.53192512 0.02091895 -0.05888201 0.84448267
1563003771.28529596 -3.48382055 -33.26674500 0.20907933 -0.53378560 0.02116735 -0.05636642 0.84347359
1563003771.71883011 -3.42804437 -32.86151847 0.24709281 -0.53526426 0.02026586 -0.05657013 0.84254453
1563003772.08573604 -3.37944751 -32.51803606 0.27932370 -0.53383830 0.01921960 -0.05826166 0.84335809
1563003772.51906991 -3.30786701 -32.08191903 0.31430354 -0.53343274 0.02289113 -0.06290456 0.84318950
1563003772.95269203 -3.22306923 -31.66123308 0.34772886 -0.53266983 0.02998828 -0.07142605 0.84277036
1563003773.35295796 -3.12744314 -31.28116726 0.38363463 -0.53224809 0.03848824 -0.08209667 0.84171893
1563003773.65317988 -3.04459217 -31.00445005 0.40784937 -0.53108176 0.04931136 -0.09413732 0.84062995
1563003773.85318089 -2.97658022 -30.82600077 0.42689801 -0.52880987 0.05923814 -0.10829006 0.83971675
1563003773.98651409 -2.91531145 -30.71231766 0.43977911 -0.52763205 0.06791509 -0.11933519 0.83830249
1563003774.12010598 -2.84635590 -30.60202410 0.45092891 -0.52653003 0.07569968 -0.12961592 0.83680069
1563003774.25343990 -2.78406302 -30.49216029 0.46265602 -0.52516021 0.08418415 -0.14100960 0.83500663
1563003774.38677406 -2.71151409 -30.38864167 0.47386623 -0.52361228 0.09347119 -0.15319580 0.83284114
1563003774.52010703 -2.63828878 -30.28772164 0.48523360 -0.52191062 0.10302848 -0.16582573 0.83035912
1563003774.65368795 -2.55766638 -30.19163469 0.49614725 -0.52009515 0.11331049 -0.17822002 0.82758649
1563003774.82035494 -2.45850136 -30.07518335 0.50930152 -0.51775325 0.12601144 -0.19367169 0.82373780
1563003775.02035594 -2.34702166 -29.95043758 0.52257517 -0.51501647 0.13994591 -0.21153888 0.81879453
1563003775.25392795 -2.21038789 -29.81897160 0.53716349 -0.51144200 0.15423398 -0.23059164 0.81330588
1563003775.55392790 -2.05201564 -29.66347292 0.55442187 -0.50724227 0.16907827 -0.25185959 0.80665021
1563003776.02083206 -1.81396712 -29.41952733 0.58007517 -0.50122719 0.18540217 -0.27443174 0.79942765
1563003776.58798504 -1.60799444 -29.04906709 0.61626508 -0.50531593 0.17236504 -0.25584137 0.80591023
1563003776.95465207 -1.50871266 -28.76712981 0.63751723 -0.51162548 0.15215938 -0.22979152 0.81380756
1563003777.28821492 -1.43814247 -28.49260902 0.66114901 -0.51631504 0.13246856 -0.20515066 0.82084351
1563003777.58847094 -1.38265037 -28.24035405 0.68153811 -0.51968677 0.11439122 -0.18143850 0.82699479
1563003777.88847208 -1.34268844 -27.98458956 0.70261788 -0.52284550 0.09594948 -0.15701789 0.83232906
1563003778.22201896 -1.31447303 -27.68813333 0.72347626 -0.52709329 0.07369898 -0.13007487 0.83655344
1563003778.55535293 -1.29948966 -27.38776046 0.74268069 -0.53092913 0.05297101 -0.10169725 0.83962253
1563003779.05552006 -1.29751022 -26.92824524 0.77806768 -0.53339957 0.02771743 -0.06828330 0.84264704
1563003779.48915696 -1.24414710 -26.52308124 0.80980629 -0.53238571 0.02400520 -0.06521184 0.84364484
1563003779.85606098 -1.17269958 -26.16215264 0.83924009 -0.53193378 0.03002139 -0.07349690 0.84305597
1563003780.28959489 -1.08333214 -25.73081806 0.87898330 -0.53016171 0.03826532 -0.08493712 0.84276332
1563003780.72322202 -0.97280798 -25.31000923 0.91936318 -0.52989285 0.04381482 -0.09573345 0.84150398
1563003781.15679312 -0.85365128 -24.87433033 0.95282482 -0.53014753 0.05201960 -0.10193840 0.84014648
1563003781.52345991 -0.74912558 -24.50591089 0.98047055 -0.53140085 0.05659710 -0.10812776 0.83828295
1563003781.85704494 -0.65694000 -24.17278140 1.00770967 -0.53283465 0.05923224 -0.11103586 0.83680931
1563003782.12396002 -0.59819765 -23.89910758 1.02977150 -0.53409404 0.06285757 -0.11309255 0.83546547
1563003782.42395997 -0.51395793 -23.58537020 1.04918923 -0.53507656 0.06239486 -0.11191621 0.83502977
1563003782.69089198 -0.45840261 -23.30645567 1.06685923 -0.53633593 0.06155497 -0.11439095 0.83394812
1563003782.95756006 -0.38858142 -23.03140229 1.08637869 -0.53651450 0.06107236 -0.11408825 0.83391020
1563003783.15769792 -0.33566082 -22.82508625 1.10109824 -0.53632754 0.06015129 -0.11403824 0.83410423
1563003783.42436600 -0.28371684 -22.54642798 1.12248559 -0.53641682 0.06167907 -0.11495717 0.83380905
1563003783.65800691 -0.23735134 -22.30521704 1.14120128 -0.53650445 0.06287834 -0.11635580 0.83346902
1563003783.92467403 -0.17228793 -22.04187380 1.16333326 -0.53545867 0.06125834 -0.11495960 0.83445534
1563003784.12489700 -0.13131089 -21.84878893 1.17664204 -0.53493472 0.06152434 -0.11524691 0.83473214
1563003784.39156389 -0.07058420 -21.59553249 1.19868863 -0.53309621 0.06084598 -0.11397744 0.83613118
1563003784.69183111 0.00139744 -21.29341617 1.22334667 -0.53195968 0.06214312 -0.11427758 0.83671845
1563003785.02516389 0.10958273 -20.98295263 1.24645551 -0.53062562 0.06678733 -0.12069830 0.83630606
1563003785.29203606 0.19207604 -20.72803004 1.26667400 -0.53081656 0.07223615 -0.12679485 0.83482860
1563003785.55870295 0.26669224 -20.47925095 1.28465396 -0.53147132 0.07236379 -0.12625315 0.83448299
1563003785.89232707 0.31096379 -20.16956784 1.30886084 -0.53392679 0.05989625 -0.10976729 0.83623308
1563003786.09232712 0.30002281 -19.98056044 1.32222173 -0.53637443 0.04387539 -0.08959137 0.83806372
1563003786.29254603 0.27620004 -19.79597199 1.33332661 -0.53756013 0.02557420 -0.06580988 0.84026432
1563003786.52588010 0.24240004 -19.57763162 1.34405088 -0.53868920 0.00658609 -0.04073212 0.84149359
1563003786.82610893 0.21553257 -19.29838820 1.36130085 -0.53916106 -0.00813432 -0.02241222 0.84186512
1563003787.12637901 0.20431252 -19.00590442 1.38086809 -0.53935060 -0.01258877 -0.01784406 0.84179810
1563003787.45971298 0.20271868 -18.69019826 1.40211166 -0.53913714 -0.01421821 -0.01737519 0.84191869
1563003787.75995493 0.20324640 -18.41507913 1.41894307 -0.53892981 -0.01489728 -0.01633009 0.84206060
1563003788.12686610 0.19925675 -18.10942690 1.43973779 -0.53865327 -0.01548176 -0.01594273 0.84223441
1563003788.66043210 0.19669339 -17.76229749 1.46133887 -0.53773771 -0.01938570 -0.01131869 0.84281329
1563003789.12729907 0.17513868 -17.51230332 1.47658765 -0.53789108 -0.02695885 -0.00259199 0.84257919
1563003789.62754393 0.15195460 -17.24263755 1.49529943 -0.53731106 -0.03050163 0.00338193 0.84282562
1563003790.09421206 0.19806268 -16.95772632 1.51594278 -0.53755814 -0.01554982 -0.01597762 0.84293189
1563003790.42786098 0.25534362 -16.72386249 1.53104813 -0.53761591 -0.00041487 -0.03616816 0.84241369
1563003790.79475999 0.32281086 -16.42578900 1.55712213 -0.53731949 0.01605687 -0.05734904 0.84127346
1563003791.06142807 0.38689990 -16.20764626 1.57347451 -0.53662522 0.02662514 -0.07119675 0.84039008
1563003791.46168995 0.50684765 -15.86402390 1.60030962 -0.53602361 0.03905413 -0.09140474 0.83833087
1563003791.92855811 0.64228684 -15.44959390 1.64270378 -0.53273736 0.05425695 -0.10826860 0.83757089
1563003792.26208305 0.74606861 -15.15726540 1.66821292 -0.53052554 0.06319336 -0.11954277 0.83681466
1563003792.59541702 0.85850193 -14.85850183 1.69147608 -0.52988917 0.07012588 -0.12878741 0.83529254
1563003792.89565706 0.95762729 -14.59265932 1.71274187 -0.52874765 0.07517341 -0.13552008 0.83451135
1563003793.19595695 1.04574989 -14.32099109 1.73880270 -0.52928828 0.07929327 -0.14031630 0.83299329
1563003793.49595809 1.12264549 -14.04519736 1.76311416 -0.53029432 0.08055070 -0.14220039 0.83191260
1563003793.76276398 1.19762260 -13.79802130 1.78683144 -0.53178251 0.07944767 -0.14067313 0.83132815
1563003793.99609804 1.24819976 -13.57754858 1.80606836 -0.53332872 0.07942882 -0.14037024 0.83039011
1563003794.22969794 1.30834954 -13.36070635 1.82312234 -0.53344565 0.07733474 -0.13790511 0.83092555
1563003794.49636602 1.37935205 -13.11760015 1.84447384 -0.53297335 0.07349926 -0.13206609 0.83252376
1563003794.79661012 1.44628173 -12.83086347 1.86254729 -0.53239849 0.06840096 -0.12775790 0.83399705
1563003795.19690609 1.53753219 -12.43401402 1.88941688 -0.53435136 0.05976427 -0.11501045 0.83526610
1563003795.59690690 1.59229290 -12.03372023 1.91377996 -0.53644107 0.04791603 -0.09919373 0.83671718
1563003795.96375704 1.61175536 -11.68631852 1.94681918 -0.54075839 0.04004110 -0.08989626 0.83540154
1563003796.36409092 1.65505996 -11.28044932 1.96349627 -0.54109276 0.02902042 -0.07255649 0.83732431
1563003796.69765091 1.65399322 -10.95048337 1.98817514 -0.54251340 0.02333736 -0.06354046 0.83731547
1563003797.06431794 1.69188866 -10.58650832 2.00201890 -0.54390849 0.01438620 -0.05345893 0.83731639
1563003797.39780211 1.71552637 -10.23983575 2.01406151 -0.54420128 0.00852720 -0.04830430 0.83751952
1563003797.73145509 1.72120750 -9.88477953 2.04551571 -0.54582084 0.00819105 -0.04761768 0.83650766
1563003798.09812188 1.75986912 -9.50849873 2.06444253 -0.54540583 0.00729302 -0.04665057 0.83684109
1563003798.36501908 1.77785348 -9.22374804 2.08173437 -0.54686859 0.00912462 -0.04867835 0.83575230
1563003798.69859695 1.81867401 -8.88463830 2.10040542 -0.54728977 0.01088063 -0.05058701 0.83534213
1563003799.03193092 1.86390259 -8.54569274 2.11855457 -0.54694813 0.01416258 -0.05459058 0.83526465
1563003799.33217812 1.90313058 -8.23767732 2.13470116 -0.54619471 0.01759181 -0.05920671 0.83537802
1563003799.59884501 1.94792826 -7.96798204 2.14845301 -0.54637696 0.01971051 -0.06158917 0.83503921
1563003799.80086589 1.97980086 -7.76446045 2.15782530 -0.54643169 0.02071922 -0.06347930 0.83483741
1563003800.03539395 2.01505851 -7.52134871 2.17283909 -0.54646250 0.02273898 -0.06657613 0.83452340
1563003800.26970792 2.06076628 -7.28277314 2.18850396 -0.54604387 0.02529880 -0.06912203 0.83451675
1563003800.47017288 2.09652802 -7.07318085 2.19826985 -0.54450742 0.02725967 -0.07316730 0.83511384
1563003800.67072201 2.13466029 -6.86169931 2.20826967 -0.54415847 0.02918901 -0.07610835 0.83501322
1563003800.87096596 2.18010879 -6.65639117 2.21882040 -0.54444273 0.03035783 -0.07828714 0.83458471
1563003801.07114100 2.22503989 -6.44244540 2.22739256 -0.54317814 0.03316155 -0.08134593 0.83500938
1563003801.27160192 2.28131821 -6.22592212 2.24475301 -0.54266367 0.03409704 -0.08375629 0.83506791
1563003801.53838491 2.33854593 -5.94006824 2.26389002 -0.54218727 0.03673364 -0.08684539 0.83494999
1563003801.77225709 2.39633851 -5.70550793 2.27792560 -0.54227757 0.03851663 -0.08885845 0.83459911
1563003802.00578904 2.45031459 -5.46636710 2.28939679 -0.54222920 0.03834186 -0.09189616 0.83430959
1563003802.30617809 2.52091451 -5.16330559 2.30382651 -0.54202250 0.04064503 -0.09586189 0.83388854
1563003802.60636401 2.59691454 -4.87392775 2.32152962 -0.54272698 0.04176832 -0.09750069 0.83318452
1563003802.90682101 2.67757673 -4.58961241 2.33860498 -0.54265114 0.04452680 -0.10098071 0.83267641
1563003803.20707202 2.75797316 -4.30396177 2.35576570 -0.54323948 0.04612139 -0.10534613 0.83166453
1563003803.50714302 2.83749691 -4.01618022 2.36491146 -0.54344472 0.04890945 -0.10920836 0.83087257
1563003803.77414894 2.91557397 -3.76398368 2.37622997 -0.54504563 0.05135281 -0.11233470 0.82925814
1563003804.07411408 2.99856782 -3.48653471 2.39250220 -0.54506849 0.05306097 -0.11567298 0.82867644
1563003804.37427807 3.08485239 -3.20861899 2.40581407 -0.54419102 0.05560218 -0.11943662 0.82855260
1563003804.67453599 3.18730388 -2.92709443 2.42768190 -0.54310911 0.05889492 -0.12457553 0.82827823
1563003805.00800896 3.31719394 -2.62311546 2.45082376 -0.54204190 0.06537614 -0.13586343 0.82671498
1563003805.40839195 3.52057623 -2.27277872 2.47508615 -0.53679749 0.08761651 -0.16255885 0.82325356
1563003805.77548289 3.75011722 -1.98609835 2.50541644 -0.53227151 0.11120286 -0.19134142 0.81713488
1563003806.10889792 3.96146339 -1.72843441 2.52132067 -0.52690617 0.13182979 -0.21926960 0.81050085
1563003806.40919590 4.17849484 -1.52798453 2.54860177 -0.52155405 0.15103838 -0.24317338 0.80376332
1563003806.70946598 4.41074257 -1.33562351 2.56889790 -0.51637619 0.17091748 -0.26870703 0.79494615
1563003806.94263697 4.60966932 -1.21227941 2.59637798 -0.51314456 0.18716520 -0.28813900 0.78652893
1563003807.17627406 4.80672472 -1.09507858 2.62316493 -0.51083157 0.20197889 -0.31032616 0.77585650
1563003807.40957308 5.01700409 -0.98662943 2.64754307 -0.50618634 0.21748492 -0.33419392 0.76471571
1563003807.64272189 5.23569455 -0.89683948 2.66573792 -0.49868577 0.23446661 -0.35690316 0.75429308
1563003807.84284997 5.42438972 -0.83499923 2.68359425 -0.49176160 0.24854284 -0.37705534 0.74446374
1563003808.04276991 5.61831176 -0.78360990 2.69909605 -0.48429839 0.26358720 -0.39705195 0.73370744
1563003808.27631402 5.86663901 -0.73319633 2.70679973 -0.47499332 0.28007226 -0.42034298 0.72059188
1563003808.50964808 6.10980535 -0.69777958 2.72237187 -0.46683914 0.29552782 -0.44424993 0.70524217
