1563003603.74419498 0.87299992 0.02599999 0.67999996 -0.39498343 0.40598227 -0.59997466 0.56497512
1563003603.94418406 0.98913348 0.01515918 0.68176068 -0.39404363 0.40660165 -0.60139069 0.56367895
1563003605.34481192 1.81680087 -0.10679930 0.68913404 -0.38891530 0.41297958 -0.60714917 0.55638354
1563003606.71189499 2.92632649 -0.25860057 0.69419112 -0.38833680 0.41601997 -0.61501170 0.54578615
1563003607.81269598 3.84041672 -0.33116454 0.69755497 -0.38799335 0.41587044 -0.61023744 0.55147367
1563003608.74655104 4.59882946 -0.40183309 0.69660715 -0.38944579 0.41350643 -0.60829551 0.55436538
1563003609.24674201 5.02018597 -0.43698828 0.70441839 -0.38837982 0.41467402 -0.61019244 0.55215193
1563003610.28040290 5.95907009 -0.59351228 0.69403010 -0.38578001 0.41859918 -0.61384130 0.54694366
1563003611.14728308 6.78684050 -0.67974822 0.69018527 -0.38474602 0.41849612 -0.61455674 0.54694745
1563003611.98106408 7.57643001 -0.77152828 0.68064801 -0.38945330 0.41493514 -0.61145016 0.54980328
1563003612.98155999 8.54073443 -0.84140542 0.66627782 -0.39269270 0.41509685 -0.60828165 0.55089063
1563003613.98202205 9.51899186 -0.95761118 0.65091977 -0.39372636 0.41561642 -0.60658688 0.55162932
1563003614.91575909 10.40734622 -1.07736386 0.64272288 -0.39186353 0.41597712 -0.60911017 0.54990073
1563003615.91626191 11.37805985 -1.15706951 0.63629857 -0.39082929 0.41905743 -0.60978252 0.54754782
1563003616.68327904 12.14131790 -1.23966534 0.63424018 -0.39017912 0.41996504 -0.61049763 0.54651831
1563003617.55037498 12.97959577 -1.33943005 0.63309793 -0.38954291 0.41949032 -0.60918073 0.54880145
1563003618.35082102 13.71767378 -1.44967393 0.62998343 -0.39144667 0.41973882 -0.61179842 0.54432667
1563003618.75072908 14.09838155 -1.51093688 0.62789139 -0.38826417 0.42292654 -0.61438636 0.54121482
1563003619.45110297 14.85899495 -1.70363661 0.60995637 -0.37836661 0.43247651 -0.62921892 0.52334150
1563003619.81795096 15.24932130 -1.87096875 0.61023200 -0.36341878 0.44347733 -0.64500819 0.50519212
1563003620.11787105 15.52869222 -2.01111835 0.61067796 0.35010196 -0.45353406 0.66129914 -0.48416828
1563003620.35141706 15.73392299 -2.14661317 0.61058362 0.33838674 -0.46277173 0.67458154 -0.46505535
1563003620.58469296 15.92880055 -2.29710170 0.61246192 0.32334497 -0.47288980 0.68803459 -0.44545669
1563003620.81817293 16.11271035 -2.46402072 0.61249327 0.30909560 -0.48269199 0.70082666 -0.42462967
1563003621.05149603 16.28686425 -2.62921779 0.61802554 0.29425836 -0.49026410 0.71554100 -0.40131560
1563003621.35161710 16.50193546 -2.90175483 0.62033449 0.27342045 -0.50025960 0.73349350 -0.37009307
1563003621.71815705 16.73183088 -3.25754809 0.62329069 0.24640308 -0.51172668 0.75480793 -0.32815593
1563003622.08491707 16.91719614 -3.64260264 0.63658422 0.21607873 -0.52221708 0.77409503 -0.28526513
1563003622.45177698 17.02337678 -4.03407753 0.64205078 0.17958217 -0.53404766 0.79190715 -0.23542813
1563003622.81853604 17.08377286 -4.46632103 0.64847865 0.14030784 -0.54573362 0.80617134 -0.18048904
1563003623.15175390 17.09042849 -4.83036944 0.65285221 0.10451655 -0.55500888 0.81559862 -0.12585838
1563003623.51860809 17.05873172 -5.22797670 0.66480607 0.06997797 -0.56125342 0.82098771 -0.07795427
1563003624.18448806 17.12588337 -5.90934312 0.67572069 0.06129507 -0.56332129 0.82127210 -0.06651445
1563003624.95155001 17.20828097 -6.72560139 0.68414518 0.05131036 -0.56508729 0.82189248 -0.05036225
1563003625.65212488 17.21486315 -7.49032931 0.68859669 0.03082676 -0.56591999 0.82354690 -0.02355350
1563003626.28599596 17.20805628 -8.18782141 0.70656598 0.01815106 -0.56514081 0.82478275 -0.00445162
1563003626.81971407 17.18530323 -8.76683750 0.71144524 0.01017683 -0.56534980 0.82477089 0.00538659
1563003627.28660703 17.17305948 -9.27314304 0.71566828 0.00702537 -0.56700154 0.82362452 0.01012677
1563003628.05327606 17.15629405 -10.14824745 0.72384404 0.00392171 -0.56834858 0.82265755 0.01410937
1563003628.75374198 17.13745155 -10.95245310 0.71758268 0.00949312 -0.56915146 0.82213188 0.00869920
1563003629.38772106 17.14986506 -11.66187233 0.71996192 0.01418485 -0.56885476 0.82231552 0.00048496
1563003630.25458002 17.17620288 -12.69319206 0.72039247 0.01831287 -0.56985347 0.82153119 -0.00426201
1563003631.12181997 17.17463623 -13.71090955 0.71962925 0.02010555 -0.57078022 0.82085665 -0.00026730
1563003631.85563111 17.17129471 -14.55378368 0.71889497 0.01607269 -0.57167697 0.82031240 0.00383121
1563003632.55609989 17.16324205 -15.35219279 0.71375132 0.01311913 -0.57311183 0.81934951 0.00609047
1563003633.22326112 17.16734677 -16.11294193 0.71415348 0.00955337 -0.57473565 0.81822385 0.00986873
1563003633.79017711 17.19161621 -16.76787319 0.70962523 0.00655332 -0.57646913 0.81699807 0.01243175
1563003634.45707011 17.18179410 -17.53698617 0.69664977 0.00953433 -0.57523446 0.81785631 0.01120125
1563003634.95742607 17.18024093 -18.09406151 0.68649082 0.01092679 -0.57603976 0.81729146 0.00966791
1563003635.42436910 17.16377665 -18.62494482 0.68060896 0.00981256 -0.57637543 0.81709670 0.00693288
1563003636.02447295 17.14065782 -19.34840131 0.67290399 0.01106917 -0.57750319 0.81629182 0.00593314
1563003636.69138789 17.13599555 -20.13075321 0.66254744 0.01247381 -0.57882871 0.81533286 0.00583470
1563003637.35857892 17.13569574 -20.93353503 0.65187646 0.01023704 -0.57825900 0.81576502 0.00625839
1563003638.02546406 17.12043572 -21.70396183 0.63525485 0.00765402 -0.57942764 0.81493382 0.00937566
1563003638.55909491 17.12601140 -22.31612429 0.62341478 0.00472827 -0.58091628 0.81380747 0.01520902
1563003639.09245396 17.10915906 -22.93341883 0.60016330 0.00185389 -0.58117466 0.81357466 0.01813438
1563003639.89294004 17.05777309 -23.90845870 0.57149262 -0.00098172 -0.58327060 0.81196280 0.02260229
1563003640.62672305 17.04439275 -24.79744561 0.54337547 -0.00468804 -0.58640985 0.80950294 0.02839882
1563003641.36094403 17.00982894 -25.66957117 0.51532539 -0.00893387 -0.58614703 0.80932051 0.03677166
1563003642.02804589 16.94310471 -26.43124124 0.48356889 -0.00666294 -0.58799847 0.80791986 0.03845645
1563003642.56172895 16.89783987 -27.03188907 0.45439701 -0.00483443 -0.58944636 0.80693303 0.03726529
1563003643.09500694 16.86941173 -27.61465733 0.42732437 -0.00237418 -0.59087849 0.80620963 0.02971536
1563003643.59509301 16.82855537 -28.17552892 0.40563382 0.00280611 -0.59154282 0.80600692 0.02054422
1563003644.02856994 16.80681687 -28.66453700 0.37858906 0.01130442 -0.59058261 0.80678066 0.01376104
1563003644.62898207 16.83230888 -29.37413653 0.34669630 0.01516274 -0.59023166 0.80708834 0.00225463
1563003645.36293507 16.87431077 -30.24686774 0.30142393 0.02501708 -0.59266277 0.80503558 -0.00653458
1563003645.99677992 16.94078150 -30.94663159 0.26586740 0.03235000 -0.59327570 0.80409362 -0.02026977
1563003646.59726000 17.01357265 -31.61876491 0.22223453 0.04272674 -0.59525017 0.80171506 -0.03323598
1563003647.09763193 17.10651366 -32.17931665 0.17813634 0.04552825 -0.59742393 0.79978610 -0.03679695
1563003647.89823604 17.22789978 -33.13812149 0.13014714 0.04803632 -0.59691130 0.80000351 -0.03719940
1563003648.73167992 17.29068676 -34.10281037 0.06866582 0.04353407 -0.59929660 0.79875656 -0.03059942
1563003649.49875498 17.33213336 -34.98128083 -0.00486207 0.03929495 -0.60117469 0.79776617 -0.02477956
1563003650.03230190 17.36928183 -35.56005305 -0.04828394 0.03805638 -0.60458965 0.79530550 -0.02263247
1563003650.56573105 17.40996296 -36.11123263 -0.08996299 0.03586221 -0.60676272 0.79384751 -0.01894822
1563003651.16581511 17.44976850 -36.71590214 -0.14836812 0.03668649 -0.60771886 0.79315591 -0.01534872
1563003651.69914794 17.49625049 -37.23432610 -0.20125988 0.03345198 -0.60795626 0.79321103 -0.00929526
1563003652.29929805 17.51688003 -37.70350399 -0.24691894 0.03269611 -0.60759109 0.79353149 -0.00847417
1563003652.83308911 17.54176610 -38.14241004 -0.28708834 0.03565560 -0.60797753 0.79309064 -0.00996179
1563003653.29977894 17.58103252 -38.56642756 -0.33000359 0.03809947 -0.60794457 0.79298939 -0.01093849
1563003653.73330998 17.61004466 -38.97392503 -0.36656543 0.03819591 -0.61056705 0.79096090 -0.01139306
1563003654.23338699 17.63682604 -39.45519332 -0.41035731 0.03502996 -0.61161132 0.79032228 -0.00975646
1563003654.66708899 17.68284368 -39.85129151 -0.44970950 0.03286745 -0.61143629 0.79060839 -0.00194106
1563003655.26734090 17.69203839 -40.43721646 -0.51433682 0.03285144 -0.61145844 0.79059417 0.00047076
1563003655.80086398 17.69993077 -40.92116565 -0.56459607 0.03413510 -0.61153253 0.79048213 0.00087579
1563003656.26771402 17.74073386 -41.33682324 -0.60861670 0.03100127 -0.61171175 0.79045973 0.00459062
1563003656.86832404 17.73534698 -41.84362615 -0.65458780 0.03274878 -0.61076254 0.79112824 0.00356875
1563003657.46859002 17.74923522 -42.31977885 -0.70019563 0.03031196 -0.61153139 0.79061742 0.00588548
1563003658.16895509 17.79175065 -42.90274429 -0.77373399 0.02432370 -0.61130181 0.79088917 0.01458660
1563003658.93615007 17.81538300 -43.55565351 -0.85181519 0.01645717 -0.61225581 0.79017097 0.02240139
1563003659.63618708 17.78532437 -44.13295504 -0.91291241 0.01192884 -0.61205102 0.79033916 0.02480440
1563003660.36962795 17.74709429 -44.71719019 -0.96975304 0.00949222 -0.61567238 0.78749004 0.02677410
1563003661.00285292 17.71215582 -45.15010987 -1.01955971 0.00834616 -0.61868207 0.78513122 0.02705172
1563003661.63628793 17.67332447 -45.55383714 -1.05479399 0.00808085 -0.61883370 0.78507627 0.02519531
1563003662.13641095 17.65112471 -45.86208082 -1.09033228 0.00851207 -0.61915173 0.78480632 0.02564589
1563003663.33677101 17.64117628 -46.03041238 -1.10908775 0.00729525 -0.61965812 0.78439667 0.02631449
1563003664.83771801 17.63884367 -46.23174811 -1.14250707 0.00646362 -0.61963160 0.78435957 0.02819525
1563003665.70510793 17.62982195 -46.58824748 -1.19846192 0.00359976 -0.61948808 0.78425184 0.03421425
1563003666.57229090 17.57796817 -47.14209418 -1.26393497 -0.00368598 -0.61959937 0.78376928 0.04229352
1563003667.13934588 17.52949888 -47.58163323 -1.32739868 -0.00882923 -0.61950648 0.78333468 0.05020492
1563003667.70622301 17.47563535 -48.12605346 -1.40719965 -0.01018078 -0.62070500 0.78190464 0.05698068
1563003668.17285299 17.44680478 -48.64646521 -1.45903933 -0.00725828 -0.62254408 0.78072690 0.05340127
1563003668.70652890 17.43863920 -49.18326039 -1.52638392 0.00145035 -0.62350737 0.78085082 0.03883889
1563003669.33982396 17.45539234 -49.75450250 -1.60155963 0.01422034 -0.62438604 0.78074697 0.01933961
1563003669.93998098 17.49481464 -50.28565535 -1.68048638 0.02543893 -0.62641729 0.77907000 0.00204390
1563003670.23984194 17.51875886 -50.55745534 -1.71937263 0.02885777 -0.62716948 0.77833570 -0.00438356
1563003670.94011998 17.54338369 -51.20833757 -1.81289175 0.02901492 -0.62839233 0.77733942 -0.00496341
1563003671.44057989 17.53127331 -51.67147941 -1.86642515 0.02280159 -0.62922823 0.77688601 0.00022268
1563003672.20812011 17.48696764 -52.44695265 -1.97720717 0.01346378 -0.62953784 0.77662103 0.01898976
1563003672.87582493 17.41292919 -53.10849634 -2.06722124 -0.00064925 -0.62980035 0.77567019 0.04107130
1563003673.44282889 17.34327330 -53.64904380 -2.14549898 -0.01266917 -0.62955897 0.77423676 0.06365871
1563003674.17641091 17.24067570 -54.35498277 -2.25542092 -0.01180656 -0.63045645 0.77353413 0.06348399
1563003674.64325500 17.21933511 -54.79636350 -2.32637996 -0.00573779 -0.63255375 0.77244157 0.05636348
1563003675.14376593 17.22015593 -55.27501075 -2.39931162 0.00355947 -0.63422083 0.77195621 0.04283547
1563003675.81098700 17.26297580 -55.89463193 -2.50450549 0.02014149 -0.63588607 0.77144138 0.01101956
1563003676.27782607 17.33145115 -56.33689319 -2.58818520 0.03293052 -0.63725158 0.76986143 -0.01180644
1563003676.64444900 17.37189849 -56.69681968 -2.65172986 0.03902113 -0.63807364 0.76863936 -0.02308500
1563003677.27809405 17.45963846 -57.36669744 -2.76433323 0.03710959 -0.63760116 0.76912427 -0.02314072
1563003678.04508591 17.48486916 -58.08597467 -2.88951240 0.03387353 -0.63851852 0.76873778 -0.01374400
1563003678.54536200 17.47708123 -58.53751917 -2.96851270 0.02831171 -0.63876185 0.76888004 -0.00228479
1563003679.21222591 17.44675004 -59.06194039 -3.06024157 0.02023202 -0.63764517 0.76997019 0.01205051
1563003680.41300893 17.37054421 -59.79869178 -3.18953939 0.00985165 -0.64090592 0.76686884 0.03247659
1563003681.27940512 17.30674960 -60.20815993 -3.26669716 0.00127478 -0.64287688 0.76451916 0.04709712
1563003681.57975197 17.27919772 -60.35989860 -3.29494738 -0.00262510 -0.64347580 0.76350653 0.05467882
1563003681.87978697 17.23725125 -60.51332115 -3.31923046 -0.01216878 -0.64306138 0.76285060 0.06620377
1563003682.11348510 17.18155678 -60.63346683 -3.33268463 -0.02309029 -0.64137692 0.76221488 0.08444501
1563003682.41399598 17.06486765 -60.77435692 -3.35051741 -0.04498703 -0.63723474 0.75938147 0.12348215
1563003682.81425190 16.87163064 -60.93610686 -3.37187547 -0.07720033 -0.62984327 0.75198395 0.17848727
1563003683.24801397 16.65522223 -61.08264123 -3.38958701 -0.10824863 -0.61930161 0.74033519 0.23801586
1563003683.61490798 16.43519690 -61.16771908 -3.39603824 -0.14195491 -0.60455407 0.72416175 0.29992156
1563003683.98198605 16.17368707 -61.19755274 -3.39457740 -0.18131483 -0.58442163 0.70147819 0.36538286
1563003684.31530905 15.95336830 -61.19831648 -3.38767768 -0.21232253 -0.56524173 0.67898849 0.41760695
1563003684.64909196 15.74259694 -61.18666898 -3.37584794 -0.23627407 -0.54552439 0.65808315 0.46206522
1563003685.01622200 15.51705339 -61.21221736 -3.37307904 -0.25156576 -0.53212970 0.64578649 0.48632547
1563003685.34961390 15.32435504 -61.25381724 -3.37276892 -0.25814660 -0.52534919 0.63953711 0.49835815
1563003685.68315911 15.12952627 -61.29228624 -3.37103673 -0.26366012 -0.51832446 0.63229172 0.51188893
1563003686.05010796 14.91110169 -61.31730574 -3.36768316 -0.27260629 -0.50953520 0.62231274 0.52800240
1563003686.38339496 14.71092157 -61.30144321 -3.35665109 -0.28681254 -0.49605050 0.60614967 0.55159319
1563003686.75012708 14.48225716 -61.23595264 -3.33598484 -0.30834700 -0.47336230 0.58114919 0.58576094
1563003687.28403401 14.14373217 -61.10856861 -3.30210783 -0.33708296 -0.44007839 0.54176176 0.63182299
1563003687.78465891 13.81090245 -60.97091237 -3.25732940 -0.35819080 -0.40918957 0.50902953 0.66719726
1563003688.75199199 13.03158120 -60.78887556 -3.18538074 -0.36460390 -0.39756760 0.49862728 0.67850928
1563003689.05227900 12.77098291 -60.79285219 -3.17649608 -0.35817190 -0.40911968 0.50993734 0.66655674
1563003689.35237193 12.50733259 -60.80665861 -3.16976606 -0.35036522 -0.41919591 0.52317624 0.65406852
1563003689.68602204 12.20804548 -60.83385140 -3.16415925 -0.34270300 -0.43068620 0.53589385 0.64022014
1563003690.28607988 11.64267436 -60.88688562 -3.14923656 -0.33279364 -0.44463533 0.55111521 0.62275183
1563003690.88605189 11.04178220 -60.91500740 -3.12849636 -0.33137504 -0.44776802 0.55545837 0.61738187
1563003691.52004290 10.39474113 -60.93715268 -3.10895099 -0.33009756 -0.44812369 0.55744535 0.61601578
1563003692.08706188 9.80601614 -60.93431257 -3.08684562 -0.33194147 -0.44473321 0.55536661 0.61935060
1563003692.68741012 9.16955131 -60.90974529 -3.06232888 -0.33740946 -0.43916433 0.54970287 0.62539292
1563003693.32097793 8.52482095 -60.88935510 -3.02132506 -0.34088239 -0.43041271 0.54183891 0.63636051
1563003693.92176008 7.95989305 -60.82873594 -2.98816558 -0.34770822 -0.42364113 0.53326169 0.64440604
1563003694.52217698 7.42239957 -60.75936891 -2.94554922 -0.35439953 -0.41588466 0.52609950 0.65165961
1563003694.98909998 7.00351090 -60.69919329 -2.91701983 -0.35720757 -0.40933459 0.52212570 0.65744407
1563003695.52270794 6.50031249 -60.64631204 -2.88726101 -0.35936750 -0.41169218 0.52092992 0.65574124
1563003696.02283406 6.03119405 -60.62879502 -2.86406045 -0.36030829 -0.41561617 0.52578075 0.64884184
1563003696.52292705 5.60163005 -60.60000307 -2.84330810 -0.35767956 -0.41700113 0.52992603 0.64602924
1563003697.08986592 5.12482083 -60.57167484 -2.82274648 -0.35654552 -0.41855580 0.52929976 0.64616414
1563003697.59002304 4.72784258 -60.54680668 -2.80209368 -0.35777754 -0.41827800 0.52727888 0.64731424
1563003698.52378201 4.39367524 -60.51549662 -2.78500896 -0.35783945 -0.41736390 0.52634510 0.64862866
1563003699.49084306 4.05738405 -60.46481354 -2.76157344 -0.35959785 -0.41451727 0.52177248 0.65316024
1563003700.22432303 3.68679732 -60.41024519 -2.73903172 -0.36437077 -0.40878616 0.51691964 0.65796801
1563003704.42591596 3.56792420 -60.39520615 -2.73338057 -0.36468974 -0.40875079 0.51698390 0.65776274
1563003707.42719698 3.32103365 -60.36997059 -2.72168616 -0.36421088 -0.41104382 0.51737454 0.65629033
1563003708.32738900 2.92118936 -60.33104578 -2.70103994 -0.36579265 -0.41143955 0.51715261 0.65533687
1563003708.89438009 2.57591502 -60.29833895 -2.69075636 -0.36424493 -0.41414212 0.51804763 0.65378788
1563003709.46152496 2.15690673 -60.26392262 -2.68033357 -0.36144141 -0.41855400 0.51990426 0.65105470
1563003709.89487100 1.78593721 -60.24210591 -2.66727145 -0.36044965 -0.42182730 0.52232689 0.64754336
1563003710.26175189 1.44083139 -60.22704009 -2.65893807 -0.35760733 -0.42481361 0.52570579 0.64442519
1563003710.56216502 1.13648980 -60.20533617 -2.64883527 -0.35665546 -0.42773561 0.52833996 0.64085570
1563003710.86229300 0.83122119 -60.19970755 -2.64468978 -0.35492915 -0.43137207 0.53214872 0.63620844
1563003711.12891197 0.55197645 -60.20374284 -2.63691389 -0.35662612 -0.43216521 0.53170488 0.63509130
1563003711.46271801 0.20663853 -60.19078522 -2.62527914 -0.35456593 -0.43428894 0.53434467 0.63257560
1563003711.82893300 -0.13278354 -60.19489229 -2.61712281 -0.35300138 -0.43691285 0.53567574 0.63051462
1563003712.12919807 -0.39904303 -60.20423683 -2.61305100 -0.35541040 -0.43627796 0.53563010 0.62963909
1563003712.39612007 -0.62468924 -60.20643061 -2.61019243 -0.35563071 -0.43788706 0.53632055 0.62780729
1563003712.76301694 -0.92714475 -60.22666751 -2.60926589 -0.35702510 -0.43990831 0.53579913 0.62604556
1563003713.09643698 -1.21579288 -60.24278493 -2.60736731 -0.35734969 -0.44007478 0.53610325 0.62548277
1563003713.66353893 -1.69871618 -60.26745365 -2.61256694 -0.35618648 -0.44098817 0.53384387 0.62743234
1563003714.43000889 -2.16810940 -60.27845222 -2.61241009 -0.35824604 -0.44004015 0.52904384 0.63098103
1563003715.33039188 -2.62835505 -60.25796432 -2.60403902 -0.36140823 -0.44002954 0.52521890 0.63237900
1563003716.33061290 -3.02656224 -60.21912227 -2.59755290 -0.36525435 -0.43731138 0.52064589 0.63582692
1563003716.79772902 -3.15985601 -60.16969090 -2.58833279 -0.37322579 -0.42794856 0.50759502 0.64800450
1563003717.26453590 -3.25064555 -60.08052209 -2.57320299 -0.38600544 -0.40985969 0.48472548 0.66936988
1563003717.76470399 -3.34598714 -59.96429528 -2.55497976 -0.40010378 -0.38696919 0.45678348 0.69391690
1563003718.23109889 -3.38243513 -59.83429495 -2.53262742 -0.41632944 -0.35670898 0.41950429 0.72349475
1563003718.56492496 -3.38165056 -59.72304285 -2.51345058 -0.42912320 -0.32776476 0.38550386 0.74820473
1563003718.86468196 -3.36495170 -59.60287858 -2.49095199 -0.44258262 -0.29509216 0.34670650 0.77255151
1563003719.09820604 -3.33909294 -59.49308680 -2.47152492 -0.45367323 -0.26429760 0.30969936 0.79272548
1563003719.29815888 -3.30556792 -59.38819801 -2.45395152 -0.46378555 -0.23474254 0.27400607 0.80914744
1563003719.53128099 -3.28362373 -59.30940812 -2.44032626 -0.46972853 -0.21390902 0.24838809 0.81969592
1563003720.59893799 -3.26355129 -59.22292490 -2.42466217 -0.47534348 -0.19305206 0.22302844 0.82887743
1563003721.06562400 -3.22912386 -59.12253991 -2.40450722 -0.48026345 -0.16794521 0.19391062 0.83877297
1563003721.33212900 -3.19790601 -59.04084789 -2.38857433 -0.48323524 -0.14664933 0.16948642 0.84631675
1563003721.63227701 -3.15651520 -58.93053639 -2.36877184 -0.48686827 -0.12026924 0.13483505 0.85458417
1563003722.03246093 -3.08352830 -58.72916888 -2.33647476 -0.48990148 -0.08034252 0.08420231 0.86397430
1563003722.36550498 -3.00279920 -58.54404477 -2.30284430 -0.49258933 -0.04475452 0.04129026 0.86812896
1563003722.63243604 -2.93446289 -58.37733157 -2.26903238 -0.49331901 -0.02027343 0.01160179 0.86953478
1563003722.99944210 -2.89833581 -58.13825838 -2.22660331 -0.49604173 -0.00647656 -0.00079808 0.86827416
1563003724.96649098 -3.00367760 -57.93089696 -2.19201957 -0.49634099 -0.04175956 0.04265215 0.86607307
1563003726.23400211 -3.05374187 -57.41981047 -2.10762232 -0.49700292 -0.03749791 0.03960285 0.86603327
1563003726.83398008 -2.97229057 -57.03923427 -2.03657592 -0.49610848 -0.00453851 -0.00006102 0.86824868
1563003727.33385992 -2.84584905 -56.66820501 -1.96987751 -0.49591273 0.02862275 -0.03894101 0.86702647
1563003727.96703005 -2.70165983 -56.13512049 -1.87875682 -0.49687533 0.04790958 -0.06322179 0.86418897
1563003728.23362088 -2.71373965 -55.89606903 -1.83769441 -0.49944903 0.03316808 -0.04586321 0.86449240
1563003728.53343511 -2.74683507 -55.63133330 -1.79293182 -0.50131701 0.01408209 -0.02392290 0.86481827
1563003728.86662889 -2.77009926 -55.38990121 -1.74905059 -0.50071426 0.00235523 -0.00879430 0.86556475
1563003729.79959989 -2.69373262 -54.74462721 -1.64629571 -0.50407803 0.01678134 -0.02737984 0.86306087
1563003737.73573589 -2.65815302 -54.56328209 -1.62205150 -0.50422603 0.02450035 -0.03814483 0.86238090
1563003738.26931500 -2.65844475 -54.56340309 -1.62142177 -0.50417758 0.02455018 -0.03813760 0.86240813
1563003738.97107506 -2.65535710 -54.56597781 -1.62040528 -0.50437344 0.02398313 -0.03766280 0.86233042
1563003742.70647001 -2.67868993 -54.51630054 -1.61155319 -0.50098331 0.02831181 -0.03962738 0.86408555
1563003746.77600694 -2.63278288 -54.39953582 -1.59808407 -0.49986042 0.03665503 -0.04984454 0.86389322
1563003748.17724609 -2.44623048 -53.82265381 -1.49504171 -0.49833103 0.06548879 -0.08652326 0.86016924
1563003748.91128802 -2.34984182 -53.34818096 -1.41546938 -0.49872302 0.06245960 -0.07965692 0.86083037
1563003749.24465489 -2.34227320 -53.09150776 -1.37500344 -0.50076912 0.05094714 -0.06580883 0.86157059
1563003749.51156592 -2.35708357 -52.86573985 -1.34122881 -0.50250988 0.03832040 -0.04848453 0.86235991
1563003749.74508190 -2.37827033 -52.66207747 -1.30639990 -0.50322318 0.02728077 -0.03527251 0.86300524
1563003750.01174998 -2.40184950 -52.45993096 -1.27361656 -0.50322990 0.01794973 -0.02114028 0.86370745
1563003750.57825589 -2.45821690 -52.13201177 -1.21691906 -0.50317714 0.00199174 -0.00563256 0.86416265
1563003751.21201897 -2.52641976 -51.71055570 -1.14099961 -0.50455189 -0.01497949 0.01442306 0.86313092
1563003751.71253896 -2.60110674 -51.35708568 -1.09110830 -0.50578741 -0.02926201 0.03545358 0.86143246
1563003752.14656305 -2.70722807 -50.97861302 -1.03616282 -0.50594480 -0.04603205 0.05177118 0.85977942
1563003752.64701295 -2.83538597 -50.56065281 -0.96962665 -0.50401255 -0.06310298 0.07232904 0.85834601
1563003753.11380601 -2.98320127 -50.18712530 -0.90978201 -0.50294292 -0.07894511 0.08873549 0.85612038
1563003753.61411595 -3.12705936 -49.77778648 -0.85007438 -0.50250729 -0.09984010 0.10565256 0.85226517
1563003754.54826808 -3.43395511 -49.05696725 -0.74996556 -0.50023201 -0.11950838 0.13670250 0.84663930
1563003755.28188705 -3.68872474 -48.45034263 -0.67317517 -0.49710656 -0.12787788 0.14563701 0.84576722
1563003755.98230505 -3.91888628 -47.84576167 -0.58320419 -0.49500609 -0.12532668 0.14682370 0.84717471
1563003756.61577296 -4.12005406 -47.26278914 -0.50209138 -0.49878317 -0.11776673 0.13958423 0.84726772
1563003757.04957199 -4.22718086 -46.83498791 -0.44015491 -0.50041412 -0.10661555 0.12079318 0.85066318
1563003757.38305712 -4.28463976 -46.49954851 -0.39329053 -0.50164424 -0.09420789 0.10316061 0.85371882
1563003757.74982309 -4.32895036 -46.12218578 -0.34443968 -0.50461292 -0.08043203 0.08313424 0.85556133
1563003758.08353400 -4.35679668 -45.78671854 -0.29963991 -0.50770930 -0.06856729 0.06366596 0.85643239
1563003758.44973707 -4.35728851 -45.44768611 -0.25173957 -0.51037674 -0.05240579 0.04728065 0.85704945
1563003758.88351703 -4.35410691 -45.05522613 -0.19645523 -0.50909998 -0.03757163 0.02939512 0.85938438
1563003759.38359308 -4.33829136 -44.63729791 -0.13159769 -0.50862242 -0.02408473 0.01201633 0.86056886
1563003759.98360300 -4.32114291 -44.19771996 -0.06502641 -0.50725889 -0.01557963 -0.00330510 0.86164654
1563003760.41702199 -4.30274118 -43.86851822 -0.02285638 -0.51024920 -0.01117670 -0.00832199 0.85991371
1563003760.91729903 -4.28765819 -43.53235460 0.02066735 -0.51310620 -0.00819622 -0.01384630 0.85817430
1563003761.51769304 -4.25645187 -43.12611271 0.08139158 -0.51266727 -0.00189287 -0.01965033 0.85836039
1563003762.05092907 -4.21829871 -42.73729271 0.13126088 -0.51193868 0.00421767 -0.02445118 0.85866358
1563003762.45128703 -4.18353591 -42.44069133 0.16993264 -0.51308066 0.00868020 -0.02947050 0.85779041
1563003762.78525591 -4.16006302 -42.18509805 0.20018065 -0.51438943 0.00939020 -0.03265049 0.85688347
1563003763.01869392 -4.14213305 -42.01081503 0.22429173 -0.51344062 0.01088614 -0.03383169 0.85738885
1563003763.55209708 -4.09033761 -41.60392502 0.27666971 -0.51375194 0.01658823 -0.03601892 0.85702183
1563003764.28587794 -4.01388513 -40.99774847 0.35428808 -0.51447650 0.01975736 -0.04155788 0.85626895
1563003764.91946507 -3.93175797 -40.43103218 0.42877273 -0.51452030 0.02463957 -0.05119148 0.85559405
1563003765.41961408 -3.84017045 -39.95473849 0.49275684 -0.51405332 0.03188409 -0.06277986 0.85486331
1563003765.81985807 -3.74455508 -39.57980649 0.54266505 -0.51342427 0.03980950 -0.07005662 0.85434348
1563003766.22024202 -3.65301478 -39.20185156 0.59097468 -0.51391545 0.04660332 -0.07758240 0.85305335
1563003766.72066092 -3.51737407 -38.74020666 0.65541288 -0.51534921 0.05345142 -0.08642695 0.85093391
1563003767.65458298 -3.33119575 -37.85110084 0.78387390 -0.51830989 0.04611521 -0.07585093 0.85057327
1563003768.68822289 -3.16996972 -36.82489855 0.90562086 -0.51943866 0.03827101 -0.07310560 0.85051419
1563003769.52146196 -3.03516466 -35.98894389 1.00336427 -0.51859040 0.03547778 -0.06764864 0.85160377
1563003770.28765702 -2.93754709 -35.24796753 1.09304747 -0.51794439 0.02965318 -0.06442266 0.85246937
1563003770.88668489 -2.86118969 -34.69361479 1.15402429 -0.52007976 0.02567019 -0.06184088 0.85148916
1563003771.38529611 -2.79586130 -34.23091691 1.20521842 -0.52272818 0.02377307 -0.05920670 0.85010861
1563003771.91882992 -2.73263188 -33.72682857 1.26545955 -0.52248036 0.02375080 -0.06030138 0.85018464
1563003772.38573694 -2.66017565 -33.27100130 1.31184014 -0.52154233 0.02705430 -0.06584044 0.85025097
1563003772.85269189 -2.57192172 -32.80967896 1.36428970 -0.52100037 0.03337264 -0.07363512 0.84971922
1563003773.25295806 -2.47724846 -32.42907446 1.40776448 -0.52046531 0.04191413 -0.08337653 0.84876818
1563003773.58651304 -2.38102829 -32.12074575 1.44255559 -0.52013201 0.05332666 -0.09505630 0.84710286
1563003773.81984711 -2.30817718 -31.91015666 1.47012926 -0.51855792 0.06239949 -0.11108252 0.84549670
1563003774.05318093 -2.20217931 -31.72084822 1.49452926 -0.51583969 0.07829901 -0.12825601 0.84340327
1563003774.25343990 -2.10937096 -31.56453927 1.51382454 -0.51397812 0.09069903 -0.14466981 0.84063715
1563003774.45344090 -2.00604554 -31.41927249 1.53138756 -0.51152342 0.10469338 -0.16329968 0.83708799
1563003774.62035489 -1.91590074 -31.29946875 1.54926103 -0.50924594 0.11825859 -0.17858059 0.83354211
1563003774.82035494 -1.80037465 -31.16153308 1.56771526 -0.50635484 0.13413902 -0.19744608 0.82862932
1563003775.08726096 -1.63645941 -30.99798444 1.58985542 -0.50264068 0.15230942 -0.21988638 0.82207309
1563003775.38726091 -1.46513334 -30.83876899 1.61116908 -0.49776907 0.16985473 -0.24336979 0.81495182
1563003775.85416508 -1.20549076 -30.60348735 1.64472213 -0.49188060 0.18930319 -0.27065158 0.80558395
1563003776.65465093 -0.88938301 -30.09939192 1.70525622 -0.49541277 0.17655327 -0.25354401 0.81185625
1563003777.02131891 -0.78476196 -29.81887324 1.73567091 -0.50218218 0.15587993 -0.22681715 0.81979783
1563003777.32154894 -0.72334141 -29.57596098 1.76286338 -0.50628205 0.13776059 -0.20509810 0.82621745
1563003777.62180495 -0.66891665 -29.32083273 1.79030429 -0.50975147 0.11950563 -0.18108979 0.83251326
1563003777.95513892 -0.62354443 -29.03505293 1.82203056 -0.51370723 0.09870069 -0.15438361 0.83816988
1563003778.25535202 -0.60060640 -28.76809809 1.84930015 -0.51780138 0.07830859 -0.12934946 0.84203219
1563003778.62218595 -0.58579963 -28.43444801 1.87985477 -0.52240516 0.05600816 -0.09986870 0.84497466
1563003779.32248998 -0.56195348 -27.78188886 1.94708318 -0.52309846 0.03055271 -0.06694036 0.84908982
1563003779.68939400 -0.49219259 -27.43087207 1.98419276 -0.52187918 0.03471976 -0.07264516 0.84921101
1563003780.15626097 -0.38755613 -26.97269900 2.03485280 -0.52077055 0.04292949 -0.08363845 0.84850439
1563003780.68988800 -0.25435174 -26.44276463 2.09334551 -0.51849051 0.05266167 -0.09549496 0.84810085
1563003781.32346010 -0.06147509 -25.81918860 2.15815102 -0.52102983 0.06128939 -0.10550633 0.84477213
1563003781.82371211 0.08475746 -25.31080127 2.20685486 -0.52267910 0.06598174 -0.11198659 0.84256274
1563003782.22395992 0.17794099 -24.89845633 2.25299539 -0.52437641 0.07069653 -0.11473191 0.84075441
1563003782.72422600 0.31011641 -24.38196301 2.29699025 -0.52634758 0.06831900 -0.11411112 0.83980319
1563003783.15769792 0.41929608 -23.93448396 2.33998857 -0.52660832 0.06889035 -0.11554525 0.83939686
1563003783.55769897 0.49701586 -23.52755907 2.38664967 -0.52746470 0.07175017 -0.11842653 0.83821719
1563003783.99134111 0.60988752 -23.10284658 2.42848037 -0.52599446 0.06934330 -0.11625629 0.83964624
1563003784.42489791 0.71258671 -22.68086879 2.47529465 -0.52443779 0.06877477 -0.11464901 0.84088682
1563003784.99183106 0.88353331 -22.14701391 2.52861158 -0.52196304 0.07308754 -0.11879400 0.84148724
1563003785.45870304 1.03352046 -21.70613385 2.56979609 -0.52209188 0.08037882 -0.12697538 0.83954545
1563003785.92565989 1.11029445 -21.27342836 2.60643305 -0.52434952 0.06408246 -0.10574802 0.84247752
1563003786.15921211 1.09504188 -21.05494251 2.62511721 -0.52711212 0.04363148 -0.08074490 0.84482505
1563003786.35921311 1.06962712 -20.87227078 2.64018513 -0.52784338 0.02555394 -0.05691009 0.84704758
1563003786.59254599 1.03630871 -20.65826376 2.65911378 -0.52900809 0.00841933 -0.03449618 0.84787356
1563003787.09277606 1.00839742 -20.16786212 2.69595152 -0.52836312 -0.00653285 -0.01764729 0.84880994
1563003787.65995502 1.01271615 -19.63967430 2.74936566 -0.52839873 -0.00902533 -0.01567976 0.84880355
1563003788.32686591 1.02115876 -19.09333582 2.79380697 -0.52828036 -0.01143497 -0.01501989 0.84886012
1563003789.22729897 0.98245756 -18.58268864 2.83839102 -0.52737182 -0.02283204 -0.00099874 0.84932718
1563003790.06087899 1.00086517 -18.10445567 2.88424338 -0.52642395 -0.01062573 -0.01461685 0.85003016
1563003790.49452806 1.08013926 -17.80331613 2.91444067 -0.52700382 0.00904939 -0.04090992 0.84882946
1563003790.99476099 1.18858338 -17.41086572 2.95483177 -0.52600330 0.03045477 -0.06678491 0.84730916
1563003791.59502411 1.36935460 -16.89251329 3.01341964 -0.52418590 0.05075882 -0.09366920 0.84491347
1563003792.26208305 1.57308663 -16.30730409 3.08444628 -0.52053538 0.06974104 -0.11742572 0.84284655
1563003792.89565706 1.79405134 -15.74492098 3.14290934 -0.51950043 0.08141282 -0.13338882 0.84005873
1563003793.32929111 1.91276216 -15.35305841 3.18778248 -0.52074072 0.08738356 -0.14027806 0.83756509
1563003793.82943106 2.05134665 -14.89293423 3.23395235 -0.52240636 0.08622884 -0.13851979 0.83693993
1563003794.22969794 2.13149384 -14.51674928 3.27454022 -0.52406437 0.08630644 -0.13887995 0.83583497
1563003794.72994399 2.27619940 -14.05776732 3.32387814 -0.52384414 0.07755796 -0.12723684 0.83867924
1563003795.36357307 2.41921879 -13.44006551 3.37852105 -0.52681953 0.06202588 -0.10700712 0.84093011
1563003795.93042397 2.41691679 -12.86828663 3.47811102 -0.53515097 0.05054065 -0.09295821 0.83810372
1563003796.59742498 2.49489273 -12.20583045 3.52059002 -0.53716268 0.03097576 -0.06639838 0.84029043
1563003797.23113489 2.56474361 -11.56279171 3.54577943 -0.53829837 0.01566200 -0.05054734 0.84109128
1563003797.89812207 2.61205651 -10.87406192 3.59764638 -0.53887403 0.01173937 -0.04531149 0.84108492
1563003798.46501899 2.64550456 -10.26986090 3.64161527 -0.54091161 0.01509587 -0.04932260 0.83949629
1563003799.03193092 2.72913808 -9.69752003 3.68524617 -0.54103518 0.01926787 -0.05419750 0.83903058
1563003799.53217793 2.81278252 -9.20043535 3.71989825 -0.54052269 0.02339764 -0.05836238 0.83897652
1563003799.86798501 2.86208005 -8.86619740 3.74529613 -0.54165795 0.02513033 -0.06187631 0.83794180
1563003800.23623490 2.93101220 -8.49081823 3.77249925 -0.54132453 0.02826923 -0.06564731 0.83777028
1563003800.57034707 3.01844037 -8.14643802 3.79781485 -0.54013271 0.03020199 -0.06950845 0.83816053
1563003801.00443912 3.10949729 -7.67237010 3.82846421 -0.53981068 0.03506387 -0.07597222 0.83761756
1563003801.43830299 3.23061869 -7.19486354 3.88134153 -0.53900236 0.03807473 -0.08156266 0.83748093
1563003801.93895888 3.34218675 -6.67460289 3.93082764 -0.53907058 0.04240662 -0.08883031 0.83648895
1563003802.30617809 3.42222743 -6.28219972 3.94289259 -0.53837186 0.04549656 -0.09314506 0.83630724
1563003802.57300711 3.49217777 -6.02269598 3.95944734 -0.53901624 0.04666501 -0.09465063 0.83565850
1563003803.14030099 3.66428790 -5.47553957 4.01129140 -0.54079982 0.04886093 -0.10157840 0.83356463
1563003803.84068799 3.86300119 -4.81749191 4.04310326 -0.54255485 0.05488861 -0.10840414 0.83118591
1563003804.37427807 4.01459950 -4.33127042 4.06502488 -0.54236925 0.05739375 -0.11460250 0.83030586
1563003805.07468700 4.31260059 -3.73097195 4.15321852 -0.54420765 0.06663616 -0.13437104 0.82543448
1563003805.60846210 4.60989591 -3.26988573 4.18463076 -0.53700959 0.09862206 -0.17377425 0.81957117
1563003805.94210410 4.82662269 -3.01269650 4.20859553 -0.53336870 0.11897640 -0.20024814 0.81318087
1563003806.24236703 5.02801730 -2.78847476 4.22675021 -0.52818180 0.13731227 -0.22518603 0.80713108
1563003806.54240203 5.25326674 -2.58131438 4.24530161 -0.52290494 0.15672902 -0.24933777 0.79989819
1563003806.84264803 5.46638634 -2.38462182 4.25071263 -0.51539247 0.17958797 -0.27174038 0.79263858
1563003807.10934997 5.69259905 -2.23457434 4.27448025 -0.51183462 0.19596655 -0.29709253 0.78189415
1563003807.37619400 5.92413786 -2.10716794 4.29889793 -0.50754227 0.21416470 -0.32343470 0.76936618
1563003807.64272189 6.17321749 -2.00262811 4.32367803 -0.49989708 0.23310644 -0.34964739 0.75730509
1563003807.90959907 6.42482551 -1.91427454 4.34198158 -0.48987754 0.25274105 -0.37597764 0.74483741
1563003808.17634797 6.71652342 -1.88345280 4.39250395 -0.48092480 0.27183026 -0.40281364 0.72976765
1563003808.50964808 7.08531248 -1.81921143 4.40381784 -0.46819515 0.29420476 -0.43706896 0.70937126
