1563003603.74419498 0.87299992 0.02599999 0.67999995 -0.39498343 0.40598227 -0.59997466 0.56497513
1563003604.81118011 1.47067043 -0.04538633 0.67764348 -0.39159000 0.41006375 -0.60534041 0.55863045
1563003606.27845693 2.58713759 -0.20311186 0.68404257 -0.38697301 0.41495302 -0.61425412 0.54841386
1563003607.71245694 3.74135124 -0.32298053 0.68771170 -0.38787441 0.41505457 -0.61171717 0.55053179
1563003608.71307397 4.56682283 -0.39211251 0.70048380 -0.38911252 0.41445148 -0.60791094 0.55431553
1563003609.24674201 5.00393054 -0.43524317 0.70386675 -0.38810541 0.41472741 -0.60953984 0.55302491
1563003610.28040290 5.94406861 -0.60255334 0.68497060 -0.38628629 0.41850763 -0.61395929 0.54652379
1563003611.31424499 6.92777817 -0.72701877 0.67562189 -0.38660228 0.41709577 -0.61394401 0.54739615
1563003612.28134799 7.85726417 -0.81178654 0.66190708 -0.39081201 0.41426355 -0.61050266 0.55039821
1563003613.41514111 8.96896724 -0.90348114 0.64312511 -0.39397094 0.41615020 -0.60715572 0.55042514
1563003614.31552005 9.83931924 -1.02895216 0.63176981 -0.39413364 0.41463475 -0.60666275 0.55199366
1563003615.31604099 10.79346128 -1.11985793 0.63076169 -0.38898549 0.41871247 -0.60924818 0.54971521
1563003616.21626306 11.66148372 -1.21475848 0.61579594 -0.39122617 0.41933201 -0.60911136 0.54780115
1563003617.11653900 12.52106622 -1.32302563 0.60421579 -0.39150911 0.41743227 -0.60833453 0.54990910
1563003617.98405409 13.32515377 -1.42787842 0.59999146 -0.39059232 0.41773468 -0.60647429 0.55238059
1563003618.58414412 13.90229876 -1.49453839 0.59525590 -0.39050950 0.41835537 -0.60973410 0.54836616
1563003619.21747398 14.53548143 -1.63460869 0.58381276 -0.38447556 0.42386397 -0.61802939 0.53903390
1563003619.71771193 15.08286148 -1.82636044 0.57947289 -0.36950376 0.43641085 -0.63575988 0.51848039
1563003620.01790500 15.36760942 -1.95679101 0.57933879 0.35566731 -0.44724599 0.65147203 -0.49905509
1563003620.28480792 15.60999886 -2.09333517 0.58076819 0.34346055 -0.45660800 0.66685057 -0.47838719
1563003620.51802611 15.81333470 -2.23589948 0.58231315 0.32857568 -0.46689917 0.68090133 -0.45871185
1563003620.75132489 16.00476430 -2.39243418 0.58279745 0.31415701 -0.47718477 0.69394246 -0.43822817
1563003620.98483992 16.19557590 -2.56203044 0.58406584 0.29968708 -0.48523460 0.70858035 -0.41551043
1563003621.21809292 16.35888707 -2.74901954 0.58635245 0.28331117 -0.49316684 0.72255343 -0.39298574
1563003621.48490500 16.54345251 -3.00941094 0.58871524 0.26584820 -0.50112967 0.73890099 -0.36361947
1563003621.81836605 16.74692331 -3.34020834 0.59522780 0.24050609 -0.51210917 0.75750767 -0.32570408
1563003622.15158296 16.88949604 -3.65372977 0.60285026 0.21208567 -0.52191821 0.77483148 -0.28680520
1563003622.51843190 16.99364594 -4.07230155 0.61723259 0.17448630 -0.53423388 0.79292471 -0.23541260
1563003622.88514495 17.04040080 -4.48869980 0.62816720 0.13539141 -0.54720516 0.80640568 -0.17873320
1563003623.25173092 17.04161682 -4.89638461 0.63575941 0.09738195 -0.55629640 0.81646430 -0.12015454
1563003623.58514690 17.02998626 -5.24551605 0.64043611 0.06947301 -0.56146061 0.82032590 -0.08367142
1563003624.68444610 17.21544223 -6.42482937 0.66290692 0.05927254 -0.56233634 0.82161271 -0.07222993
1563003625.45205498 17.25859476 -7.26843070 0.66999228 0.03710562 -0.56507268 0.82314386 -0.04183572
1563003626.18576193 17.26173743 -8.08098234 0.68334446 0.02057537 -0.56382843 0.82542461 -0.01866468
1563003626.78629994 17.25144106 -8.73744815 0.68791675 0.01116543 -0.56476923 0.82515150 -0.00600411
1563003627.28660703 17.25327790 -9.28298541 0.69676967 0.00722888 -0.56620983 0.82422919 -0.00064619
1563003628.11999989 17.25292436 -10.24097487 0.70415226 0.00299913 -0.56701826 0.82369120 0.00375702
1563003628.78731108 17.26448631 -10.99021908 0.71015904 0.00827212 -0.56771978 0.82317694 -0.00235383
1563003629.58772206 17.32285676 -11.90276607 0.71167656 0.01314922 -0.56661929 0.82382308 -0.00923128
1563003630.35474610 17.38350152 -12.76670970 0.72597120 0.01376367 -0.56771451 0.82298040 -0.01463052
1563003631.25509501 17.39789364 -13.81049287 0.72496030 0.01355421 -0.56831905 0.82261811 -0.01136612
1563003632.08901095 17.39714527 -14.77363118 0.72092778 0.00972373 -0.56893682 0.82227688 -0.00877906
1563003632.95653605 17.40747806 -15.77472638 0.71419978 0.00730869 -0.57018550 0.82147278 -0.00418888
1563003633.68995690 17.42247849 -16.62429176 0.71097475 0.00509847 -0.57023897 0.82145411 -0.00383043
1563003634.39033389 17.43402837 -17.43807279 0.70994412 0.00700695 -0.56994250 0.82163980 -0.00494736
1563003634.92411590 17.45665782 -18.03644420 0.70997504 0.00768507 -0.56976983 0.82174530 -0.00616045
1563003635.49090791 17.46940737 -18.68393238 0.71130820 0.00558660 -0.57051379 0.82122737 -0.00827153
1563003636.12449694 17.47272181 -19.44361199 0.71118800 0.00703033 -0.57190841 0.82025366 -0.00743466
1563003636.75813699 17.47949187 -20.20408499 0.70970427 0.00862165 -0.57236294 0.81992164 -0.00740525
1563003637.45861292 17.47170129 -21.03172832 0.70278529 0.00686257 -0.57225866 0.82002457 -0.00571247
1563003638.12548804 17.46811962 -21.79587155 0.69656271 0.00521884 -0.57400328 0.81882944 -0.00336963
1563003638.72562289 17.45419850 -22.49603339 0.68317601 0.00451219 -0.57536102 0.81788583 0.00145158
1563003639.29245496 17.42431742 -23.14041553 0.67819715 0.00187977 -0.57600601 0.81744144 0.00174585
1563003640.12627411 17.39003161 -24.15551616 0.65625762 0.00088001 -0.57927451 0.81511590 0.00513201
1563003640.89387393 17.41837651 -25.07909111 0.64976106 -0.00399621 -0.58154034 0.81336279 0.01535688
1563003641.62768006 17.40295303 -25.93948275 0.63118662 -0.00605268 -0.58332633 0.81190284 0.02252882
1563003642.32833791 17.35899938 -26.73311859 0.60827325 -0.00505757 -0.58397036 0.81143950 0.02278112
1563003642.89512300 17.33857567 -27.36256950 0.58175358 -0.00251945 -0.58524138 0.81065991 0.01779593
1563003643.36176991 17.32119522 -27.86628931 0.56861736 0.00214050 -0.58505894 0.81092444 0.01014948
1563003643.86188006 17.31473657 -28.42124712 0.54793551 0.00711088 -0.58684092 0.80966899 0.00181583
1563003644.32893491 17.34742997 -28.94258118 0.52325526 0.01433161 -0.58542399 0.81059179 -0.00378267
1563003644.99598098 17.40931918 -29.73868207 0.49090709 0.02110602 -0.58558318 0.81024170 -0.01246019
1563003645.72976398 17.49086087 -30.55871547 0.46027026 0.02921291 -0.58651456 0.80900821 -0.02555358
1563003646.36381006 17.59913495 -31.25817316 0.42488151 0.03969177 -0.58686209 0.80776697 -0.03911486
1563003646.99759698 17.72306291 -31.95903461 0.38734600 0.04414155 -0.59226571 0.80318098 -0.04661724
1563003647.56461501 17.86536879 -32.59134500 0.37626763 0.04120740 -0.59272435 0.80317307 -0.04350654
1563003648.43170309 17.94366041 -33.61007805 0.31597112 0.04148909 -0.59365047 0.80264538 -0.04022658
1563003649.23195004 18.00523459 -34.53520837 0.25531634 0.03489784 -0.59670899 0.80103612 -0.03258301
1563003649.93231297 18.05608378 -35.32747206 0.19314615 0.03137745 -0.59696773 0.80115287 -0.02826764
1563003650.46575403 18.09401261 -35.86801533 0.14153166 0.03231467 -0.59650430 0.80156193 -0.02523605
1563003651.13245797 18.14086287 -36.53227669 0.10774637 0.03085822 -0.60062509 0.79862307 -0.02232628
1563003651.69914794 18.19626096 -37.08575418 0.06870074 0.02739956 -0.60108899 0.79854797 -0.01619987
1563003652.29929805 18.23057942 -37.55870908 0.03901606 0.02441302 -0.60206342 0.79797197 -0.01282109
1563003652.93315911 18.26628560 -38.07692168 0.00493225 0.02655856 -0.60306129 0.79709407 -0.01589860
1563003653.46676993 18.32861567 -38.56181692 -0.03384294 0.02850473 -0.60360899 0.79663613 -0.01464702
1563003653.96691704 18.35452560 -39.02837507 -0.07380584 0.02532726 -0.60697826 0.79420358 -0.01328897
1563003654.46709895 18.36661120 -39.49391391 -0.11547099 0.02290320 -0.60686737 0.79436115 -0.01333428
1563003655.00061607 18.39227839 -40.00529163 -0.15607853 0.02355484 -0.60661529 0.79457923 -0.01033960
1563003655.50086308 18.40515419 -40.46785275 -0.20177361 0.02427824 -0.60821027 0.79334794 -0.00948036
1563003656.06772494 18.41923342 -40.97918637 -0.24891285 0.02379434 -0.60832194 0.79327897 -0.00931253
1563003656.73410201 18.43352341 -41.53804275 -0.30253407 0.02543023 -0.60715580 0.79411350 -0.00994404
1563003657.46859002 18.45828116 -42.12178543 -0.35728602 0.02349340 -0.60764397 0.79382730 -0.00742218
1563003658.26900101 18.51606836 -42.78899455 -0.42057301 0.01615072 -0.60887169 0.79310192 0.00193855
1563003659.00296807 18.57034032 -43.40715752 -0.47341651 0.00780452 -0.61117003 0.79138032 0.01129097
1563003659.80292296 18.54208588 -44.06467138 -0.54392203 0.00263248 -0.61100402 0.79150609 0.01361110
1563003660.53620195 18.51320221 -44.63263209 -0.60768091 -0.00082274 -0.61417634 0.78903043 0.01475573
1563003661.26913691 18.47934620 -45.11284376 -0.65951582 -0.00054334 -0.61550388 0.78801916 0.01343440
1563003662.00313497 18.42976761 -45.59655451 -0.72253953 0.00017781 -0.61535928 0.78813778 0.01310574
1563003663.16992998 18.42467493 -45.84576556 -0.74887435 -0.00067111 -0.61554737 0.78792910 0.01639260
1563003664.10385799 18.41966901 -45.89254245 -0.76002418 -0.00006947 -0.61546067 0.78798842 0.01680477
1563003665.53836012 18.42752550 -46.32849595 -0.81081093 -0.00326726 -0.61653560 0.78700718 0.02220084
1563003666.40575194 18.38068555 -46.83949389 -0.87153183 -0.01025774 -0.61686660 0.78639270 0.03093358
1563003667.10607004 18.36093915 -47.38547261 -0.94190863 -0.02050076 -0.61720128 0.78545165 0.04132809
1563003667.77274990 18.29297782 -48.02358996 -1.03554728 -0.02055412 -0.61901282 0.78363074 0.04820293
1563003668.30632496 18.26552032 -48.58958055 -1.09478243 -0.01755012 -0.62075306 0.78267743 0.04211502
1563003669.00674510 18.27257295 -49.25381197 -1.17809343 -0.00433025 -0.62171954 0.78292988 0.02160690
1563003669.57317400 18.30239680 -49.75939037 -1.24756270 0.00713506 -0.62284755 0.78228975 0.00572541
1563003670.00662398 18.33563325 -50.14596583 -1.30530039 0.01424162 -0.62385900 0.78138051 -0.00645123
1563003670.37325597 18.36508254 -50.48747433 -1.35417874 0.01846368 -0.62464484 0.78061708 -0.01071839
1563003671.17344308 18.37580703 -51.23863584 -1.45676724 0.01509787 -0.62439197 0.78092580 -0.00784937
1563003672.14132595 18.34248861 -52.22153536 -1.59416887 0.00200473 -0.62473579 0.78068661 0.01515234
1563003673.00928712 18.24071892 -53.06093208 -1.69857657 -0.01508664 -0.62545007 0.77887462 0.04403319
1563003673.77618599 18.13279986 -53.79403228 -1.79871752 -0.02548565 -0.62509856 0.77751002 0.06387832
1563003674.44319701 18.08141285 -54.43484030 -1.89093646 -0.02273447 -0.62818913 0.77551712 0.05860681
1563003674.94365001 18.08070462 -54.90977912 -1.95442667 -0.01770487 -0.62967122 0.77513300 0.04867784
1563003675.74426293 18.10655101 -55.65851992 -2.07001236 0.00063944 -0.63060434 0.77595979 0.01497182
1563003676.27782607 18.17098196 -56.16238478 -2.15537745 0.01690328 -0.63240460 0.77437081 -0.01133779
1563003676.67782903 18.20503606 -56.56121100 -2.22077389 0.02364486 -0.63339095 0.77309552 -0.02408612
1563003677.54477596 18.25776907 -57.43376903 -2.35357399 0.02438339 -0.63286787 0.77352561 -0.02327740
1563003678.41204000 18.26034783 -58.25033975 -2.48177108 0.01431957 -0.63385536 0.77327936 -0.00783365
1563003679.27896309 18.22551923 -58.94297283 -2.59269855 0.00503517 -0.63438826 0.77290191 0.01219952
1563003680.47973394 18.13926356 -59.66752053 -2.71487541 -0.00570428 -0.63710508 0.77009157 0.03199292
1563003681.27940512 18.07804428 -60.04713759 -2.78256954 -0.01395560 -0.63953918 0.76722145 0.04654156
1563003681.54636002 18.05192606 -60.18209729 -2.80507816 -0.01743296 -0.64026267 0.76612907 0.05297226
1563003681.81299305 18.01317349 -60.31656620 -2.82832975 -0.02418068 -0.64046292 0.76505707 0.06253174
1563003682.14692307 17.92578610 -60.48273922 -2.85341414 -0.03900229 -0.63846284 0.76363759 0.08775905
1563003682.71425200 17.67730105 -60.71640016 -2.88338610 -0.08152566 -0.63044789 0.75458450 0.16276135
1563003683.31461096 17.36682736 -60.91484873 -2.91508790 -0.12647688 -0.61614963 0.73791952 0.24461809
1563003683.78165698 17.05676089 -60.99070734 -2.92670221 -0.17026509 -0.59581696 0.71436455 0.32510803
1563003684.18198705 16.78407534 -61.00038009 -2.92715403 -0.21153150 -0.57332263 0.68720230 0.39282132
1563003684.58230901 16.52759795 -60.98784528 -2.91996092 -0.24309669 -0.55017393 0.66051506 0.44936901
1563003684.98280811 16.28048871 -61.00475710 -2.92058249 -0.26182816 -0.53406217 0.64448684 0.48047927
1563003685.38291311 16.04791238 -61.05272419 -2.92601461 -0.26967690 -0.52580480 0.63700190 0.49500734
1563003685.74988389 15.83214443 -61.09185498 -2.92717275 -0.27633214 -0.51785267 0.62843102 0.51043473
1563003686.15008497 15.59270520 -61.11304779 -2.92710305 -0.28666099 -0.50830263 0.61645342 0.52861999
1563003686.58351803 15.32345015 -61.06019098 -2.91522728 -0.30944476 -0.48592311 0.58993326 0.56577507
1563003687.15057206 14.97287782 -60.92873619 -2.88217558 -0.34121397 -0.45006565 0.54873126 0.61636673
1563003687.68463612 14.62846019 -60.78295716 -2.85091411 -0.36468969 -0.41828224 0.51111977 0.65635202
1563003688.21821189 14.23369019 -60.62114201 -2.80907540 -0.38076685 -0.39239940 0.48465781 0.68274894
1563003688.71864700 13.81635918 -60.56889054 -2.79107357 -0.37588154 -0.39847706 0.49303840 0.67590106
1563003688.98565793 13.58493651 -60.57580926 -2.78799802 -0.36997575 -0.40756217 0.50381326 0.66572008
1563003689.28571701 13.32179267 -60.58511879 -2.78539207 -0.36380747 -0.41788820 0.51500097 0.65405472
1563003689.61930895 13.02196642 -60.60921629 -2.78321027 -0.35555941 -0.42953152 0.52799279 0.64054960
1563003690.08619595 12.59236937 -60.65275826 -2.78484160 -0.34625569 -0.44287183 0.54245935 0.62426708
1563003690.75277710 11.92855151 -60.67890084 -2.77777613 -0.34296160 -0.44785733 0.54950940 0.61631208
1563003691.38643789 11.27912777 -60.69483470 -2.77009832 -0.34059514 -0.44928169 0.55319256 0.61328534
1563003691.98705006 10.65671569 -60.68541978 -2.75655096 -0.34229650 -0.44682594 0.55048253 0.61656198
1563003692.65409994 9.94594772 -60.65890181 -2.74216305 -0.34843690 -0.44075484 0.54342982 0.62370741
1563003693.28760910 9.30164369 -60.61439676 -2.71186379 -0.35013798 -0.43338434 0.53720054 0.63324323
1563003693.95504808 8.67419193 -60.54678387 -2.69017395 -0.35850623 -0.42546144 0.52748197 0.64204254
1563003694.55545211 8.14167030 -60.46967378 -2.66208613 -0.36335424 -0.41752474 0.52020146 0.65041311
1563003695.15570903 7.59987090 -60.38508330 -2.63699491 -0.36753428 -0.41125413 0.51529110 0.65594487
1563003695.68939805 7.09174461 -60.34776369 -2.62225119 -0.36932108 -0.41496121 0.51541975 0.65249644
1563003696.28943205 6.54938141 -60.30700331 -2.60564004 -0.36776807 -0.41822363 0.52285981 0.64533189
1563003696.85624909 6.06445806 -60.26907737 -2.59071134 -0.36562293 -0.41966528 0.52416882 0.64455253
1563003697.42334390 5.59669414 -60.22742686 -2.57668510 -0.36559860 -0.42052052 0.52295702 0.64499311
1563003698.59047103 5.12168227 -60.17502552 -2.56284270 -0.36548817 -0.41892993 0.52264950 0.64633862
1563003699.62415290 4.73631997 -60.11869598 -2.54228261 -0.36903153 -0.41502834 0.51649067 0.65177035
1563003700.49116611 4.35485654 -60.05870647 -2.52275291 -0.37308761 -0.40982786 0.51317083 0.65536436
1563003706.26033401 4.30471032 -60.05248982 -2.52026492 -0.37266171 -0.41091993 0.51389936 0.65435121
1563003707.79415011 3.92990121 -60.01587612 -2.50905188 -0.37153840 -0.41397928 0.51456932 0.65253259
1563003708.56103492 3.53964246 -59.96693996 -2.49944375 -0.37288344 -0.41470654 0.51552485 0.65054635
1563003709.26129103 3.06450421 -59.91547103 -2.49075421 -0.37062446 -0.41921086 0.51871770 0.64639904
1563003709.79485893 2.62504455 -59.89267765 -2.48492474 -0.36870181 -0.42266644 0.52125288 0.64320097
1563003710.19506192 2.26205081 -59.87301370 -2.47967866 -0.36602695 -0.42642109 0.52499744 0.63919247
1563003710.59549809 1.86480219 -59.85795285 -2.47105583 -0.36589312 -0.42898392 0.52915254 0.63410772
1563003710.92869306 1.51596937 -59.85357759 -2.47004413 -0.36593635 -0.43242904 0.53112474 0.63008112
1563003711.22888899 1.20306379 -59.85288304 -2.46692392 -0.36648706 -0.43211621 0.53314956 0.62826297
1563003711.59595895 0.84339303 -59.85077074 -2.46325370 -0.36492519 -0.43390637 0.53524579 0.62615239
1563003712.06286693 0.41948075 -59.84500438 -2.46511698 -0.36284207 -0.43525475 0.53687603 0.62503044
1563003712.46310902 0.08241343 -59.85296842 -2.46943864 -0.36304648 -0.43786645 0.53790701 0.62219472
1563003712.76301694 -0.16810382 -59.85147694 -2.46618304 -0.36325910 -0.43998456 0.53908110 0.61955466
1563003713.26318598 -0.60125891 -59.87941978 -2.46444014 -0.36283458 -0.44105505 0.53928938 0.61886063
1563003713.76355100 -1.01657372 -59.89516445 -2.48376356 -0.36162175 -0.43858804 0.53848438 0.62201673
1563003714.76397991 -1.58394031 -59.90445014 -2.48297732 -0.36394292 -0.43854651 0.53292712 0.62546878
1563003715.86418009 -2.08015715 -59.87124340 -2.47292166 -0.36926660 -0.43717664 0.52844161 0.62711102
1563003716.83071399 -2.40012837 -59.80458329 -2.45992063 -0.38284534 -0.42503541 0.50897400 0.64321055
1563003717.36451292 -2.50403645 -59.69818755 -2.44447683 -0.39720077 -0.40549229 0.48179657 0.66759240
1563003717.86468101 -2.59226914 -59.57493038 -2.42824118 -0.41273770 -0.38077800 0.45205966 0.69303519
1563003718.26480389 -2.61645906 -59.46247396 -2.41140242 -0.42661560 -0.35459971 0.41864648 0.71902246
1563003718.66484404 -2.61235742 -59.32268901 -2.38901377 -0.44358905 -0.31904240 0.37495450 0.74889908
1563003718.96461201 -2.59153307 -59.19497141 -2.36792227 -0.45663321 -0.28440694 0.33284630 0.77447540
1563003719.23111010 -2.55449859 -59.06138785 -2.34811893 -0.47012292 -0.24667449 0.28655149 0.79751136
1563003719.43106389 -2.52458352 -58.96701352 -2.33322426 -0.47776861 -0.22133803 0.25558500 0.81081622
1563003720.46514010 -2.50202125 -58.88261493 -2.31968991 -0.48327232 -0.20152527 0.22922567 0.82054312
1563003721.06562400 -2.46057961 -58.76044689 -2.29816488 -0.48934153 -0.17189595 0.19386612 0.83271399
1563003721.43209410 -2.42146575 -58.64215046 -2.27703207 -0.49357825 -0.14212923 0.15740475 0.84344742
1563003721.83225393 -2.36053802 -58.46654433 -2.25208479 -0.49730630 -0.10619489 0.10846647 0.85419208
1563003722.33232188 -2.24177528 -58.19468288 -2.20187236 -0.50167777 -0.05474266 0.04379619 0.86220911
1563003722.69931102 -2.15082030 -57.96369100 -2.16142524 -0.50247527 -0.02232036 0.00416458 0.86429339
1563003725.00046301 -2.23855690 -57.54850502 -2.10007907 -0.50560808 -0.05087883 0.04126359 0.86027271
1563003726.46690607 -2.27213558 -56.90381652 -2.00599846 -0.50687936 -0.03297852 0.02199193 0.86110515
1563003727.03403306 -2.17488354 -56.51874841 -1.94341911 -0.50591681 -0.00028613 -0.01921402 0.86236821
1563003727.50044298 -2.04315510 -56.15969749 -1.88651971 -0.50473993 0.03199892 -0.05914429 0.86064837
1563003728.03399110 -1.94963922 -55.70063639 -1.81632585 -0.50664740 0.03659060 -0.06512945 0.85891076
1563003728.33352804 -1.97355605 -55.42649551 -1.77335894 -0.50825293 0.01687037 -0.04262905 0.85998669
1563003728.63336492 -2.00391619 -55.17121808 -1.73652697 -0.50979282 0.00097487 -0.02197389 0.86001597
1563003729.06674099 -2.01889564 -54.88085854 -1.69678684 -0.51038802 -0.00852846 -0.01151347 0.85982485
1563003730.29884505 -1.90889200 -54.18946733 -1.60820708 -0.51167277 0.01429793 -0.04242782 0.85801307
1563003738.10264802 -1.90708816 -54.17538635 -1.60470940 -0.51219997 0.01500828 -0.04271217 0.85767220
1563003738.90392089 -1.90679971 -54.17859235 -1.60326451 -0.51261654 0.01494046 -0.04266177 0.85742699
1563003739.77215600 -1.85998906 -54.11359906 -1.64740716 -0.50491254 0.01038402 -0.04923474 0.86170264
1563003747.47643209 -1.71823903 -53.74629211 -1.55427210 -0.50418598 0.03842782 -0.08245698 0.85879022
1563003748.77763009 -1.53773428 -53.02135447 -1.43830851 -0.50148703 0.04750992 -0.09222997 0.85892211
1563003749.17786098 -1.52124920 -52.71877667 -1.39346288 -0.50403603 0.03692129 -0.08085872 0.85909625
1563003749.47788501 -1.53970993 -52.47071981 -1.35796761 -0.50679758 0.02353544 -0.06254907 0.85947072
1563003749.74508190 -1.56250539 -52.23526063 -1.32531406 -0.50759799 0.01069716 -0.04714317 0.86023681
1563003750.01174998 -1.58603560 -52.03813502 -1.29397812 -0.50854673 0.00160254 -0.03260828 0.86041522
1563003750.54516602 -1.63658789 -51.72800160 -1.24655634 -0.50889332 -0.01441237 -0.01796442 0.86052144
1563003751.17852306 -1.69233272 -51.35301460 -1.19387554 -0.50970238 -0.03171677 0.00439534 0.85975474
1563003751.71253896 -1.78859609 -50.94299066 -1.13710062 -0.51242296 -0.04624641 0.02484519 0.85712700
1563003752.14656305 -1.88506122 -50.56065142 -1.08831128 -0.51328115 -0.06357147 0.04203504 0.85482991
1563003752.68012595 -2.03473839 -50.11491285 -1.02924574 -0.51262125 -0.08040633 0.06269921 0.85253920
1563003753.14732599 -2.17778726 -49.73967406 -0.98307253 -0.51140936 -0.09694345 0.08043842 0.85005417
1563003753.61411595 -2.33899301 -49.36934114 -0.94086605 -0.51182814 -0.11399409 0.09515561 0.84615762
1563003754.41431904 -2.59738245 -48.75237424 -0.87527758 -0.51067266 -0.13229994 0.12263372 0.84063734
1563003755.38187599 -2.93718605 -47.96308537 -0.78023754 -0.50827375 -0.14194123 0.13624605 0.83841964
1563003756.21547198 -3.19734106 -47.22574588 -0.70225695 -0.50953505 -0.13685843 0.13724100 0.83833687
1563003756.78285789 -3.37232785 -46.69083226 -0.64796662 -0.51053966 -0.13199093 0.12159778 0.84091713
1563003757.14956093 -3.45153962 -46.31938221 -0.60604493 -0.51159555 -0.11909951 0.10474547 0.84446059
1563003757.54984593 -3.51171230 -45.91631550 -0.56115021 -0.51297536 -0.10440035 0.08273967 0.84800413
1563003757.91623497 -3.55534627 -45.53879152 -0.52090037 -0.51696595 -0.09144949 0.06220184 0.84883104
1563003758.31638002 -3.56693393 -45.14738515 -0.47120158 -0.51884197 -0.07318996 0.04286606 0.85065195
1563003758.78354001 -3.56743673 -44.72777531 -0.42121586 -0.51944686 -0.05785159 0.02219303 0.85225326
1563003759.18363905 -3.56226005 -44.37341471 -0.37677297 -0.51884763 -0.04538340 0.00682444 0.85363394
1563003759.84979391 -3.53973843 -43.88417933 -0.30792494 -0.51531894 -0.03272160 -0.01210371 0.85628803
1563003760.28385091 -3.52771591 -43.54862674 -0.27190923 -0.51767014 -0.02930285 -0.01981451 0.85484873
1563003760.71727610 -3.51996838 -43.24039982 -0.23854291 -0.52012387 -0.02467171 -0.02322217 0.85341853
1563003761.38437104 -3.49522705 -42.79484436 -0.18757357 -0.52036378 -0.02054715 -0.02995556 0.85317174
1563003761.95087099 -3.45942740 -42.38667812 -0.13530589 -0.51900236 -0.01208219 -0.03568986 0.85394192
1563003762.35127497 -3.42622462 -42.09083055 -0.09736726 -0.51994452 -0.00798643 -0.04048397 0.85320277
1563003762.71868205 -3.40010664 -41.81484329 -0.06406133 -0.52169673 -0.00610096 -0.04445200 0.85195030
1563003762.98522210 -3.37775242 -41.60997653 -0.04245739 -0.52087453 -0.00534811 -0.04617067 0.85236694
1563003763.08553410 -3.29693624 -41.51308823 -0.05005446 -0.51941852 -0.01282178 -0.04783466 0.85308373
1563003763.25206089 -3.27015753 -41.37588776 -0.02484501 -0.51910093 -0.01092077 -0.04893254 0.85324121
1563003764.01937294 -3.20136645 -40.77187953 0.04626348 -0.52076434 -0.00520842 -0.05316247 0.85202765
1563003764.65255404 -3.12875377 -40.21138814 0.11196785 -0.52045438 -0.00065339 -0.05962920 0.85180465
1563003765.35269308 -3.02010793 -39.54726190 0.19454297 -0.51902852 0.00606347 -0.07463667 0.85147049
1563003765.85300589 -2.90456689 -39.07933794 0.25898537 -0.51751902 0.01549950 -0.08445993 0.85135207
1563003766.25345993 -2.81334447 -38.70052175 0.30801730 -0.51857184 0.02221980 -0.09113326 0.84987308
1563003766.88729310 -2.64337858 -38.11038940 0.39864827 -0.52036451 0.02827845 -0.10334377 0.84719607
1563003767.85458398 -2.46829587 -37.15910760 0.50146708 -0.51987639 0.01955679 -0.08612861 0.84966342
1563003768.95481992 -2.30782372 -36.04808950 0.62702398 -0.52128721 0.01203959 -0.08566695 0.84898520
1563003769.68811703 -2.19495403 -35.33565044 0.70843543 -0.52282844 0.00703185 -0.07894823 0.84874505
1563003770.52068901 -2.10844985 -34.53431215 0.79370843 -0.52179897 0.00265654 -0.07560741 0.84970718
1563003771.08647895 -2.05135579 -34.00941966 0.85175963 -0.52518953 0.00086643 -0.07339541 0.84781385
1563003771.58549595 -1.99781674 -33.54561052 0.89568958 -0.52636068 0.00056686 -0.07290723 0.84712966
1563003772.11907005 -1.93306096 -33.03986885 0.95323448 -0.52508476 0.00138274 -0.07642459 0.84761039
1563003772.58602500 -1.85104484 -32.57655951 1.00368252 -0.52479312 0.00603784 -0.08200763 0.84724877
1563003773.05269289 -1.75511296 -32.12656074 1.05392499 -0.52430880 0.01329503 -0.09118731 0.84652726
1563003773.41962504 -1.66488886 -31.78396860 1.09374675 -0.52365056 0.02236705 -0.10185456 0.84552673
1563003773.71984696 -1.57478972 -31.51324501 1.12633407 -0.52172365 0.03422422 -0.11623672 0.84446561
1563003773.98651409 -1.47148334 -31.28191538 1.16236971 -0.51827549 0.05061204 -0.13680537 0.84268216
1563003774.25343990 -1.34788764 -31.07618189 1.19184551 -0.51543316 0.06642942 -0.15732592 0.83974064
1563003774.45344090 -1.24982907 -30.92609525 1.21651195 -0.51244600 0.08095985 -0.17596853 0.83658811
1563003774.62035489 -1.15920908 -30.80955244 1.23515345 -0.50989619 0.09393045 -0.19122292 0.83343671
1563003774.85368896 -1.02589611 -30.64739447 1.26139498 -0.50601148 0.11227803 -0.21344433 0.82812290
1563003775.15392709 -0.84843461 -30.46596040 1.29296347 -0.50109565 0.13280757 -0.23896573 0.82107288
1563003775.52059507 -0.64505029 -30.27565290 1.32826998 -0.49478857 0.15226500 -0.26552230 0.81332500
1563003776.32104897 -0.24537559 -29.83142785 1.40292386 -0.48923342 0.16791170 -0.28580496 0.80670431
1563003776.68798399 -0.13522392 -29.57075045 1.43466117 -0.49511430 0.15042485 -0.26382957 0.81401975
1563003777.08821511 -0.02999346 -29.24812173 1.47191998 -0.50317429 0.12802478 -0.23430628 0.82190380
1563003777.45488191 0.04311327 -28.94279339 1.50689208 -0.50851249 0.10519208 -0.20669581 0.82923248
1563003777.82180500 0.09914719 -28.63070057 1.53823369 -0.51324568 0.08250422 -0.17788306 0.83554147
1563003778.18868494 0.13161735 -28.30580746 1.56852011 -0.51865570 0.05902198 -0.14790957 0.84002109
1563003778.52202010 0.14384620 -28.00363346 1.59244516 -0.52349384 0.03769148 -0.12046350 0.84262809
1563003779.15582299 0.15026210 -27.41644995 1.64511380 -0.52765224 0.00780207 -0.08151196 0.84550461
1563003779.58939409 0.21107244 -27.00458697 1.68673870 -0.52574456 0.00924981 -0.08409682 0.84642473
1563003780.02272797 0.30063090 -26.57906867 1.73255648 -0.52485588 0.01658205 -0.09423727 0.84579589
1563003780.48959494 0.41257239 -26.11975081 1.78616904 -0.52322991 0.02396772 -0.10465956 0.84540073
1563003781.05655599 0.55816233 -25.55898914 1.84630212 -0.52296142 0.03364340 -0.11604778 0.84374901
1563003781.65704393 0.73782095 -24.95487380 1.90440842 -0.52520956 0.04034746 -0.12433330 0.84087349
1563003782.19062710 0.88936300 -24.41165286 1.95601502 -0.52715184 0.04323133 -0.12603355 0.83926011
1563003782.65755892 0.99259268 -23.92363206 2.00423114 -0.53037451 0.04503865 -0.12817479 0.83680680
1563003783.09089303 1.08841639 -23.48024383 2.04442032 -0.53087464 0.04568347 -0.12959831 0.83623526
1563003783.45769906 1.16407268 -23.11157672 2.07513731 -0.53108966 0.04764715 -0.13091484 0.83578396
1563003783.89134002 1.27372540 -22.68185220 2.11499863 -0.52982684 0.04577845 -0.12880266 0.83701716
1563003784.29156399 1.35620671 -22.29723354 2.15549249 -0.52892618 0.04556571 -0.12893660 0.83757759
1563003784.72516394 1.45357010 -21.89534661 2.19399302 -0.52733332 0.04719859 -0.12816803 0.83860886
1563003785.29203606 1.63680044 -21.35922343 2.24539872 -0.52621862 0.05721485 -0.14000682 0.83679061
1563003785.79232693 1.74697497 -20.89226873 2.29114991 -0.52950236 0.05029689 -0.13136979 0.83656407
1563003786.02566099 1.75447164 -20.67612791 2.30483696 -0.53210456 0.03518560 -0.11240931 0.83844550
1563003786.22587895 1.73560841 -20.48633460 2.31647887 -0.53477297 0.01677746 -0.08827791 0.84020438
1563003786.42587900 1.70572570 -20.30409701 2.32705886 -0.53616781 -0.00020254 -0.06556233 0.84156142
1563003786.69277501 1.67779014 -20.05463395 2.33926359 -0.53754377 -0.01771283 -0.04282154 0.84196156
1563003787.25971293 1.67457972 -19.50211556 2.36716890 -0.53749147 -0.02903710 -0.03192149 0.84216435
1563003787.82662201 1.67798009 -18.96938787 2.40449827 -0.53804537 -0.03104834 -0.03006047 0.84180731
1563003788.46020007 1.68164475 -18.49580488 2.43733040 -0.53730238 -0.03301018 -0.02739162 0.84229816
1563003789.36063290 1.63807985 -18.00413751 2.46952228 -0.53771188 -0.04588741 -0.01103046 0.84180675
1563003790.09421206 1.67207235 -17.57776756 2.50160457 -0.53713015 -0.03162877 -0.02944389 0.84239176
1563003790.42786098 1.72890131 -17.34585093 2.52069441 -0.53711524 -0.01673025 -0.04973690 0.84187502
1563003790.79475999 1.79963567 -17.06389409 2.54339154 -0.53590216 -0.00113634 -0.06974279 0.84139380
1563003791.09476089 1.87188627 -16.81595744 2.56526352 -0.53504759 0.01082062 -0.08595917 0.84036779
1563003791.59502411 2.00880286 -16.38209955 2.60858926 -0.53270404 0.02828704 -0.10929166 0.83873809
1563003792.32874990 2.24337919 -15.74371044 2.67706778 -0.52839676 0.04766722 -0.13441416 0.83693341
1563003792.89565706 2.42277153 -15.23782455 2.73034459 -0.52809192 0.05952305 -0.14965712 0.83377376
1563003793.42929101 2.56686927 -14.75359704 2.77866187 -0.53012695 0.06621809 -0.15646379 0.83072238
1563003793.82943106 2.66332318 -14.38336967 2.81167038 -0.53238988 0.06757710 -0.15774330 0.82892183
1563003794.19636512 2.74452327 -14.03862705 2.84217869 -0.53381951 0.06747003 -0.15808967 0.82794455
1563003794.62994289 2.86646082 -13.64248743 2.87480433 -0.53346860 0.06088307 -0.14937000 0.83029700
1563003795.09661102 2.95378165 -13.18776873 2.91270097 -0.53527240 0.05529979 -0.13961646 0.83122358
1563003795.69708991 2.98446586 -12.57010217 2.98635855 -0.54268268 0.04343042 -0.12318565 0.82971959
1563003796.33075809 3.09408770 -11.94013089 3.00457574 -0.54565229 0.02430204 -0.09769259 0.83194300
1563003796.93098497 3.18106801 -11.34515183 3.02145601 -0.54849456 0.00725161 -0.07599997 0.83266148
1563003797.39780211 3.18833516 -10.87525672 3.04817840 -0.55153989 0.00379099 -0.07358006 0.83088829
1563003798.09812188 3.27268589 -10.15428617 3.07373403 -0.55122946 0.00118948 -0.07029552 0.83138631
1563003798.69859695 3.35397668 -9.53662499 3.09959140 -0.55302773 0.00427331 -0.07368874 0.82988676
1563003799.29884410 3.45636454 -8.92696816 3.12385262 -0.55167843 0.01003699 -0.08085581 0.83006777
1563003799.76706910 3.54723044 -8.45222278 3.14444538 -0.55151836 0.01297062 -0.08458066 0.82976224
1563003800.16939402 3.61356365 -8.03430402 3.16318099 -0.55078167 0.01744770 -0.09095375 0.82949536
1563003800.53693199 3.69829476 -7.66015840 3.18007223 -0.54931662 0.02014164 -0.09564212 0.82987840
1563003800.97108197 3.80305997 -7.19574936 3.20751858 -0.54891067 0.02500041 -0.10288399 0.82914832
1563003801.47175288 3.98694700 -6.65237613 3.28338617 -0.54910946 0.02825010 -0.10744193 0.82833385
1563003801.90570688 4.10957411 -6.18207801 3.30918680 -0.54828768 0.03196487 -0.11306745 0.82799434
1563003802.33945298 4.22738405 -5.73941236 3.33146664 -0.54879368 0.03348873 -0.11867334 0.82681354
1563003802.94006205 4.39709630 -5.16519211 3.35658716 -0.54945168 0.03730813 -0.12510174 0.82526390
1563003803.64038301 4.61952553 -4.51413346 3.38217949 -0.55085584 0.04171095 -0.13228147 0.82299432
1563003804.37427807 4.85420128 -3.83323858 3.41293873 -0.55105659 0.04655003 -0.14165273 0.82103851
1563003805.00800896 5.10478558 -3.33622743 3.51936160 -0.55553161 0.05283391 -0.15643291 0.81493678
1563003805.47508192 5.36901888 -2.93598039 3.54659547 -0.54972822 0.07770094 -0.18882460 0.81000415
1563003805.84204602 5.60805851 -2.65386039 3.57326732 -0.54371747 0.10052094 -0.21769420 0.80428607
1563003806.20916104 5.86603458 -2.38622501 3.60052457 -0.53789649 0.12184000 -0.24730281 0.79665783
1563003806.54240203 6.11474654 -2.13276110 3.58325570 -0.52579866 0.14412718 -0.27298853 0.79261617
1563003806.80945396 6.33578677 -1.97132305 3.60505534 -0.51980345 0.16210890 -0.29509552 0.78513930
1563003807.07599401 6.55896717 -1.83342116 3.64294351 -0.51656065 0.17866961 -0.32024326 0.77374835
1563003807.34282494 6.82051198 -1.73087898 3.68766772 -0.51227789 0.19573011 -0.34742034 0.76063144
1563003807.67630005 7.10551429 -1.57909415 3.70153311 -0.49890433 0.22015957 -0.37952311 0.74738640
1563003807.94281602 7.36306856 -1.50091638 3.73349629 -0.48765953 0.23951812 -0.40564709 0.73503040
1563003808.20975208 7.67025494 -1.46257984 3.77516404 -0.47761935 0.25840286 -0.43290085 0.71951690
1563003808.54287696 8.03057743 -1.41630116 3.80190749 -0.46382573 0.28113060 -0.46670876 0.69858014
