0 -0.0220048 0.0510367 -0.0280321 -5.85486e-05 9.86149e-05 -0.00213058 0.999998
0.832496 0.399406 0.0471956 1.32612 -0.00450024 0.134741 -0.00336341 0.990865
1.66513 1.81975 0.0436408 3.04095 -0.0203517 0.353106 0.00822436 0.935326
2.3915 4.27961 0.11278 4.53024 -0.0263767 0.516061 0.00589226 0.856125
3.22012 8.71546 0.235308 6.05304 -0.0217688 0.5985 0.005459 0.800809
4.0495 14.687 0.428681 7.50187 -0.032084 0.633358 0.0088603 0.773143
4.67227 19.5513 0.642773 8.23468 -0.0338497 0.673776 0.00420375 0.738148
5.29588 24.6565 0.783931 8.10298 -0.0333589 0.743392 -0.00313487 0.668016
5.815 28.8698 0.806391 7.17012 -0.0135075 0.792356 -0.00324626 0.609901
6.43713 33.5909 0.570549 5.37402 0.0138723 0.837593 -0.0281974 0.54539
7.16275 38.7167 0.14376 2.58751 0.0182581 0.868779 -0.0228396 0.494337
8.30313 46.8314 -0.552965 -2.35013 0.0173687 0.86791 -0.0255612 0.49576
8.82213 51.0778 -0.895884 -4.80449 0.0117844 0.868234 -0.0267553 0.495293
9.44476 56.3245 -1.33296 -7.84546 0.00756881 0.867991 -0.0264246 0.495819
10.1711 62.5063 -1.81375 -11.3762 0.00595226 0.866306 -0.0280855 0.498689
10.898 68.4853 -2.31735 -14.9448 0.00210903 0.87686 -0.0313883 0.479715
11.624 74.1703 -2.71946 -18.6381 -0.000243872 0.881457 -0.0287705 0.471387
12.3501 79.8011 -3.09545 -22.3217 -0.0111725 0.880666 -0.0261396 0.472884
13.0762 85.3099 -3.43936 -25.759 -0.00352826 0.867528 -0.0214585 0.496913
13.6988 90.1823 -3.70027 -28.2765 0.000276089 0.84712 -0.022884 0.530909
14.01 92.6757 -3.84528 -29.3741 -0.0025844 0.836607 -0.0238242 0.547279
14.4254 96.0246 -4.06734 -30.696 -0.00443247 0.828676 -0.0365012 0.55852
14.9445 100.209 -4.37187 -32.2708 -0.0105781 0.82104 -0.0344957 0.569729
15.5671 105.328 -4.70029 -33.9573 -0.0157673 0.808928 -0.0397605 0.58635
16.0861 109.618 -4.95285 -35.2075 -0.0175821 0.798374 -0.0433145 0.600345
16.501 113.009 -5.14948 -36.0797 -0.0182786 0.789381 -0.0432573 0.612105
17.1238 118.163 -5.45059 -37.2495 -0.0150573 0.78003 -0.036421 0.624499
17.6429 122.474 -5.70989 -38.1072 -0.0158348 0.77509 -0.0375617 0.630534
18.2658 127.689 -5.94953 -39.1322 -0.019246 0.773812 -0.0387015 0.631939
18.7849 131.896 -6.17831 -39.9237 -0.0232065 0.772748 -0.0468424 0.632556
19.1999 135.168 -6.40074 -40.5689 -0.0173112 0.771365 -0.0435094 0.634667
19.5112 137.58 -6.55017 -41.0148 -0.018055 0.769099 -0.0372492 0.637787
20.2366 143.067 -6.87053 -41.8168 -0.0122113 0.74635 -0.0334526 0.6646
20.8591 147.659 -7.13794 -42.0435 -0.00873869 0.718299 -0.0463628 0.694133
21.5864 152.918 -7.47317 -41.9672 -0.0175347 0.703861 -0.0562158 0.707893
22.4178 158.903 -7.86124 -42.0556 -0.0195909 0.716272 -0.0544771 0.695416
23.2474 164.628 -8.27193 -42.232 -0.0155823 0.712788 -0.0522288 0.699258
23.8694 168.724 -8.48967 -42.01 -0.0283592 0.678924 -0.0417311 0.732473
24.2842 171.342 -8.56781 -41.6337 -0.0340052 0.652721 -0.0372899 0.755915
24.5954 173.229 -8.59046 -41.2537 -0.039312 0.636295 -0.0346075 0.769666
25.1143 176.184 -8.61483 -40.556 -0.0298392 0.616972 -0.0411477 0.785342
26.1519 182.251 -8.59069 -38.8736 -0.0455167 0.605432 -0.0278406 0.794107
26.7739 185.891 -8.48621 -37.735 -0.0463375 0.584017 -0.0238833 0.810066
27.3963 189.618 -8.32164 -36.2483 -0.0518642 0.554837 -0.0248259 0.829969
28.2272 194.836 -8.03578 -34.0075 -0.0514304 0.550203 -0.0198393 0.83321
28.8499 199.001 -7.813 -32.2405 -0.0527242 0.554293 -0.0205025 0.830397
29.5763 203.824 -7.57013 -30.2552 -0.0582174 0.562176 -0.0278073 0.824497
29.9917 206.606 -7.44152 -29.2539 -0.0571506 0.57986 -0.0324187 0.812062
30.614 210.887 -7.20331 -27.9256 -0.0666307 0.595187 -0.0268311 0.80037
31.2363 215.176 -6.93566 -26.6136 -0.0682895 0.593733 -0.0286696 0.801246
31.8585 219.577 -6.609 -25.1469 -0.076193 0.582763 -0.030183 0.808499
32.4809 223.988 -6.26559 -23.5622 -0.076535 0.57081 -0.0382919 0.81661
33.2068 229.077 -5.92883 -21.5539 -0.0758088 0.55701 -0.0370913 0.826206
33.7255 232.728 -5.66451 -20.0039 -0.084486 0.550397 -0.0360141 0.829836
34.3478 237.092 -5.25148 -18.0738 -0.0818624 0.541462 -0.0377313 0.835879
35.2813 243.577 -4.59157 -15.0479 -0.0898354 0.530365 -0.0309989 0.842426
36.2145 250.069 -3.96116 -11.8524 -0.0871879 0.526865 -0.0317139 0.844871
37.0445 255.906 -3.32986 -8.90099 -0.0861535 0.516722 -0.0305987 0.851258
37.6667 260.182 -2.85956 -6.52223 -0.0803188 0.492994 -0.0286183 0.865844
38.2892 264.26 -2.33103 -3.76552 -0.088856 0.459182 -0.0332056 0.883263
38.9133 268.372 -1.83977 -0.96661 -0.0883579 0.478961 -0.0472972 0.872096
39.7438 274.173 -1.24471 2.35981 -0.0919263 0.509647 -0.0503797 0.853974
40.9884 282.844 -0.473163 6.96201 -0.088234 0.511607 -0.058111 0.852699
42.0253 290.426 0.279558 11.3745 -0.0966475 0.483685 -0.0616639 0.867701
43.1661 298.633 1.17734 17.0659 -0.0914962 0.442294 -0.0505385 0.890759
43.8924 303.741 1.90339 21.1686 -0.0922975 0.421838 -0.0547028 0.900301
44.7223 309.345 2.7215 26.0548 -0.0916982 0.401834 -0.0494394 0.909768
45.3448 313.418 3.38465 29.8609 -0.0903718 0.386619 -0.0427212 0.916806
46.0713 318.03 4.19027 34.5548 -0.0953015 0.370827 -0.0415035 0.922867
46.6942 321.871 4.91066 38.6265 -0.0933598 0.367957 -0.0423677 0.924174
47.3174 325.846 5.6139 42.7004 -0.0921814 0.382165 -0.0479751 0.918233
47.9402 330.092 6.33117 46.6533 -0.0986877 0.405553 -0.0506601 0.907315
48.5626 334.552 6.97099 50.4269 -0.0943694 0.424246 -0.0519067 0.899119
49.2883 340.084 7.72909 54.7828 -0.0972626 0.438927 -0.0589122 0.891298
50.0142 345.705 8.45087 58.9605 -0.100015 0.449786 -0.0653695 0.885108
50.6365 350.64 9.11695 62.4693 -0.09778 0.452665 -0.0585809 0.884365
51.0512 353.902 9.52197 64.7581 -0.0992273 0.455068 -0.05355 0.883289
51.5697 357.968 10.067 67.6219 -0.0984452 0.455427 -0.0531015 0.883218
52.1917 362.881 10.7097 71.0772 -0.0986333 0.456888 -0.0492808 0.882664
52.9179 368.571 11.4976 75.0142 -0.0966213 0.455651 -0.0342611 0.884236
53.4365 372.488 12.0704 77.8074 -0.0996079 0.452403 -0.0318766 0.88566
53.9553 376.077 12.6696 80.4425 -0.116313 0.452182 -0.0396081 0.883422
54.5776 379.941 13.3491 83.2049 -0.11759 0.453717 -0.0462021 0.882145
54.9927 382.373 13.7788 84.8981 -0.12006 0.461936 -0.0492462 0.877368
55.5117 385.33 14.2271 86.8365 -0.118142 0.480862 -0.0614638 0.866623
56.1341 389.122 14.7582 88.9555 -0.123861 0.509563 -0.0626205 0.849166
56.9643 394.699 15.5957 91.634 -0.140648 0.530456 -0.0488007 0.834538
57.6906 399.831 16.4871 93.7508 -0.138987 0.549737 -0.0389758 0.822771
58.4173 404.838 17.3211 95.5352 -0.136777 0.577942 -0.0410309 0.803487
59.1443 409.607 17.9007 96.7658 -0.116921 0.622962 -0.0609267 0.771061
59.5596 412.524 18.1072 97.1719 -0.1029 0.653677 -0.0588998 0.747428
60.0781 416.303 18.3375 97.4962 -0.110721 0.674308 -0.0507695 0.728336
60.3893 418.576 18.4917 97.6465 -0.114749 0.681178 -0.0595017 0.720617
61.0116 423.194 18.7035 97.928 -0.113176 0.682595 -0.0843038 0.717041
61.9451 429.904 18.7851 98.4965 -0.099467 0.6703 -0.100381 0.728511
62.6718 434.539 18.6865 98.9034 -0.0950941 0.682809 -0.117223 0.714834
63.0876 437.045 18.5414 98.9034 -0.0865824 0.708819 -0.117973 0.690045
63.5032 439.189 18.3722 98.7691 -0.0841067 0.734029 -0.121706 0.662809
63.9184 440.89 18.1701 98.5245 -0.0629416 0.752663 -0.131303 0.642103
64.5407 442.823 17.8981 98.1652 -0.0518238 0.767454 -0.131577 0.625312
66.4071 445.966 17.4707 97.6538 -0.0534941 0.756114 -0.134455 0.638241
67.2364 447.917 17.2478 97.52 -0.06032 0.723675 -0.126795 0.675707
67.9621 450.068 17.111 97.7185 -0.0716661 0.665142 -0.129912 0.731828
68.7916 453.265 17.0286 98.5774 -0.083366 0.589951 -0.122081 0.793791
69.5177 456.865 17.0513 100.07 -0.086386 0.537461 -0.112159 0.83132
70.6596 463.663 17.3505 103.723 -0.0965374 0.499113 -0.109724 0.854124
71.5933 470.19 17.6993 107.506 -0.0887154 0.4897 -0.106881 0.860756
72.3197 475.863 17.9497 110.894 -0.0892973 0.488372 -0.104739 0.861712
72.9422 481.023 18.1689 114.055 -0.0896363 0.486513 -0.103488 0.862879
73.4611 485.67 18.4074 116.888 -0.090769 0.492734 -0.111893 0.858169
73.8767 489.459 18.532 118.969 -0.0902574 0.515207 -0.121011 0.843665
74.5001 495.582 18.5144 121.718 -0.0867514 0.563043 -0.130956 0.811361
74.9155 499.837 18.3334 123.09 -0.076887 0.602543 -0.141072 0.781747
75.331 504.185 17.9101 124.001 -0.0667535 0.646715 -0.15283 0.744276
75.7459 508.712 17.2715 124.424 -0.0546676 0.6825 -0.157795 0.711552
76.575 517.804 15.6214 124.346 -0.0405856 0.722152 -0.160102 0.671727
77.4042 526.978 13.7809 123.839 -0.0415171 0.729746 -0.162994 0.662706
78.1301 535.544 12.0835 123.364 -0.0456116 0.730378 -0.170481 0.659851
78.856 544.513 10.2548 122.655 -0.0483632 0.737162 -0.173648 0.651229
79.3745 551.118 8.87957 122.046 -0.0480637 0.741675 -0.17598 0.645476
79.7895 556.497 7.77196 121.499 -0.0517982 0.746047 -0.180368 0.638904
80.4117 564.827 6.0474 120.501 -0.0543334 0.751051 -0.186292 0.631083
80.8264 570.472 4.88492 119.747 -0.0589081 0.752552 -0.191729 0.627245
81.1375 574.818 3.9907 119.159 -0.0665468 0.75338 -0.198786 0.623277
81.5523 580.644 2.73829 118.35 -0.0710862 0.753952 -0.204417 0.620256
82.0708 587.894 1.07445 117.407 -0.0709741 0.7535 -0.20766 0.61974
82.382 592.274 -0.00379956 116.909 -0.0739934 0.753028 -0.206401 0.62038
82.5894 595.142 -0.587729 116.543 -0.0756859 0.752302 -0.209467 0.620029
83.0042 601.003 -1.92384 115.772 -0.0774964 0.750718 -0.213384 0.62039
83.3152 605.358 -2.86564 115.197 -0.0821592 0.750104 -0.218653 0.618696
83.6262 609.633 -3.95388 114.631 -0.0848815 0.748801 -0.224259 0.6179
84.041 615.292 -5.4422 113.945 -0.0992035 0.746581 -0.23439 0.614685
84.4557 620.974 -7.02027 113.289 -0.109641 0.745874 -0.240514 0.611395
84.8703 627.313 -7.72662 112.512 -0.0557148 0.748018 -0.193869 0.632282
85.3887 634.316 -9.45164 111.71 -0.0609284 0.746359 -0.19468 0.63351
85.9071 641.012 -11.0256 110.937 -0.0608683 0.747046 -0.193726 0.632999
86.4256 647.515 -12.5091 110.153 -0.0637754 0.748396 -0.19313 0.631298
86.9441 653.37 -13.8741 109.423 -0.0613477 0.747454 -0.191308 0.633206
87.3587 657.424 -14.7818 108.953 -0.0649527 0.745788 -0.187637 0.635904
88.1892 663.75 -16.2433 108.23 -0.0660823 0.760584 -0.197663 0.614877
88.8143 667.207 -17.3471 107.107 -0.0429379 0.830626 -0.207872 0.514787
89.3356 669.301 -18.3947 105.637 -0.0125323 0.899635 -0.218335 0.377927
89.6478 670.123 -19.054 104.508 0.0122463 0.931972 -0.219867 0.287986
89.9597 670.688 -19.7411 103.225 0.0323815 0.955319 -0.219131 0.195699
90.3755 670.982 -20.6562 101.428 0.0599867 0.969858 -0.22625 0.06773
91.2058 669.783 -22.5584 97.3789 0.107774 0.95047 -0.220935 -0.190209
92.1377 665.834 -24.5696 92.8569 0.132214 0.904777 -0.200557 -0.351674
92.7597 662.363 -25.7295 89.8869 0.126383 0.885671 -0.172826 -0.412002
93.2785 659.018 -26.4526 87.6468 0.13003 0.859528 -0.152083 -0.470292
93.9004 654.527 -27.0342 85.2598 -0.140679 -0.840374 0.134484 0.505861
94.4186 650.576 -27.5041 83.1691 -0.125242 -0.843787 0.13708 0.503534
94.9372 646.462 -28.0978 80.9285 0.11652 0.847837 -0.14042 -0.497873
95.4559 642.141 -28.7593 78.5985 0.118538 0.850365 -0.136829 -0.49407
96.2853 635.186 -29.8389 74.6304 0.120591 0.857019 -0.140569 -0.480849
96.804 630.995 -30.5442 72.1601 0.119476 0.858262 -0.139036 -0.479356
97.6337 624.706 -31.6366 68.426 0.120903 0.861369 -0.141344 -0.472703
98.6712 618.123 -32.887 64.3022 0.117155 0.866255 -0.138343 -0.465551
100.227 612.611 -33.9582 60.7391 0.114676 0.869134 -0.141444 -0.459836
103.856 607.561 -34.9566 57.4472 0.109681 0.868816 -0.147356 -0.459798
105.204 604.072 -35.7878 54.9249 0.104484 0.886606 -0.160021 -0.421197
105.826 601.564 -36.487 52.8043 0.103486 0.898324 -0.154344 -0.398099
106.449 598.617 -37.3165 50.1937 0.0978256 0.901945 -0.151294 -0.392475
107.175 594.601 -38.5188 46.5819 0.0903245 0.904021 -0.15441 -0.388259
107.59 592.049 -39.296 44.2542 0.0919753 0.906983 -0.153875 -0.381111
108.524 586.207 -41.2284 38.6387 0.0872298 0.910386 -0.157105 -0.372702
109.561 579.413 -43.4379 32.3195 0.0894777 0.905126 -0.158677 -0.384138
110.287 574.524 -45.0125 27.8672 0.0848887 0.904562 -0.158204 -0.386695
111.013 569.612 -46.6426 23.3808 0.0813798 0.907453 -0.156922 -0.381158
111.635 565.569 -48.0377 19.5633 0.0805216 0.909323 -0.15985 -0.375627
112.153 562.28 -49.2165 16.3951 0.0755898 0.911552 -0.154538 -0.373466
112.465 560.364 -49.8856 14.5458 0.0731541 0.909864 -0.157503 -0.376814
112.879 557.807 -50.7704 12.1985 0.0792592 0.907832 -0.159635 -0.379574
113.605 553.777 -52.2604 8.51011 0.0751524 0.904257 -0.165603 -0.386325
114.85 548.749 -54.1748 4.01213 0.0729089 0.902863 -0.171728 -0.38734
116.302 544.677 -55.7186 0.434438 0.0765319 0.901531 -0.177977 -0.386921
117.754 542.406 -56.6548 -1.64958 0.0724042 0.904935 -0.184616 -0.376521
122.006 540.867 -57.3216 -3.09723 0.0676957 0.905284 -0.190084 -0.373826
