1563003603.74419498 0.87299992 0.02599999 0.67999996 -0.39498343 0.40598227 -0.59997466 0.56497512
1563003603.87740111 0.95133113 0.01785361 0.68286337 -0.39448625 0.40644823 -0.60088154 0.56402288
1563003604.84459496 1.48157266 -0.04943034 0.68160475 -0.39140812 0.41041037 -0.60531332 0.55853272
1563003606.04504991 2.40140156 -0.16201215 0.68762256 -0.38690359 0.41467651 -0.61401335 0.54894136
1563003606.91217208 3.09448462 -0.25947308 0.68737295 -0.38590982 0.41681627 -0.61592733 0.54586751
1563003607.97924709 3.96325468 -0.34213044 0.69711432 -0.38890299 0.41447545 -0.61027615 0.55184019
1563003608.71307397 4.55161623 -0.40453901 0.69594735 -0.39030633 0.41370300 -0.60767793 0.55429084
1563003609.24674201 4.99709300 -0.43998847 0.70462756 -0.38827439 0.41474644 -0.60961735 0.55280654
1563003610.11361694 5.78344039 -0.55078244 0.69855701 -0.38555065 0.41906465 -0.61296479 0.54773139
1563003610.84724689 6.48159707 -0.65316579 0.68806434 -0.38487332 0.41872726 -0.61462968 0.54659891
1563003611.54746294 7.14850452 -0.71942259 0.67868135 -0.38617939 0.41783796 -0.61293502 0.54825868
1563003612.28134799 7.84585790 -0.78002976 0.67682697 -0.38943822 0.41559011 -0.61042348 0.55045973
1563003613.08156109 8.61624622 -0.86201249 0.66145774 -0.39415616 0.41433083 -0.60688584 0.55196057
1563003613.81533194 9.33460855 -0.94854974 0.64578579 -0.39505132 0.41476903 -0.60592106 0.55205142
1563003614.51552010 10.01494169 -1.01243833 0.64505098 -0.39152569 0.41684734 -0.60700576 0.55180607
1563003615.24931598 10.70866880 -1.10472132 0.64102225 -0.38963227 0.41821500 -0.60799195 0.55102513
1563003615.91626191 11.35672649 -1.14898564 0.63426617 -0.39067605 0.41927285 -0.60943079 0.54788375
1563003616.51650810 11.95040513 -1.19435254 0.63343633 -0.38784124 0.42227565 -0.61084739 0.54601091
1563003617.11653900 12.51744464 -1.27160791 0.63311837 -0.38878646 0.42069908 -0.60971810 0.54781495
1563003617.75037599 13.11606461 -1.34909038 0.63053506 -0.38702614 0.42198320 -0.61007335 0.54767824
1563003618.31748796 13.64678222 -1.41745175 0.62049169 -0.38853090 0.42062132 -0.61117090 0.54643534
1563003618.75072908 14.05693824 -1.48487109 0.62083854 -0.38518016 0.42468845 -0.61441606 0.54200449
1563003619.31778097 14.62544724 -1.62064033 0.61295827 -0.37953031 0.43064609 -0.62430545 0.52985223
1563003619.75108004 15.08942135 -1.81358677 0.60192446 -0.36445748 0.44222518 -0.64052438 0.51121049
1563003620.05123901 15.37259772 -1.95213983 0.60533119 0.35118962 -0.45306058 0.65590408 -0.49111282
1563003620.31809497 15.61407008 -2.09894871 0.60142334 0.33815600 -0.46264207 0.67102123 -0.47047141
1563003620.55137110 15.81252313 -2.24583584 0.60426025 0.32261223 -0.47235444 0.68526928 -0.45078670
1563003620.75132489 15.97469935 -2.38703667 0.60044569 0.31037160 -0.48103269 0.69620152 -0.43310561
1563003620.98483992 16.15436685 -2.55198544 0.60299065 0.29576630 -0.48900859 0.71067959 -0.41027724
1563003621.18479395 16.29252575 -2.71443663 0.60595060 0.28188058 -0.49582774 0.72240447 -0.39093476
1563003621.38496208 16.43062379 -2.89062031 0.60465145 0.26805383 -0.50259877 0.73476858 -0.36831611
1563003621.61818004 16.57411108 -3.10498760 0.60156722 0.25108124 -0.50922834 0.74852087 -0.34258023
1563003621.81836605 16.67698830 -3.28632696 0.60553160 0.23631147 -0.51587630 0.75878130 -0.31981162
1563003622.05163002 16.77707809 -3.51189609 0.61369939 0.21624059 -0.52292705 0.77101233 -0.29210838
1563003622.35179996 16.88508798 -3.84343418 0.61589951 0.18774794 -0.53255372 0.78571583 -0.25256263
1563003622.61840892 16.94075594 -4.15980811 0.62487332 0.15956861 -0.54084018 0.79780311 -0.21340092
1563003622.88514495 16.96703073 -4.46847168 0.62974574 0.13042593 -0.54969692 0.80698693 -0.17203041
1563003623.15175390 16.96628041 -4.75687146 0.63356350 0.10292039 -0.55687580 0.81409149 -0.12865372
1563003623.41863108 16.94249148 -5.04635073 0.64146725 0.07529408 -0.56104616 0.81919851 -0.09204244
1563003623.68503094 16.94032852 -5.32141260 0.64177451 0.05908168 -0.56452823 0.82024814 -0.07078290
1563003624.45118189 17.06858285 -6.12133921 0.65179144 0.05829113 -0.56492017 0.82001786 -0.07097926
1563003625.21841407 17.11807138 -6.96228744 0.65276260 0.03918168 -0.56684249 0.82172332 -0.04387675
1563003625.98576093 17.11147544 -7.80361674 0.66618265 0.01973854 -0.56638254 0.82369850 -0.01849286
1563003626.61949205 17.09596528 -8.50386101 0.67572101 0.00943976 -0.56732674 0.82343517 -0.00240243
1563003627.15305996 17.07827903 -9.09553325 0.67881636 0.00445424 -0.56826920 0.82282169 0.00384057
1563003627.71986008 17.04520014 -9.73938594 0.67874968 0.00177629 -0.56950045 0.82195597 0.00738076
1563003628.28684211 17.03126898 -10.37429967 0.67636563 0.00260499 -0.56966172 0.82184510 0.00702632
1563003628.78731108 17.04027417 -10.93569049 0.67888409 0.00663175 -0.57036496 0.82136414 0.00088769
1563003629.45440006 17.07674756 -11.70246940 0.67893909 0.01103170 -0.57087972 0.82094215 -0.00535138
1563003630.15458012 17.09174416 -12.53128706 0.68133619 0.01431801 -0.57054327 0.82107862 -0.01026008
1563003630.82179594 17.11220247 -13.31820784 0.67403463 0.01550625 -0.57166991 0.82026875 -0.01059483
1563003631.48869705 17.11523987 -14.08126399 0.66872488 0.01175793 -0.57143698 0.82053582 -0.00651933
1563003632.02241397 17.11946374 -14.68421261 0.66481483 0.00922046 -0.57219595 0.82005468 -0.00413585
1563003632.65615797 17.11914715 -15.41833239 0.65241524 0.00861080 -0.57301850 0.81949678 0.00081992
1563003633.25652504 17.10720924 -16.10579287 0.64563197 0.00676326 -0.57298455 0.81953576 0.00202676
1563003633.75663495 17.11811426 -16.69144732 0.63942805 0.00643125 -0.57360708 0.81910165 0.00245868
1563003634.25678706 17.12718900 -17.25753728 0.63859198 0.00767232 -0.57323973 0.81935177 -0.00012737
1563003634.69046211 17.13987763 -17.74788257 0.63370104 0.00869021 -0.57225186 0.82003178 -0.00041946
1563003635.09066701 17.14236619 -18.20328647 0.63417049 0.00924760 -0.57313734 0.81940679 -0.00076023
1563003635.45767999 17.14079412 -18.62193669 0.63148265 0.00743500 -0.57397074 0.81883792 -0.00260013
1563003635.89108205 17.14123278 -19.11891181 0.62751018 0.00821725 -0.57447938 0.81847385 -0.00254568
1563003636.32473302 17.13180776 -19.62910624 0.61880099 0.00958470 -0.57573231 0.81757678 -0.00294254
1563003636.85839295 17.11778995 -20.26833054 0.60866193 0.01172745 -0.57584065 0.81747091 -0.00336436
1563003637.42522192 17.12052001 -20.93722503 0.59983869 0.00906309 -0.57617619 0.81727360 -0.00165237
1563003637.89215398 17.10499232 -21.47846543 0.58673593 0.00806415 -0.57707786 0.81664929 -0.00021362
1563003638.32570410 17.10825337 -21.97249987 0.58103599 0.00667258 -0.57874912 0.81547120 0.00341329
1563003638.75902605 17.10164992 -22.47462831 0.56773764 0.00600610 -0.57961822 0.81483150 0.00750204
1563003639.15917897 17.09445296 -22.93497956 0.55933283 0.00379614 -0.57953433 0.81488704 0.00920128
1563003639.79273009 17.06712516 -23.70229555 0.54004129 0.00062372 -0.58033675 0.81426982 0.01317302
1563003640.46002102 17.07398669 -24.51375819 0.51375440 -0.00160823 -0.58407049 0.81147902 0.01899694
1563003641.02719593 17.05838587 -25.18193774 0.49806037 -0.00418248 -0.58431667 0.81116080 0.02397263
1563003641.56107211 17.03586112 -25.80639345 0.48758591 -0.00518921 -0.58562279 0.81007888 0.02812874
1563003642.06146002 16.99810417 -26.36918008 0.46524013 -0.00451132 -0.58597513 0.80980556 0.02877085
1563003642.52832603 16.97431857 -26.89439800 0.44220099 -0.00383383 -0.58689867 0.80915195 0.02843181
1563003642.96170807 16.94456973 -27.37138930 0.42290027 -0.00081581 -0.58879233 0.80800064 0.02139831
1563003643.32843709 16.92785413 -27.76805290 0.41228586 0.00225481 -0.58854439 0.80831105 0.01560980
1563003643.69505811 16.93370257 -28.18363512 0.39305962 0.00492784 -0.58987583 0.80738492 0.01232137
1563003644.12855911 16.94192842 -28.66114748 0.36938961 0.01259817 -0.58832265 0.80850348 0.00631401
1563003644.49569511 16.95996774 -29.06961057 0.34947035 0.01567920 -0.58815900 0.80859324 -0.00036201
1563003644.99598098 16.99394626 -29.65572291 0.31954665 0.02161086 -0.58903482 0.80778356 -0.00752814
1563003645.52970600 17.04194674 -30.27497479 0.28867906 0.02863773 -0.59073509 0.80622652 -0.01451653
1563003646.06338906 17.10748438 -30.85704845 0.26226366 0.03560384 -0.59009722 0.80605340 -0.02820563
1563003646.56385708 17.19279575 -31.40431451 0.23513180 0.04142458 -0.59370785 0.80268266 -0.03867222
1563003646.99759698 17.27294255 -31.88749288 0.19947495 0.04500395 -0.59689637 0.79990247 -0.04295822
1563003647.33129311 17.34928226 -32.25024667 0.17124798 0.04324396 -0.59621318 0.80051150 -0.04290866
1563003647.99824691 17.43819322 -33.03416689 0.11733710 0.04531962 -0.59631493 0.80035120 -0.04233898
1563003648.53169107 17.48931437 -33.66514247 0.08077224 0.04257293 -0.59713891 0.80008802 -0.03836428
1563003649.09857011 17.52588848 -34.31089963 0.04775993 0.03746388 -0.60036815 0.79811715 -0.03411082
1563003649.59874392 17.56234865 -34.88552999 0.00214564 0.03486415 -0.60146788 0.79758518 -0.02964384
1563003650.03230190 17.59484832 -35.35894223 -0.03583416 0.03442394 -0.60447294 0.79540112 -0.02764969
1563003650.49906492 17.62516211 -35.83109889 -0.07600736 0.03455945 -0.60549101 0.79466778 -0.02625629
1563003650.93252707 17.65210273 -36.25700740 -0.10646299 0.03398512 -0.60760799 0.79312955 -0.02455730
1563003651.33264208 17.69759727 -36.66484475 -0.15387361 0.03277306 -0.60863630 0.79252203 -0.01991500
1563003651.79913592 17.73503034 -37.09694673 -0.19193996 0.03045533 -0.60955888 0.79200141 -0.01562726
1563003652.19929790 17.75341281 -37.40541995 -0.21796009 0.02905592 -0.60993258 0.79180552 -0.01349121
1563003652.59939289 17.77669940 -37.71793801 -0.24848963 0.02936828 -0.60963023 0.79201016 -0.01443607
1563003652.99977899 17.79907946 -38.06151739 -0.28226593 0.03145956 -0.60948158 0.79201249 -0.01608466
1563003653.40005708 17.84034515 -38.43304709 -0.31958830 0.03457242 -0.61015404 0.79136670 -0.01598582
1563003653.83345509 17.85723031 -38.83649756 -0.36269531 0.03376965 -0.61091946 0.79074934 -0.01877519
1563003654.20011091 17.88736303 -39.17465999 -0.39465983 0.02962321 -0.61248235 0.78977713 -0.01548925
1563003654.66708899 17.91079478 -39.61402214 -0.44253787 0.02909312 -0.61253999 0.78977016 -0.01454115
1563003655.03379798 17.94872804 -39.97160807 -0.47631809 0.02681646 -0.61199112 0.79033033 -0.01121202
1563003655.43404603 17.97152815 -40.35033148 -0.51504202 0.02714819 -0.61320903 0.78939581 -0.00958742
1563003655.80086398 17.98129681 -40.68614095 -0.55227065 0.02683277 -0.61308804 0.78950050 -0.00959252
1563003656.16772604 17.99706247 -41.00717247 -0.58710763 0.02530612 -0.61315188 0.78950390 -0.00937902
1563003656.60090709 18.00923531 -41.37338475 -0.62650115 0.02633049 -0.61262675 0.78988407 -0.00884999
1563003657.10176206 18.02363017 -41.76941998 -0.67077049 0.02738571 -0.61173639 0.79054292 -0.00839702
1563003657.50203991 18.03899395 -42.08790601 -0.70633773 0.02403545 -0.61186842 0.79056737 -0.00652416
1563003657.90236902 18.03889741 -42.40005081 -0.74172676 0.02272107 -0.61215463 0.79040483 -0.00326633
1563003658.50272202 18.07266000 -42.92039759 -0.79702131 0.01623329 -0.61394007 0.78918296 0.00207946
1563003659.03612709 18.10387823 -43.36949797 -0.84319601 0.01105981 -0.61462045 0.78869630 0.00880518
1563003659.53621006 18.12344065 -43.79274276 -0.88194024 0.00553324 -0.61514669 0.78827264 0.01379020
1563003660.13618112 18.10672706 -44.27497836 -0.93746715 0.00238215 -0.61749845 0.78641091 0.01574405
1563003660.63619089 18.08237658 -44.64754270 -0.98709961 0.00065588 -0.61967521 0.78470234 0.01563477
1563003661.13597798 18.05592153 -44.97244579 -1.02537990 0.00075778 -0.62119876 0.78351016 0.01494507
1563003661.60297799 18.03667748 -45.27013952 -1.05637442 0.00013268 -0.62100246 0.78367830 0.01429119
1563003662.03638792 18.02379576 -45.53668455 -1.08712841 -0.00086156 -0.62189086 0.78297954 0.01392997
1563003662.60307193 18.01835293 -45.73004750 -1.11237347 -0.00105695 -0.62184652 0.78297697 0.01590162
1563003663.63694096 18.01448509 -45.77235500 -1.11618271 -0.00125001 -0.62159856 0.78317458 0.01585065
1563003664.77087808 18.00585538 -45.95231639 -1.14350075 -0.00136585 -0.62167236 0.78308515 0.01729945
1563003665.50503802 18.01661013 -46.22676552 -1.18463930 -0.00293572 -0.62232180 0.78244344 0.02211815
1563003666.23883510 17.98302297 -46.63286803 -1.24012275 -0.00885165 -0.62250572 0.78204056 0.02865045
1563003666.83905101 17.95018960 -47.06386506 -1.30145294 -0.01525903 -0.62192066 0.78211760 0.03569190
1563003667.40621090 17.89740070 -47.57307632 -1.36614078 -0.01973030 -0.62275535 0.78089211 0.04465437
1563003667.80622292 17.86453907 -47.96460283 -1.42726188 -0.01838227 -0.62461804 0.77931940 0.04664410
1563003668.17285299 17.84535221 -48.35909765 -1.46109997 -0.01628457 -0.62590061 0.77858451 0.04230130
1563003668.63982797 17.84324425 -48.82145153 -1.52669581 -0.00915252 -0.62607743 0.77913646 0.02982728
1563003669.10667610 17.85827699 -49.25097309 -1.58565083 0.00010918 -0.62736154 0.77855767 0.01629223
1563003669.60663509 17.88897330 -49.69120637 -1.64968571 0.00916597 -0.62790505 0.77823544 0.00091883
1563003670.00662398 17.92153901 -50.04905240 -1.70460597 0.01544371 -0.62939482 0.77686833 -0.00996211
1563003670.30656695 17.94569692 -50.32540298 -1.74742298 0.01921371 -0.62999828 0.77621418 -0.01498531
1563003670.80656695 17.97191947 -50.79225333 -1.81947643 0.01987261 -0.63056549 0.77571293 -0.01617691
1563003671.37388992 17.97266513 -51.35193917 -1.89880084 0.01319121 -0.63083163 0.77576892 -0.00774822
1563003672.00791097 17.93557881 -52.00831293 -2.00077864 0.00551122 -0.63104075 0.77570162 0.00664801
1563003672.47528505 17.88334283 -52.47550977 -2.06936901 -0.00183691 -0.63157564 0.77509079 0.01852294
1563003673.04251599 17.81982212 -53.01692250 -2.15401291 -0.01243614 -0.63089751 0.77469265 0.04080415
1563003673.64281702 17.75150397 -53.58579938 -2.22947159 -0.02447385 -0.63169364 0.77256817 0.05918284
1563003674.17641091 17.69989613 -54.09487412 -2.31085496 -0.02481597 -0.63299142 0.77152271 0.05881105
1563003674.61000299 17.68317559 -54.50906159 -2.37810750 -0.01960358 -0.63486407 0.77064624 0.05164966
1563003675.07708812 17.68057310 -54.94894718 -2.45078550 -0.01242560 -0.63542739 0.77103974 0.03969063
1563003675.57754898 17.69730375 -55.41283041 -2.52773651 -0.00134542 -0.63587578 0.77159091 0.01753993
1563003676.04451489 17.74950128 -55.84868418 -2.60785405 0.01272479 -0.63779281 0.77007553 -0.00648787
1563003676.41127706 17.79957382 -56.19636510 -2.66835116 0.02203511 -0.63844132 0.76899789 -0.02343876
1563003676.87809300 17.85267959 -56.68087265 -2.74976169 0.02641191 -0.63860620 0.76839409 -0.03248163
1563003677.31140399 17.88581212 -57.12481204 -2.82465437 0.02594463 -0.63875966 0.76833509 -0.03121167
1563003677.97848797 17.91424980 -57.75240088 -2.93527041 0.02265944 -0.63934289 0.76823676 -0.02322730
1563003678.61204004 17.90254537 -58.33644422 -3.03727810 0.01633002 -0.64006910 0.76809759 -0.00842468
1563003679.24560595 17.88068782 -58.81508002 -3.12184498 0.00793919 -0.63968878 0.76857937 0.00458094
1563003680.17949700 17.81397115 -59.41148094 -3.23673716 0.00034138 -0.64102278 0.76726501 0.01985144
1563003681.17944002 17.74785407 -59.89228920 -3.33077124 -0.00868912 -0.64341076 0.76461579 0.03619095
1563003681.51302695 17.71864881 -60.06013678 -3.35931353 -0.01333784 -0.64454009 0.76314613 0.04470073
1563003681.77974010 17.68742617 -60.19700917 -3.38223522 -0.02018853 -0.64501886 0.76202844 0.05343912
1563003682.04688692 17.63424174 -60.33636057 -3.40619841 -0.03048795 -0.64375584 0.76136864 0.07047484
1563003682.24700403 17.56521551 -60.43396419 -3.42080590 -0.04316197 -0.64183922 0.75993202 0.09318153
1563003682.51413608 17.44806096 -60.55291867 -3.43993768 -0.06330424 -0.63789026 0.75635124 0.13046606
1563003682.88100100 17.27218630 -60.69214821 -3.46228058 -0.09241564 -0.63157395 0.74843149 0.18006665
1563003683.28127789 17.06711733 -60.82128795 -3.48458764 -0.12081516 -0.62181521 0.73720059 0.23512728
1563003683.61490798 16.86111656 -60.89155747 -3.49469531 -0.15042877 -0.60913849 0.72254047 0.29027012
1563003683.91529608 16.65251807 -60.91772069 -3.49785790 -0.18305218 -0.59389126 0.70379789 0.34417090
1563003684.18198705 16.47118534 -60.92329462 -3.49791428 -0.20865769 -0.57941325 0.68526727 0.38878145
1563003684.44897604 16.29761470 -60.91607282 -3.49454940 -0.23110178 -0.56367986 0.66763882 0.42791984
1563003684.74917293 16.10915494 -60.91437242 -3.49285693 -0.24962066 -0.54799019 0.65040331 0.46300304
1563003685.01622200 15.94638389 -60.93753110 -3.49647562 -0.25931767 -0.53954058 0.64277903 0.47800150
1563003685.28289008 15.79080945 -60.97144108 -3.50152433 -0.26477577 -0.53420351 0.63780156 0.48757520
1563003685.54983711 15.63618895 -61.00385126 -3.50447052 -0.26871860 -0.52856640 0.63220117 0.49872794
1563003685.81653905 15.48001862 -61.02842356 -3.50624042 -0.27394809 -0.52299005 0.62595002 0.50952961
1563003686.08341789 15.32117917 -61.04652955 -3.50840020 -0.28062691 -0.51692844 0.61808795 0.52153697
1563003686.38339496 15.13745667 -61.02913469 -3.50295403 -0.29377839 -0.50454578 0.60286765 0.54376318
1563003686.68349504 14.94746000 -60.97801344 -3.49166453 -0.31097077 -0.48652689 0.58249276 0.57209348
1563003687.08389401 14.69750775 -60.88368000 -3.46936311 -0.33370670 -0.46094364 0.55310493 0.60847822
1563003687.45107007 14.46659319 -60.79065286 -3.44891131 -0.34990365 -0.44023783 0.52761983 0.63669098
1563003687.81798100 14.21232646 -60.68158452 -3.42443523 -0.36468096 -0.41816160 0.50365829 0.66217596
1563003688.48529005 13.69944415 -60.52058653 -3.38506042 -0.37535501 -0.40036920 0.48426545 0.68139570
1563003688.78538299 13.43932850 -60.51471797 -3.38006055 -0.36878408 -0.40970253 0.49685613 0.67028064
1563003689.05227900 13.20431004 -60.52224284 -3.38127011 -0.36269375 -0.41952037 0.50676960 0.66003066
1563003689.35237193 12.94028702 -60.54338259 -3.38031230 -0.35566646 -0.42931279 0.51911938 0.64784795
1563003689.71931005 12.61038181 -60.57298835 -3.38339232 -0.34723995 -0.44191933 0.53365293 0.63193850
1563003690.18611503 12.17377289 -60.62058316 -3.38433826 -0.33915156 -0.45388667 0.54560384 0.61747839
1563003690.65280008 11.71375498 -60.65019724 -3.38525096 -0.33751070 -0.45608277 0.55040787 0.61247548
1563003691.15309310 11.20344913 -60.67282430 -3.38268147 -0.33483083 -0.45859280 0.55316650 0.60958001
1563003691.58667493 10.75651584 -60.68445158 -3.38118104 -0.33549785 -0.45720475 0.55392801 0.60956441
1563003692.08706188 10.23483968 -60.68418212 -3.37457189 -0.33691251 -0.45485909 0.55130808 0.61290503
1563003692.55408907 9.74241778 -60.66990841 -3.37022624 -0.34078323 -0.45058619 0.54647580 0.61822575
1563003693.05424094 9.23003502 -60.64724662 -3.35258180 -0.34319311 -0.44439064 0.54291240 0.62448505
1563003693.55460501 8.73667712 -60.61440083 -3.34080289 -0.34484929 -0.43913258 0.53604544 0.63316414
1563003693.95504808 8.36517600 -60.57775901 -3.32482550 -0.35129078 -0.43512858 0.52985082 0.63758609
1563003694.42216492 7.94457179 -60.52591064 -3.30900277 -0.35535715 -0.42860060 0.52413339 0.64444318
1563003694.88885593 7.52489514 -60.47089803 -3.28647382 -0.35870104 -0.42212200 0.51916664 0.65085527
1563003695.32243395 7.12299092 -60.42134742 -3.27018144 -0.36154469 -0.42119343 0.51707561 0.65154765
1563003695.68939805 6.77305355 -60.40121718 -3.26169204 -0.36253503 -0.42465656 0.51806003 0.64795753
1563003696.15613294 6.34689572 -60.37763342 -3.25392911 -0.36102443 -0.42794400 0.52417960 0.64168610
1563003696.58961701 5.97596638 -60.36058266 -3.24418702 -0.35993352 -0.42802787 0.52651310 0.64033114
1563003696.98985505 5.64266602 -60.34006163 -3.23604910 -0.35875678 -0.42977566 0.52616582 0.64010623
1563003697.42334390 5.28668712 -60.31752019 -3.22911430 -0.35940346 -0.42936347 0.52496150 0.64100826
1563003697.95685291 4.97254262 -60.29532666 -3.22086004 -0.35887870 -0.42859363 0.52422822 0.64241603
1563003698.72376990 4.77418996 -60.27775642 -3.21494858 -0.35985305 -0.42706478 0.52296851 0.64391412
1563003699.59084296 4.44461866 -60.23116911 -3.20309831 -0.36215995 -0.42350839 0.51834662 0.64868914
1563003700.12433410 4.16879692 -60.19694343 -3.19008614 -0.36445981 -0.41955557 0.51540204 0.65230584
1563003701.79159498 4.00347735 -60.17681452 -3.18436512 -0.36579285 -0.41823244 0.51509066 0.65265522
1563003706.52713299 3.96780990 -60.17225602 -3.18377020 -0.36543564 -0.41830929 0.51548944 0.65249121
1563003707.56083894 3.71189917 -60.15215742 -3.17634145 -0.36521589 -0.42078855 0.51558388 0.65094363
1563003708.09429789 3.48432734 -60.13119130 -3.17168963 -0.36482429 -0.42150330 0.51553418 0.65074013
1563003708.59437990 3.21464749 -60.10380432 -3.16428541 -0.36518147 -0.42289975 0.51650079 0.64886457
1563003709.12773705 2.85678510 -60.07933184 -3.15623437 -0.36437749 -0.42322928 0.51900196 0.64710354
1563003709.49484706 2.57597167 -60.06226525 -3.15821536 -0.36143191 -0.42688265 0.52002157 0.64553524
1563003709.89487100 2.22951574 -60.04577761 -3.15452175 -0.36031203 -0.42953001 0.52217852 0.64265761
1563003710.16169405 1.98199590 -60.03485373 -3.15247164 -0.35824355 -0.43218202 0.52426861 0.64033014
1563003710.36177611 1.78638193 -60.03039544 -3.14867310 -0.35794115 -0.43290646 0.52633524 0.63831133
1563003710.56216502 1.58395232 -60.02056361 -3.14257809 -0.35863726 -0.43363143 0.52889911 0.63530215
1563003710.76222301 1.37820254 -60.01694301 -3.14446403 -0.35718749 -0.43634346 0.53054719 0.63288321
1563003710.96258211 1.17018809 -60.01835085 -3.14283985 -0.35754195 -0.43763603 0.53159191 0.63091085
1563003711.16254807 0.95950900 -60.01898022 -3.13719265 -0.35822958 -0.43855213 0.53266451 0.62897705
1563003711.36251307 0.75728658 -60.03060009 -3.13053736 -0.35826025 -0.43942774 0.53235861 0.62860733
1563003711.59595895 0.53090395 -60.03214217 -3.12871854 -0.35855372 -0.44019889 0.53318939 0.62719473
1563003711.89592505 0.25409242 -60.03873468 -3.12363511 -0.35922746 -0.44159394 0.53315374 0.62585743
1563003712.16283202 0.02108857 -60.04225725 -3.12386382 -0.36003790 -0.44128682 0.53494112 0.62408065
1563003712.42917490 -0.20080584 -60.04856624 -3.12221463 -0.36051243 -0.44334319 0.53503635 0.62226498
1563003712.72935891 -0.45456424 -60.04879631 -3.12085207 -0.36097172 -0.44502926 0.53614220 0.61983862
1563003713.06319690 -0.74874245 -60.05876076 -3.12349067 -0.36114646 -0.44686972 0.53686640 0.61778246
1563003713.46349192 -1.09080423 -60.07821797 -3.12601989 -0.36027739 -0.44778504 0.53664090 0.61782304
1563003713.96377110 -1.46102541 -60.08937824 -3.12921633 -0.36237382 -0.44642365 0.53390474 0.61994909
1563003714.66400290 -1.84218053 -60.09798547 -3.13006090 -0.36329965 -0.44821440 0.52994125 0.62151387
1563003715.46435308 -2.23034948 -60.08274799 -3.12445578 -0.36968043 -0.44746632 0.52564979 0.62193454
1563003716.26438689 -2.54763946 -60.06119133 -3.12687757 -0.37350784 -0.44494408 0.52127952 0.62512744
1563003716.89769411 -2.72664945 -59.99213020 -3.12117226 -0.38391891 -0.43177651 0.50282228 0.64291918
1563003717.23083210 -2.79158784 -59.92947763 -3.11251096 -0.39323832 -0.41949210 0.48588313 0.65826104
1563003717.53103304 -2.85315240 -59.86371399 -3.10368020 -0.40145670 -0.40751777 0.46937464 0.67264346
1563003717.79799104 -2.89927259 -59.79694567 -3.09625069 -0.40910276 -0.39361404 0.45396050 0.68674798
1563003718.06483793 -2.92550592 -59.72290978 -3.08518392 -0.41823742 -0.37766040 0.43347849 0.70323999
1563003718.36478090 -2.93348385 -59.63459044 -3.07032431 -0.42872594 -0.35630961 0.40582189 0.72425557
1563003718.56492496 -2.93181131 -59.56546133 -3.05765576 -0.43717768 -0.33851729 0.38448954 0.73922224
1563003718.76476312 -2.92407229 -59.48656197 -3.04462358 -0.44560152 -0.31773543 0.35984696 0.75564122
1563003718.96461201 -2.90922882 -59.39837770 -3.02950615 -0.45431285 -0.29363264 0.33092814 0.77321813
1563003719.13109803 -2.88918342 -59.31639059 -3.01554234 -0.46213267 -0.27072561 0.30352468 0.78804429
1563003719.26469898 -2.86647871 -59.24650841 -3.00416110 -0.46897705 -0.25162070 0.27883431 0.79937412
1563003719.46466398 -2.84339871 -59.16069188 -2.98980607 -0.47565469 -0.22892747 0.25132080 0.81128459
1563003720.49890304 -2.82252773 -59.07891831 -2.97589782 -0.48032358 -0.20978034 0.22668542 0.82091120
1563003720.86531591 -2.80335440 -59.00979825 -2.96285775 -0.48384927 -0.19342047 0.20708081 0.82800721
1563003721.13215208 -2.78252125 -58.94156293 -2.94946345 -0.48649419 -0.17604373 0.18771724 0.83492170
1563003721.36555505 -2.75526529 -58.86739806 -2.93529530 -0.48916118 -0.15715774 0.16438273 0.84202203
1563003721.63227701 -2.72477740 -58.76747252 -2.91780955 -0.49203179 -0.13338902 0.13287511 0.84997429
1563003721.93223095 -2.66848470 -58.62188503 -2.89312757 -0.49406075 -0.10464868 0.09561628 0.85779377
1563003722.19937205 -2.61066623 -58.48088816 -2.86739853 -0.49580032 -0.07661482 0.06120950 0.86288215
1563003722.43225288 -2.55080535 -58.34214902 -2.84025887 -0.49723392 -0.05140940 0.03160237 0.86551534
1563003722.69931102 -2.49608953 -58.17910593 -2.81170580 -0.49749501 -0.02960841 0.00413742 0.86695152
1563003724.19984794 -2.50473648 -57.87014315 -2.76399248 -0.50073858 -0.03144865 0.01062005 0.86496189
1563003724.93358707 -2.58186739 -57.77773349 -2.75212162 -0.50032344 -0.05500726 0.03877286 0.86321916
1563003726.10056400 -2.65589286 -57.33219886 -2.68160150 -0.50162469 -0.05748096 0.04541504 0.86197800
1563003726.66710401 -2.59716800 -56.98346324 -2.62253710 -0.50029839 -0.02912759 0.00978728 0.86530764
1563003727.13394094 -2.50335514 -56.65305403 -2.56284591 -0.49968520 -0.00021082 -0.02538123 0.86583512
1563003727.56724906 -2.37947228 -56.31055507 -2.50330293 -0.49915072 0.02982369 -0.06202043 0.86377808
1563003728.03399110 -2.31176281 -55.90869584 -2.43621805 -0.50168969 0.03001620 -0.06236937 0.86227405
1563003728.23362088 -2.32667894 -55.72852639 -2.40771281 -0.50351250 0.01827671 -0.04831073 0.86244258
1563003728.46669888 -2.35579946 -55.51859275 -2.37272510 -0.50483378 0.00265803 -0.03106454 0.86265334
1563003728.73324895 -2.38259931 -55.31009970 -2.33962229 -0.50539360 -0.00975682 -0.01473840 0.86270789
1563003729.66647506 -2.33197034 -54.65339993 -2.24225543 -0.50653519 -0.00163610 -0.02477906 0.86186160
1563003737.63573599 -2.28158097 -54.37968761 -2.20275888 -0.50786430 0.00879848 -0.03987002 0.86046895
1563003738.26931500 -2.28184192 -54.38022207 -2.20248278 -0.50788686 0.00879166 -0.03988549 0.86045499
1563003739.03827000 -2.27987475 -54.38721868 -2.19918602 -0.50886710 0.00867001 -0.03977061 0.85988220
1563003743.64034200 -2.27915986 -54.38740391 -2.20140361 -0.50857095 0.00863266 -0.03962813 0.86006435
1563003747.04285407 -2.22519380 -54.19219480 -2.13940884 -0.51100749 0.02495792 -0.05927780 0.85716661
1563003748.04381990 -2.09062934 -53.75780824 -2.06739852 -0.50814786 0.04807045 -0.08699212 0.85551584
1563003748.74430799 -2.00170080 -53.32062809 -2.00848082 -0.50654170 0.04773980 -0.08334739 0.85684866
1563003749.11153102 -1.98488826 -53.04913031 -1.97049188 -0.50901038 0.03919784 -0.07579401 0.85652042
1563003749.34469008 -1.99326090 -52.86026265 -1.94474001 -0.51094412 0.02978447 -0.06129371 0.85690844
1563003749.54502392 -2.01217901 -52.68915136 -1.92358700 -0.51240850 0.01996961 -0.04956835 0.85707743
1563003749.74508190 -2.03397891 -52.51658332 -1.89902584 -0.51292104 0.01082012 -0.03764821 0.85754157
1563003750.01174998 -2.05700417 -52.31522196 -1.87508934 -0.51302288 0.00079854 -0.02287764 0.85806964
1563003750.51170897 -2.10776145 -52.02728154 -1.83415765 -0.51363089 -0.01486061 -0.00833012 0.85784211
1563003751.21201897 -2.19073017 -51.56744250 -1.77404934 -0.51335512 -0.03267799 0.01467380 0.85742833
1563003751.61243391 -2.26081972 -51.27989090 -1.74289482 -0.51470845 -0.04278982 0.02997609 0.85577198
1563003751.94605803 -2.33217908 -51.02822903 -1.70934441 -0.51467591 -0.05675341 0.04449667 0.85434642
1563003752.34670305 -2.43620633 -50.67511305 -1.66465059 -0.51497772 -0.07095143 0.06078439 0.85209688
1563003752.88020802 -2.59778918 -50.24010593 -1.61897287 -0.51345693 -0.08835171 0.08185920 0.84962052
1563003753.34738398 -2.75103136 -49.86993863 -1.57381913 -0.51060261 -0.10443193 0.09731374 0.84788501
1563003753.78075910 -2.88059782 -49.51565411 -1.53557332 -0.51082687 -0.12066100 0.11349462 0.84357323
1563003754.48119402 -3.11756551 -48.99204571 -1.47933956 -0.50904883 -0.13639761 0.13617479 0.83888104
1563003755.14863491 -3.35249891 -48.45341843 -1.42050583 -0.50613725 -0.14644139 0.14604734 0.83728739
1563003755.78221202 -3.56664980 -47.90217828 -1.35717561 -0.50391812 -0.14403905 0.14950159 0.83843220
1563003756.31548405 -3.75605438 -47.42989976 -1.29820977 -0.50764198 -0.14155806 0.14682360 0.83708050
1563003756.74943209 -3.89034564 -47.02288734 -1.25559124 -0.50880882 -0.13677099 0.13520967 0.83912194
1563003757.11587906 -3.98024103 -46.65770189 -1.21496815 -0.51084221 -0.12466056 0.11896319 0.84222784
1563003757.51591492 -4.05663600 -46.25514923 -1.16963728 -0.51325634 -0.10934317 0.09670682 0.84573033
1563003757.88337708 -4.11867668 -45.87982739 -1.12892699 -0.51693865 -0.09652949 0.07534464 0.84721879
1563003758.21640301 -4.14042964 -45.55178389 -1.09213608 -0.51956099 -0.08240090 0.05828931 0.84845084
1563003758.61654806 -4.15254687 -45.19183685 -1.04789786 -0.52023345 -0.06708445 0.04037795 0.85042722
1563003759.01646805 -4.15279004 -44.82577609 -1.00451954 -0.51973104 -0.05266648 0.02622540 0.85230166
1563003759.44970298 -4.14818330 -44.47949404 -0.96262867 -0.51750047 -0.04334944 0.01023240 0.85452290
1563003759.91676211 -4.13948560 -44.14275829 -0.91965941 -0.51597421 -0.03663883 -0.00190446 0.85581808
1563003760.28385091 -4.13837772 -43.85722362 -0.89117286 -0.51814537 -0.03340846 -0.00777954 0.85460443
1563003760.75018001 -4.13375530 -43.52558185 -0.85287571 -0.52104477 -0.02941028 -0.01267402 0.85292834
1563003761.15056205 -4.12713414 -43.26747104 -0.82184834 -0.52211620 -0.02526028 -0.01574785 0.85235474
1563003761.58457398 -4.10642720 -42.96370226 -0.78282213 -0.52161815 -0.02030364 -0.01956606 0.85271298
1563003761.98466802 -4.08815606 -42.67059926 -0.75012538 -0.52075401 -0.01655906 -0.02442571 0.85319660
1563003762.28502607 -4.06916196 -42.44892551 -0.72303763 -0.52132226 -0.01286850 -0.02810419 0.85279989
1563003762.65150499 -4.04906796 -42.17122502 -0.69329594 -0.52233859 -0.00959021 -0.03216641 0.85207732
1563003762.95161009 -4.03607049 -41.94164777 -0.66723154 -0.52210368 -0.00789274 -0.03395260 0.85216939
1563003763.15196800 -4.02070762 -41.78762354 -0.65035227 -0.52223671 -0.00646149 -0.03504447 0.85205572
1563003763.71940708 -3.97561992 -41.34726787 -0.60363517 -0.52296730 -0.00090216 -0.03776340 0.85151530
1563003764.35239410 -3.92727222 -40.80840183 -0.54316664 -0.52300527 0.00253180 -0.04174715 0.85130268
1563003764.91946507 -3.86470940 -40.29647176 -0.48503098 -0.52270382 0.00596697 -0.05113541 0.85095845
1563003765.41961408 -3.79029344 -39.81469606 -0.42817805 -0.52199111 0.01393939 -0.06283290 0.85051925
1563003765.85300589 -3.69849239 -39.40017336 -0.37679162 -0.52079454 0.02264581 -0.07125622 0.85040153
1563003766.28674698 -3.60064609 -38.99209421 -0.33128336 -0.52244212 0.02969822 -0.07864531 0.84852057
1563003766.95405197 -3.44370832 -38.36221154 -0.25398577 -0.52264204 0.03747600 -0.08943615 0.84701949
1563003767.68790507 -3.31851376 -37.64857675 -0.17594815 -0.52284671 0.02815559 -0.07589855 0.84857409
1563003768.45474005 -3.21224871 -36.88818589 -0.09302276 -0.52442328 0.02187755 -0.07247514 0.84808546
1563003769.22165895 -3.10781194 -36.10899483 -0.01380702 -0.52446471 0.01815245 -0.06951203 0.84839574
1563003769.88789701 -3.03577831 -35.46206218 0.05464703 -0.52482235 0.01493805 -0.06519471 0.84858000
1563003770.55397606 -2.96969395 -34.83048097 0.12354458 -0.52512753 0.01022354 -0.06259066 0.84865716
1563003771.08647895 -2.92346389 -34.33347506 0.16949695 -0.52725818 0.00869140 -0.06041195 0.84751028
1563003771.58549595 -2.87012721 -33.86225613 0.21560406 -0.52926226 0.00734492 -0.05896029 0.84637533
1563003772.01883101 -2.81995919 -33.45294124 0.26041245 -0.52745974 0.00644499 -0.06064885 0.84738799
1563003772.45240402 -2.75259236 -33.03337454 0.30396565 -0.52782199 0.00927452 -0.06625003 0.84671652
1563003772.91935897 -2.66683823 -32.57675565 0.34920388 -0.52795998 0.01662160 -0.07458956 0.84582408
1563003773.35295796 -2.57159784 -32.16585823 0.39399480 -0.52664631 0.02607870 -0.08567723 0.84535376
1563003773.65317988 -2.49114552 -31.88750349 0.42639408 -0.52577843 0.03676504 -0.09773248 0.84418821
1563003773.85318089 -2.42309900 -31.71401947 0.44642180 -0.52307726 0.04642416 -0.11137373 0.84370070
1563003774.01984811 -2.35579047 -31.57067864 0.46667704 -0.52152874 0.05772872 -0.12531883 0.84200378
1563003774.22010708 -2.26619480 -31.41315972 0.48597611 -0.51943854 0.06996438 -0.14115533 0.83985937
1563003774.38677406 -2.18530073 -31.28897402 0.50258192 -0.51752554 0.08138524 -0.15601667 0.83737838
1563003774.52010703 -2.11765811 -31.19127162 0.51699961 -0.51575449 0.09109676 -0.16848431 0.83505193
1563003774.68702197 -2.02683473 -31.07377459 0.53362104 -0.51319964 0.10431411 -0.18386952 0.83182732
1563003774.85368896 -1.93374541 -30.95737664 0.55076926 -0.51070189 0.11747188 -0.19983485 0.82791906
1563003775.05368900 -1.81947575 -30.83598046 0.56799927 -0.50796057 0.13088644 -0.21692439 0.82327918
1563003775.32059407 -1.66481909 -30.68730419 0.59017682 -0.50336112 0.14727467 -0.23842327 0.81736901
1563003775.72083092 -1.45759779 -30.47644013 0.62066481 -0.49741829 0.16575407 -0.26478486 0.80931428
1563003776.32104897 -1.15441328 -30.14198429 0.66632832 -0.49546860 0.17151486 -0.27209646 0.80688105
1563003776.68798399 -1.05127059 -29.88224041 0.69517812 -0.50099801 0.15415644 -0.25015756 0.81403807
1563003777.05465198 -0.95575628 -29.59222262 0.72372526 -0.50782873 0.13351109 -0.22321970 0.82125376
1563003777.35488200 -0.89745346 -29.34483860 0.74790999 -0.51179489 0.11486321 -0.20080552 0.82737511
1563003777.65513802 -0.85088130 -29.08853821 0.77526042 -0.51559524 0.09645368 -0.17678859 0.83282893
1563003777.98847198 -0.81401065 -28.80054276 0.80079085 -0.51946008 0.07564798 -0.14962209 0.83788534
1563003778.32201910 -0.79456353 -28.50426468 0.82384903 -0.52360390 0.05327295 -0.12135536 0.84159006
1563003778.72218704 -0.79542675 -28.13458196 0.85242277 -0.52803778 0.02910486 -0.09010692 0.84392520
1563003779.28915691 -0.79059163 -27.60479624 0.90165449 -0.52939129 0.00952561 -0.06500949 0.84582971
1563003779.72272801 -0.72073723 -27.18185422 0.94191281 -0.52809499 0.01412710 -0.07186387 0.84602109
1563003780.28959489 -0.61323559 -26.61944340 1.00545011 -0.52679244 0.02436850 -0.08585787 0.84529541
1563003780.82322192 -0.49070355 -26.09551583 1.05805584 -0.52574733 0.03344825 -0.09641156 0.84449735
1563003781.39012694 -0.34441792 -25.53215226 1.11228810 -0.52801315 0.04181141 -0.10656864 0.84148503
1563003781.82371211 -0.22772016 -25.09328483 1.14971520 -0.52960263 0.04581038 -0.11107760 0.83969294
1563003782.15729308 -0.14431504 -24.74719425 1.17890024 -0.53022641 0.04820450 -0.11224223 0.83901011
1563003782.59062696 -0.03512457 -24.29630164 1.21416898 -0.53102479 0.04758594 -0.11028188 0.83880043
1563003782.95756006 0.03390093 -23.91466378 1.24673353 -0.53268653 0.04751888 -0.11208778 0.83751021
1563003783.25769806 0.10041420 -23.61181183 1.27152977 -0.53243980 0.04695621 -0.11076922 0.83787419
1563003783.55769897 0.15066757 -23.30516320 1.30092943 -0.53267355 0.04805659 -0.11248144 0.83743500
1563003783.89134002 0.22447946 -22.96743165 1.33024228 -0.53103294 0.04663526 -0.11176477 0.83865238
1563003784.19156408 0.27743327 -22.67624341 1.35800399 -0.53060027 0.04670643 -0.11214309 0.83887173
1563003784.49156499 0.33787103 -22.39319888 1.38708625 -0.52907922 0.04692870 -0.10949429 0.84016896
1563003784.85849690 0.42822799 -22.04141168 1.41604629 -0.52779948 0.04872414 -0.11336248 0.84035862
1563003785.25870299 0.55085925 -21.65399434 1.45099289 -0.52751839 0.05613958 -0.12235946 0.83880919
1563003785.65899301 0.65056885 -21.28045727 1.48697953 -0.52913607 0.05415527 -0.11877687 0.83843562
1563003785.99232697 0.67014937 -20.96920422 1.51065903 -0.53232977 0.03709056 -0.09670856 0.84017662
1563003786.19254589 0.64451618 -20.78187673 1.52324610 -0.53454888 0.01892761 -0.07332909 0.84173754
1563003786.39254594 0.61168464 -20.60166829 1.53460957 -0.53556782 0.00131525 -0.05018714 0.84299859
1563003786.62610888 0.56762093 -20.38813690 1.55213575 -0.53707660 -0.01435526 -0.03075922 0.84285024
1563003787.02610898 0.53259215 -20.00925716 1.57740650 -0.53761854 -0.02643281 -0.01603346 0.84262123
1563003787.52638006 0.52862817 -19.52892853 1.60218743 -0.53701626 -0.02991440 -0.01411741 0.84292311
1563003787.92662191 0.51975171 -19.17829186 1.62775223 -0.53650493 -0.03142473 -0.01343478 0.84320487
1563003788.49353290 0.51355600 -18.76258678 1.65678663 -0.53571382 -0.03278081 -0.01090140 0.84369264
1563003789.12729907 0.47904793 -18.41003336 1.67745011 -0.53580781 -0.04319501 0.00022530 0.84323433
1563003789.76087809 0.45194811 -18.06871206 1.70228717 -0.53528220 -0.04435379 0.00288370 0.84350305
1563003790.26119399 0.51361344 -17.74810685 1.73014207 -0.53608749 -0.02511339 -0.02333682 0.84346601
1563003790.79475999 0.61251900 -17.32800871 1.76423246 -0.53538795 -0.00161964 -0.05393488 0.84288086
1563003791.26168990 0.73144359 -16.92933680 1.80375238 -0.53551298 0.01544179 -0.07671025 0.84089413
1563003791.76189089 0.86222164 -16.49905830 1.84724005 -0.53278525 0.03127382 -0.09818952 0.83995276
1563003792.26208305 1.01221992 -16.06398048 1.89175952 -0.53021605 0.04349364 -0.11421640 0.83900766
1563003792.76232290 1.17028393 -15.60769517 1.93285779 -0.52988523 0.05284069 -0.12886097 0.83655505
1563003793.09565711 1.27179826 -15.30968216 1.95975474 -0.52949307 0.05743433 -0.13442140 0.83562508
1563003793.46262503 1.35091938 -14.97393484 1.99336089 -0.53126962 0.06059791 -0.13828738 0.83364086
1563003793.76276398 1.41297536 -14.69116719 2.02167613 -0.53333401 0.06178286 -0.13860151 0.83218227
1563003794.06276488 1.46971218 -14.40785025 2.04722293 -0.53501837 0.06141763 -0.13857773 0.83113142
1563003794.39636493 1.55438376 -14.09841248 2.07086561 -0.53424860 0.05742117 -0.13306782 0.83281102
1563003794.82994390 1.63706507 -13.67020390 2.10683724 -0.53420389 0.05132674 -0.12493593 0.83449553
1563003795.36357307 1.72324879 -13.13958616 2.14382981 -0.53675604 0.03930156 -0.10796866 0.83587745
1563003795.79709005 1.72469346 -12.69570056 2.19618377 -0.54276781 0.03036109 -0.09566101 0.83386467
1563003796.29742503 1.77693260 -12.20298585 2.21883370 -0.54500782 0.01515803 -0.07586639 0.83485388
1563003796.79765105 1.82221107 -11.70084076 2.23694525 -0.54621291 0.00035081 -0.05620048 0.83575884
1563003797.23113489 1.84717972 -11.25955158 2.25104724 -0.54756094 -0.00890407 -0.04728434 0.83538131
1563003797.83145499 1.87382846 -10.63622640 2.27950374 -0.54825448 -0.01365794 -0.04181774 0.83515373
1563003798.23168492 1.86064031 -10.21191160 2.30225277 -0.54915468 -0.01026006 -0.04529033 0.83442954
1563003798.66526294 1.89419300 -9.77087269 2.31805566 -0.54985131 -0.00812304 -0.04774292 0.83385740
1563003799.09859800 1.94257102 -9.32282361 2.34192399 -0.54920455 -0.00409238 -0.05296375 0.83399787
1563003799.46551108 1.98481707 -8.94615597 2.35910860 -0.54836656 -0.00013859 -0.05813780 0.83421465
1563003799.76706910 2.02691939 -8.64332810 2.37505940 -0.54873897 0.00100407 -0.06052216 0.83379950
1563003800.06890202 2.06249115 -8.33069052 2.39172395 -0.54865315 0.00384001 -0.06485799 0.83352170
1563003800.40340090 2.12546303 -7.97954149 2.41054304 -0.54784199 0.00654059 -0.06933696 0.83367785
1563003800.67072201 2.16686948 -7.70665566 2.41340929 -0.54684039 0.00915692 -0.07421493 0.83389081
1563003801.03769112 2.23362237 -7.27651669 2.45234552 -0.54720288 0.01409939 -0.07982515 0.83306552
1563003801.37167192 2.32896742 -6.92238347 2.48890353 -0.54679332 0.01578302 -0.08307848 0.83298615
1563003801.73880792 2.40790497 -6.51926874 2.52700750 -0.54626856 0.01885303 -0.08764782 0.83279834
1563003802.07247806 2.47810748 -6.17732698 2.55554934 -0.54787679 0.01917906 -0.09307470 0.83114396
1563003802.30617809 2.53399408 -5.94221269 2.56764772 -0.54726051 0.02075534 -0.09482477 0.83131427
1563003802.57300711 2.59556762 -5.66331929 2.58226333 -0.54760520 0.02236869 -0.09739239 0.83074840
1563003802.97351098 2.70044059 -5.30063184 2.58638322 -0.54766848 0.02295214 -0.10361628 0.82993741
1563003803.40711904 2.80738340 -4.87512584 2.60835634 -0.54794910 0.02705331 -0.10956701 0.82886366
1563003803.84068799 2.92128204 -4.44171029 2.62290020 -0.54838551 0.03169979 -0.11425173 0.82777714
1563003804.27425408 3.04373420 -4.03529520 2.64497639 -0.54830882 0.03357612 -0.11884586 0.82710685
1563003804.67453599 3.16988718 -3.67206595 2.67505052 -0.54763126 0.03765491 -0.12409708 0.82660875
1563003805.07468700 3.32513567 -3.31476420 2.69681144 -0.54565797 0.04538586 -0.13938563 0.82508736
1563003805.60846210 3.60352629 -2.85682807 2.73360669 -0.53834180 0.07800839 -0.17763525 0.82009055
1563003805.94210410 3.80942546 -2.60005442 2.75968821 -0.53418451 0.09854110 -0.20452458 0.81431336
1563003806.24236703 4.00265914 -2.37935740 2.78124570 -0.52855314 0.11670275 -0.22957737 0.80889200
1563003806.54240203 4.22441323 -2.17748152 2.81402136 -0.52349047 0.13594961 -0.25326390 0.80208031
1563003806.84264803 4.46446012 -1.99862943 2.84664496 -0.51848778 0.15673177 -0.27812356 0.79325460
1563003807.10934997 4.67855115 -1.84992586 2.88326031 -0.51477703 0.17320970 -0.30333310 0.78293808
1563003807.34282494 4.88321602 -1.73140507 2.91004863 -0.51004718 0.18854685 -0.32677594 0.77299382
1563003807.57611299 5.09119999 -1.62944634 2.93261620 -0.50261220 0.20543669 -0.34976881 0.76343862
1563003807.80964494 5.30970550 -1.54263680 2.95829846 -0.49446839 0.22220944 -0.37327500 0.75285440
1563003808.00955200 5.50780215 -1.48431302 2.98263999 -0.48659847 0.23755277 -0.39327906 0.74304926
1563003808.24295712 5.73748430 -1.42834128 3.00215710 -0.47803400 0.25388772 -0.41686637 0.73023760
1563003808.47623301 5.96875684 -1.40435558 3.02860317 -0.47008779 0.26897926 -0.44151832 0.71535251
