1563003603.74419498 0.79148594 -0.00099586 0.68089165 -0.40152057 0.40216304 -0.60293409 0.55992553
1563003603.81071091 0.82915276 -0.00782028 0.67785031 -0.40156361 0.40184191 -0.60397060 0.55900738
1563003604.74462891 1.33858179 -0.07069134 0.66784485 -0.39894250 0.40431802 -0.60932769 0.55325545
1563003605.84505010 2.13981473 -0.18594938 0.66592362 -0.39415624 0.40775237 -0.61727195 0.54530194
1563003606.61190701 2.77527169 -0.27182824 0.66540339 -0.39341010 0.40801528 -0.62283155 0.53928923
1563003607.41242194 3.41332255 -0.35227131 0.66671856 -0.39584372 0.40784352 -0.62090476 0.53985987
1563003608.17924690 4.03958854 -0.42140316 0.66102199 -0.39955916 0.40543831 -0.61692267 0.54348752
1563003608.77982593 4.52942883 -0.47660434 0.66283142 -0.39940927 0.40469568 -0.61669383 0.54441011
1563003609.28004098 4.95008109 -0.52703057 0.66270495 -0.39830670 0.40529258 -0.61919352 0.54193088
1563003609.91361690 5.50465743 -0.61632627 0.66066106 -0.39509113 0.40923840 -0.62055235 0.53976079
1563003610.58041596 6.11813091 -0.71302929 0.65730694 -0.39580419 0.40852113 -0.62404329 0.53574201
1563003611.08063889 6.58525346 -0.77334652 0.65844814 -0.39696944 0.40760336 -0.62343573 0.53628599
1563003611.68083191 7.15340551 -0.84367209 0.65201459 -0.39844980 0.40610946 -0.62144594 0.53862585
1563003612.34793401 7.79603331 -0.89742534 0.64959428 -0.40109444 0.40447363 -0.61896364 0.54074795
1563003612.94814610 8.37172239 -0.96312319 0.62987032 -0.40625058 0.40299101 -0.61657877 0.54073037
1563003613.64837098 9.06270111 -1.05139274 0.61914647 -0.40659454 0.40279806 -0.61591435 0.54137245
1563003614.34879494 9.74537715 -1.12907886 0.61242368 -0.40666529 0.40288543 -0.61619662 0.54093289
1563003614.98244905 10.34543716 -1.21715330 0.60265201 -0.40658081 0.40167876 -0.61881728 0.53889832
1563003615.58275509 10.91155427 -1.31065435 0.58095669 -0.40943301 0.40028796 -0.62020503 0.53617150
1563003616.08300996 11.41901070 -1.36933240 0.57127048 -0.41036519 0.40023161 -0.61978003 0.53599233
1563003616.54982901 11.89106782 -1.40885889 0.56847844 -0.40965173 0.40095533 -0.62129812 0.53423677
1563003617.04986000 12.39663704 -1.45819145 0.56819649 -0.41009999 0.40020216 -0.62140497 0.53433332
1563003617.51705289 12.83800275 -1.51565338 0.57125579 -0.41044576 0.40078653 -0.62014145 0.53509721
1563003618.08406591 13.40524080 -1.55946080 0.59221322 -0.40428219 0.40497860 -0.61763385 0.53951522
1563003618.45079803 13.75741932 -1.60127966 0.58996560 -0.40524341 0.40384767 -0.62028756 0.53658939
1563003618.78426695 14.06520843 -1.78250421 0.61468977 -0.40474266 0.40439337 -0.62268696 0.53376992
1563003619.25081897 14.58896900 -1.82203121 0.58914341 -0.39735977 0.41151566 -0.63039124 0.52475419
1563003619.58444810 14.93350476 -1.93102338 0.59097240 -0.38864298 0.41878938 -0.64132777 0.51212380
1563003619.88461804 15.25121847 -2.06787711 0.59340192 0.37459849 -0.42820773 0.65640561 -0.49542485
1563003620.15121603 15.49944002 -2.19506031 0.59607457 0.36253472 -0.43689461 0.67171736 -0.47590699
1563003620.38476205 15.69761324 -2.33677858 0.60563537 0.34953943 -0.44590613 0.68571899 -0.45692382
1563003620.58469296 15.85979815 -2.47255703 0.61405972 0.33624840 -0.45450358 0.69735255 -0.44052574
1563003620.78487492 16.01878331 -2.61385071 0.62036472 0.32345031 -0.46268092 0.70884439 -0.42290175
1563003621.01816201 16.19084751 -2.78299327 0.63355991 0.30879816 -0.46999401 0.72347213 -0.40042153
1563003621.21809292 16.34052600 -2.96081701 0.64588494 0.29390395 -0.47664484 0.73577038 -0.38088332
1563003621.41823792 16.46702754 -3.13175711 0.65462627 0.28006406 -0.48271009 0.74796312 -0.35931359
1563003621.61818004 16.59766836 -3.32819484 0.66666906 0.26492972 -0.48813344 0.75998125 -0.33758923
1563003621.81836605 16.70272679 -3.51237185 0.67654560 0.24926421 -0.49406471 0.77081128 -0.31562222
1563003622.01830792 16.79995178 -3.72272818 0.69509248 0.23065978 -0.49970913 0.78172062 -0.29325711
1563003622.21825099 16.87191429 -3.91446636 0.70657018 0.21288240 -0.50542159 0.79214051 -0.26784979
1563003622.45177698 16.94199020 -4.18388544 0.72632954 0.18775337 -0.51291803 0.80378111 -0.23579589
1563003622.65171909 16.98031808 -4.41293889 0.74653110 0.16611001 -0.51892820 0.81263536 -0.20674806
1563003622.88514495 17.00646781 -4.68798432 0.76395894 0.13938253 -0.52655551 0.82097173 -0.17122271
1563003623.08508801 17.01563734 -4.90442334 0.77800479 0.11846763 -0.53157090 0.82697463 -0.13968096
1563003623.28536701 17.00474662 -5.12758695 0.79638591 0.09638963 -0.53601184 0.83171102 -0.10796818
1563003623.48523998 16.96250013 -5.28593889 0.82063188 0.08121507 -0.54114316 0.83304515 -0.08126483
1563003624.11797094 17.04706785 -5.95200338 0.87515217 0.06886249 -0.54397896 0.83355392 -0.06732532
1563003624.81819201 17.14306959 -6.69422751 0.92534363 0.06157422 -0.54539027 0.83398825 -0.05675969
1563003625.45205498 17.15439757 -7.40388010 0.95647943 0.04549976 -0.54718076 0.83522799 -0.03028513
1563003626.08575010 17.14953193 -8.12458645 1.00223020 0.03058135 -0.54625182 0.83700729 -0.00961913
1563003626.58605504 17.14710933 -8.67493529 1.03924468 0.02265572 -0.54714113 0.83672990 0.00252553
1563003627.05304790 17.13117210 -9.18802512 1.06303057 0.01862007 -0.54722710 0.83672277 0.00952867
1563003627.51994109 17.11815159 -9.71356995 1.08652008 0.01707142 -0.54805058 0.83613347 0.01516423
1563003627.98659706 17.10540526 -10.24698106 1.10888322 0.01647932 -0.54869820 0.83565692 0.01833678
1563003628.52033901 17.08500386 -10.86552902 1.13464158 0.02107968 -0.54842741 0.83577436 0.01625578
1563003628.95405889 17.08960369 -11.35329526 1.15879044 0.02719991 -0.54944968 0.83498235 0.01302628
1563003629.45440006 17.11020519 -11.92535887 1.18320395 0.03226497 -0.55031467 0.83427964 0.00949838
1563003629.98791289 17.12675920 -12.55736312 1.21204665 0.03540466 -0.54958050 0.83466012 0.00708985
1563003630.38805604 17.14566112 -13.02411881 1.23414716 0.03742431 -0.55042929 0.83401765 0.00644701
1563003630.95507097 17.15690108 -13.68394218 1.25883243 0.03917659 -0.55085785 0.83361716 0.01016094
1563003631.35537505 17.15504994 -14.13991015 1.27574999 0.03844463 -0.55084549 0.83359700 0.01439762
1563003631.78894091 17.15523109 -14.63125952 1.29759507 0.03751881 -0.55083741 0.83359525 0.01701314
1563003632.28929400 17.14446377 -15.20730275 1.31423615 0.03544315 -0.55102018 0.83350380 0.01979785
1563003632.75622797 17.15575068 -15.74795664 1.32968213 0.03485642 -0.55108498 0.83335115 0.02482403
1563003633.18983507 17.13732575 -16.25322143 1.33768474 0.03483013 -0.55040317 0.83373843 0.02689684
1563003633.62341809 17.15172053 -16.77608795 1.38901111 0.02854796 -0.55339081 0.83223264 0.01823331
1563003633.95683289 17.16228773 -17.16613557 1.40395357 0.02892295 -0.55425683 0.83161777 0.01935741
1563003634.25678706 17.16478428 -17.50797116 1.41858040 0.02900465 -0.55383479 0.83191655 0.01845548
1563003634.55709410 17.16824937 -17.85157699 1.43173865 0.02995201 -0.55348717 0.83210143 0.01902706
1563003634.85740304 17.17187396 -18.18897325 1.44496149 0.03144738 -0.55363690 0.83196864 0.01803945
1563003635.15741491 17.17625014 -18.53143717 1.46034566 0.03088006 -0.55406902 0.83169904 0.01818359
1563003635.42436910 17.17257562 -18.83145639 1.46937605 0.02898823 -0.55455115 0.83148399 0.01634266
1563003635.72432399 17.17653824 -19.17150694 1.47881905 0.02913498 -0.55426573 0.83166871 0.01636523
1563003636.02447295 17.15736351 -19.46501891 1.46464725 0.03325314 -0.55367080 0.83180818 0.02092894
1563003636.39127207 17.17016835 -19.93407133 1.50062512 0.03104585 -0.55518800 0.83098456 0.01634355
1563003636.69138789 17.17465880 -20.25255584 1.48988474 0.03397338 -0.55438276 0.83125007 0.02299747
1563003637.05846405 17.17167513 -20.68623562 1.50705505 0.03373954 -0.55347013 0.83187449 0.02274413
1563003637.45861292 17.16562936 -21.15377550 1.52605556 0.03189130 -0.55386388 0.83164574 0.02414784
1563003637.85891294 17.16479318 -21.61146667 1.53417216 0.02947153 -0.55461193 0.83117721 0.02610509
1563003638.22547603 17.17081358 -22.06304118 1.56967447 0.02718128 -0.55679460 0.82977872 0.02661259
1563003638.55909491 17.15792115 -22.44611866 1.58027181 0.02644168 -0.55653390 0.82988909 0.02923950
1563003638.85924792 17.14534014 -22.79522103 1.58844264 0.02604272 -0.55701708 0.82947899 0.03191167
1563003639.15917897 17.12467106 -23.10574886 1.60742989 0.02450337 -0.55832587 0.82852996 0.03478370
1563003639.59264803 17.09849175 -23.62430871 1.61630628 0.02260050 -0.55774502 0.82881018 0.03851494
1563003640.05967689 17.08197557 -24.19530561 1.61719660 0.02051751 -0.55912026 0.82777307 0.04189646
1563003640.56011391 17.06148506 -24.80901695 1.60467258 0.01948028 -0.55875478 0.82772908 0.04773029
1563003640.96058798 17.04260072 -25.29519638 1.61092278 0.01749150 -0.55728917 0.82840562 0.05354396
1563003641.42756391 16.99401649 -25.84186143 1.62566766 0.01780059 -0.55649060 0.82877164 0.05602607
1563003641.86140203 16.95313121 -26.34188948 1.64643267 0.01848520 -0.55720130 0.82803475 0.05952703
1563003642.26147294 16.91666021 -26.79802585 1.65919454 0.01753570 -0.55711123 0.82812429 0.05941155
1563003642.62835002 16.89252020 -27.20799498 1.66407177 0.01923475 -0.55764944 0.82773001 0.05933095
1563003642.99506497 16.88754987 -27.62902524 1.68837055 0.01779269 -0.56170270 0.82563803 0.04995338
1563003643.29487991 16.86200477 -27.95362256 1.69857380 0.02075679 -0.56089514 0.82635580 0.04584625
1563003643.62833309 16.84126430 -28.32810758 1.70520176 0.02565319 -0.56147848 0.82602947 0.04194207
1563003643.92855906 16.83484797 -28.66481218 1.70846163 0.02963888 -0.56176629 0.82584915 0.03890190
1563003644.19535398 16.84083395 -28.95825687 1.71294283 0.03417396 -0.56066252 0.82661884 0.03451053
1563003644.49569511 16.81136480 -29.27070557 1.64968309 0.04378553 -0.55559576 0.82952223 0.03590328
1563003644.92925596 16.83069015 -29.79038006 1.64645270 0.04943885 -0.55532680 0.82959882 0.03055740
1563003645.39636111 16.85019244 -30.35184294 1.64324737 0.05520337 -0.55564573 0.82923561 0.02405652
1563003645.79648900 16.87304408 -30.79486150 1.65491046 0.06155209 -0.55509133 0.82932222 0.01759604
1563003646.23016000 16.91644778 -31.28109640 1.66002757 0.07311362 -0.55568002 0.82812779 0.00885834
1563003646.63059306 16.96825776 -31.72432233 1.66160416 0.07714295 -0.55786971 0.82632985 0.00305514
1563003646.99759698 17.06625458 -32.15934967 1.69608774 0.07377069 -0.56486043 0.82186063 -0.00597361
1563003647.29760909 17.06464974 -32.48009749 1.66470970 0.08180551 -0.56055140 0.82406887 -0.00069952
1563003647.83157992 17.10242024 -33.10715729 1.67079024 0.08656369 -0.55898729 0.82464184 0.00240155
1563003648.43170309 17.13866576 -33.82505997 1.68422292 0.08652212 -0.55916309 0.82447062 0.00993816
1563003648.96523595 17.16631946 -34.46856926 1.68512862 0.08140495 -0.55979554 0.82446234 0.01624934
1563003649.36547995 17.22999444 -34.92561591 1.72969737 0.06991963 -0.56669272 0.82089525 0.01007887
1563003649.69875598 17.24217734 -35.29888931 1.73724095 0.07003998 -0.56827480 0.81976431 0.01202621
1563003650.06558895 17.20838542 -35.66800835 1.74696563 0.07963562 -0.56893898 0.81820643 0.02246882
1563003650.46575403 17.22093588 -36.07478637 1.73925941 0.08031966 -0.56949672 0.81765689 0.02567987
1563003650.89912391 17.22995630 -36.50389778 1.72696721 0.08164599 -0.56936230 0.81742756 0.03118774
1563003651.33264208 17.29878911 -36.96985814 1.72335356 0.07010989 -0.57163532 0.81720843 0.02209166
1563003651.66593003 17.31763614 -37.28477270 1.72248111 0.06898208 -0.57148748 0.81729238 0.02601348
1563003651.99935508 17.33438370 -37.55236162 1.72385154 0.06730422 -0.57110398 0.81760888 0.02874203
1563003652.33282995 17.34188245 -37.80651661 1.72034253 0.06687902 -0.57120279 0.81755084 0.02941411
1563003652.66611791 17.35235452 -38.07529035 1.71378433 0.06887382 -0.57100084 0.81754719 0.02882759
1563003652.99977899 17.36890081 -38.35999680 1.71045030 0.06983922 -0.57064714 0.81773542 0.02816222
1563003653.29977894 17.38571647 -38.63531647 1.70620482 0.07209837 -0.57049719 0.81768303 0.02700448
1563003653.59999895 17.40369403 -38.91908242 1.70191201 0.07297593 -0.57180428 0.81668821 0.02710616
1563003653.90014601 17.40886878 -39.20040100 1.70179809 0.07193704 -0.57339515 0.81565683 0.02733143
1563003654.16684699 17.41780061 -39.44930004 1.70248870 0.06926990 -0.57400113 0.81540759 0.02889359
1563003654.43356895 17.43374775 -39.69494692 1.69969205 0.06595847 -0.57392909 0.81564339 0.03131680
1563003654.66708899 17.43808072 -39.91563576 1.70001551 0.06688199 -0.57476252 0.81493744 0.03243157
1563003654.90062690 17.44590345 -40.13925050 1.69640781 0.06686419 -0.57417227 0.81528784 0.03407511
1563003655.16732907 17.45070966 -40.39337783 1.69225985 0.06573437 -0.57448707 0.81513528 0.03461330
1563003655.43404603 17.45290102 -40.63899208 1.68679506 0.06677342 -0.57490065 0.81470610 0.03584032
1563003655.76755404 17.45314567 -40.94663061 1.68354395 0.06635914 -0.57574210 0.81410393 0.03677334
1563003656.06772494 17.45327114 -41.20979829 1.68179379 0.06596370 -0.57547147 0.81434982 0.03627328
1563003656.43402004 17.45466883 -41.53277380 1.67552615 0.06663870 -0.57597153 0.81388230 0.03757225
1563003656.76756310 17.46786504 -41.80833990 1.67880886 0.06552659 -0.57551417 0.81423065 0.03896354
1563003657.13489795 17.47032398 -42.09665688 1.67152580 0.06657482 -0.57508602 0.81444685 0.03898962
1563003657.46859002 17.46854240 -42.36132959 1.66756569 0.06400715 -0.57538193 0.81439355 0.04002320
1563003657.83522296 17.46636155 -42.65079193 1.65960256 0.06194105 -0.57569501 0.81415398 0.04349551
1563003658.16895509 17.47861280 -42.91746383 1.64703018 0.05832360 -0.57552864 0.81430114 0.04773678
1563003658.60271096 17.48025948 -43.28000689 1.64045096 0.05346558 -0.57630426 0.81389147 0.05094622
1563003659.03612709 17.49371125 -43.65429505 1.62812836 0.04903193 -0.57657598 0.81364024 0.05608543
1563003659.36962390 17.49636089 -43.93543138 1.62276732 0.04574067 -0.57623472 0.81385195 0.05921444
1563003659.83611798 17.45778373 -44.31174675 1.61831400 0.04296083 -0.57652266 0.81377073 0.05960870
1563003660.20295310 17.43361436 -44.60432948 1.60976697 0.04289212 -0.57821894 0.81252457 0.06022414
1563003660.53620195 17.41025233 -44.85512206 1.60270584 0.04015067 -0.57974273 0.81155998 0.06047056
1563003660.90300298 17.39181050 -45.10241482 1.59960348 0.03955334 -0.58139621 0.81036485 0.06101468
1563003661.23594308 17.36907516 -45.31993790 1.59636573 0.03939022 -0.58112054 0.81061288 0.06044896
1563003661.60297799 17.34808038 -45.55400754 1.59645983 0.03858839 -0.58114662 0.81071850 0.05928789
1563003661.93643403 17.33268448 -45.77277873 1.59202383 0.03766347 -0.58202333 0.81003625 0.06059353
1563003662.30303192 17.31756446 -45.97633031 1.58560415 0.03745602 -0.58182013 0.81004895 0.06247466
1563003663.06994200 17.31081404 -46.05572519 1.58444100 0.03719206 -0.58151252 0.81026146 0.06273999
1563003663.57011199 17.31072866 -46.06846976 1.58359817 0.03697732 -0.58132446 0.81040881 0.06270647
1563003664.50434995 17.29896750 -46.18091349 1.57656416 0.03745942 -0.58124728 0.81034069 0.06400277
1563003665.30477405 17.28569405 -46.45576013 1.56295496 0.03730495 -0.58092203 0.81026747 0.06785688
1563003665.90547800 17.24023135 -46.75224631 1.55641988 0.03408853 -0.58075710 0.80999342 0.07395827
1563003666.43906212 17.20195017 -47.08960171 1.54901725 0.03062587 -0.58026730 0.80995898 0.07948814
1563003666.87258601 17.15714059 -47.41026626 1.54241502 0.02614244 -0.57980165 0.80994450 0.08447791
1563003667.27258706 17.10905100 -47.78348220 1.53704497 0.02345906 -0.57988321 0.80918625 0.09166648
1563003667.63950896 17.05689333 -48.13382466 1.52346183 0.02226420 -0.58079629 0.80822447 0.09462122
1563003667.93962312 16.99424090 -48.40242294 1.51950074 0.03268319 -0.58011788 0.80745256 0.10205595
1563003668.33961201 16.99092702 -48.84444600 1.49682471 0.02907049 -0.58192585 0.80796442 0.08781068
1563003668.70652890 16.97708770 -49.20518158 1.48236136 0.03712706 -0.58341733 0.80763534 0.07727196
1563003669.10667610 16.97496053 -49.57135719 1.46792057 0.04633364 -0.58455392 0.80725937 0.06694946
1563003669.50665808 16.98475350 -49.93055354 1.44960102 0.05488719 -0.58551252 0.80690327 0.05540391
1563003669.90670490 17.00255943 -50.28987115 1.42534437 0.06181111 -0.58764785 0.80546812 0.04550279
1563003670.23984194 17.01883979 -50.59799591 1.40786488 0.06645369 -0.58883570 0.80458415 0.03873966
1563003670.60656691 17.02936975 -50.94208141 1.39072429 0.06860872 -0.58907588 0.80436170 0.03584286
1563003670.97337198 16.99057155 -51.26802884 1.35731064 0.07286947 -0.58735462 0.80480219 0.04469933
1563003671.40732789 16.96862073 -51.70026824 1.33890477 0.06732558 -0.58675108 0.80531497 0.05155818
1563003671.90779495 16.93415025 -52.21868658 1.31319462 0.06127749 -0.58551657 0.80579471 0.06411169
1563003672.30822492 16.88276722 -52.62459676 1.29928132 0.05434319 -0.58454148 0.80622959 0.07315680
1563003672.74211502 16.82943788 -53.07239122 1.30772257 0.04167193 -0.58558025 0.80541418 0.08165298
1563003673.14256191 16.77135604 -53.46098685 1.29769093 0.03316849 -0.58452100 0.80461172 0.09917175
1563003673.54284000 16.70570487 -53.84190478 1.29692894 0.02562767 -0.58430856 0.80364027 0.10995017
1563003673.90976691 16.65511197 -54.19012791 1.29225145 0.02379794 -0.58534783 0.80226640 0.11476146
1563003674.24296188 16.61309723 -54.50454862 1.28048063 0.02655564 -0.58631118 0.80161490 0.11378731
1563003674.61000299 16.58895432 -54.86280899 1.25864735 0.03035204 -0.58784517 0.80128901 0.10701740
1563003674.97706389 16.56935220 -55.21842223 1.24360188 0.03697102 -0.58968439 0.80087791 0.09746811
1563003675.37749100 16.55858829 -55.59564220 1.22154619 0.04462228 -0.59031325 0.80157762 0.08374025
1563003675.77766490 16.57886865 -55.97222536 1.19209857 0.05756968 -0.59383425 0.79999384 0.06369051
1563003676.11118197 16.60405599 -56.28978953 1.16384886 0.06786695 -0.59696563 0.79800045 0.04713180
1563003676.44457603 16.64106280 -56.61301041 1.13163674 0.07650210 -0.59809653 0.79705353 0.03366959
1563003676.77777100 16.64006694 -56.93989439 1.11480617 0.08625989 -0.59940468 0.79517175 0.03122746
1563003677.17811704 16.63820271 -57.33992306 1.09223287 0.09089437 -0.60004713 0.79401466 0.03496261
1563003677.61152506 16.60862819 -57.73780156 1.06994277 0.10008067 -0.60174771 0.79101478 0.04668155
1563003678.11176395 16.60014376 -58.21634370 1.03364238 0.09600513 -0.60182019 0.79106920 0.05296210
1563003678.64536190 16.56191080 -58.70476408 0.99843647 0.08862982 -0.60049603 0.79219210 0.06309476
1563003679.21222591 16.51820874 -59.14603283 0.97003722 0.07962465 -0.59786822 0.79443351 0.07133647
1563003679.87917805 16.47160719 -59.58565395 0.94414041 0.07216760 -0.59823599 0.79382750 0.08211839
1563003680.64636588 16.44234994 -60.03506763 0.91510695 0.05656059 -0.59830277 0.79461940 0.08610864
1563003681.27940512 16.38191977 -60.34778554 0.89795367 0.04938244 -0.59894812 0.79322068 0.09809933
1563003681.54636002 16.34784083 -60.49076259 0.89156815 0.04606629 -0.59901497 0.79253159 0.10465482
1563003681.77974010 16.31112303 -60.61647570 0.88854386 0.03942162 -0.59847148 0.79217623 0.11284784
1563003682.01347303 16.25797945 -60.73365096 0.88387224 0.03164181 -0.59605245 0.79199384 0.12832004
1563003682.21360111 16.18561977 -60.82782376 0.88953091 0.01931980 -0.59209754 0.79187152 0.14827932
1563003682.41399598 16.10018373 -60.91694300 0.89978919 0.00300523 -0.58712941 0.79049107 0.17433845
1563003682.64758492 15.98947023 -61.01140728 0.90921857 -0.01652825 -0.58017368 0.78799157 0.20541325
1563003682.91451693 15.86190371 -61.10976179 0.92826412 -0.04048889 -0.57232620 0.78307673 0.23998794
1563003683.24801397 15.68873042 -61.21260979 0.95210888 -0.06661943 -0.56049828 0.77545597 0.28296920
1563003683.54828811 15.50895199 -61.28082380 0.98101860 -0.09603219 -0.54646782 0.76439817 0.32839943
1563003683.78165698 15.34996416 -61.30768896 1.00825701 -0.12255369 -0.53199433 0.75226295 0.36886730
1563003683.91529608 15.25740097 -61.31358900 1.02549567 -0.14053902 -0.52261785 0.74455131 0.39084870
1563003684.11535501 15.12156414 -61.31868622 1.04921714 -0.16223254 -0.50953302 0.73163950 0.42280061
1563003684.31530905 14.98968315 -61.31307592 1.07378915 -0.18328373 -0.49607575 0.71872278 0.45139062
1563003684.51563096 14.86378659 -61.30308303 1.10012177 -0.20058008 -0.48218714 0.70644222 0.47770555
1563003684.71579409 14.73571265 -61.29957744 1.12410597 -0.21504247 -0.47021549 0.69494021 0.49971215
1563003684.91618800 14.61278690 -61.30663649 1.14817155 -0.22494047 -0.46195744 0.68833822 0.51204258
1563003685.18286610 14.45850162 -61.33581211 1.17413655 -0.23200738 -0.45586188 0.68360722 0.52061856
1563003685.44981408 14.30457007 -61.36561129 1.20249672 -0.23778309 -0.44925225 0.67864317 0.53016514
1563003685.74988389 14.13158922 -61.39122733 1.23604763 -0.24401495 -0.44273246 0.67105040 0.54234310
1563003685.98342896 13.99152834 -61.40318327 1.26163866 -0.25130933 -0.43639785 0.66444918 0.55218459
1563003686.21679807 13.85212391 -61.40709916 1.28769213 -0.25923161 -0.42993926 0.65638398 0.56312635
1563003686.48355198 13.68716625 -61.36963965 1.32260197 -0.27593111 -0.41456970 0.64001765 0.58512511
1563003686.75012708 13.52327321 -61.31524991 1.36083894 -0.29412424 -0.39682166 0.62206744 0.60749947
1563003687.05049109 13.34071761 -61.23869356 1.40179741 -0.31413998 -0.37648383 0.60003400 0.63208796
1563003687.38416100 13.14098202 -61.15379458 1.45025161 -0.33257020 -0.35540201 0.57710446 0.65577200
1563003687.71796894 12.96345810 -61.03462421 1.49429463 -0.33768161 -0.34107686 0.53735059 0.69346381
1563003688.38497210 12.43565719 -60.85372721 1.62419751 -0.36872353 -0.30814306 0.52776005 0.70039998
1563003688.75199199 12.13395134 -60.82314658 1.68547884 -0.35940979 -0.31856711 0.53905213 0.69192658
1563003689.05227900 11.87800555 -60.81950498 1.73305677 -0.35078036 -0.33072811 0.55011655 0.68186791
1563003689.35237193 11.62134310 -60.83049331 1.78261413 -0.34143809 -0.34161602 0.56218920 0.67131351
1563003689.75267792 11.26370248 -60.85074799 1.84522910 -0.33018270 -0.35671025 0.57813281 0.65536222
1563003690.15281606 10.89604033 -60.88152799 1.91156551 -0.32099624 -0.36691158 0.58931392 0.64424096
1563003690.51951194 10.54499570 -60.89515372 1.97735585 -0.31788794 -0.37003242 0.59378492 0.63987713
1563003690.85276508 10.21827465 -60.89794720 2.03725801 -0.31643377 -0.37112877 0.59649031 0.63744208
1563003691.21974802 9.85363425 -60.91030992 2.10852316 -0.31464399 -0.37289047 0.59785341 0.63602135
1563003691.58667493 9.48260145 -60.90940663 2.18001123 -0.31564375 -0.37118957 0.59814539 0.63624635
1563003691.92041898 9.14563250 -60.90323566 2.24610087 -0.31636701 -0.36982566 0.59643036 0.63828812
1563003692.28709698 8.77004614 -60.88875907 2.31910559 -0.31870494 -0.36672085 0.59327892 0.64184352
1563003692.65409994 8.39240573 -60.86586944 2.39210095 -0.32307273 -0.36331966 0.58996699 0.64464083
1563003693.02098894 8.02721981 -60.83797891 2.47187810 -0.32475913 -0.35811636 0.58724960 0.64917031
1563003693.35424209 7.70154660 -60.81159755 2.53916989 -0.32597341 -0.35397829 0.58302553 0.65461587
1563003693.68807793 7.39172369 -60.77492863 2.60077704 -0.32979918 -0.35049768 0.57841932 0.65864632
1563003694.02179599 7.09234822 -60.73039041 2.66140929 -0.33467265 -0.34594318 0.57381596 0.66261058
1563003694.32190108 6.82864410 -60.69332232 2.71711070 -0.33749061 -0.34162414 0.56984580 0.66683491
1563003694.68885493 6.51416002 -60.64482463 2.79395205 -0.34095368 -0.33539820 0.56617994 0.67134113
1563003695.05569696 6.18831129 -60.58691009 2.86432996 -0.34370820 -0.33164110 0.56359163 0.67397577
1563003695.38915896 5.88371944 -60.54481174 2.92459724 -0.34597889 -0.33214148 0.56303315 0.67303367
1563003695.68939805 5.60645477 -60.52336105 2.98051621 -0.34545712 -0.33526126 0.56499117 0.67010764
1563003696.05614495 5.27930419 -60.49356428 3.04739943 -0.34361643 -0.33784280 0.57130239 0.66438210
1563003696.38940907 4.99501503 -60.47332211 3.10668917 -0.34249716 -0.33849405 0.57355681 0.66268398
1563003696.68962908 4.74782319 -60.45606461 3.15815212 -0.34105386 -0.33905751 0.57408117 0.66268626
1563003697.02316499 4.47536194 -60.43347277 3.21473755 -0.34047830 -0.34019566 0.57333963 0.66304081
1563003697.32316494 4.23042601 -60.41135342 3.26392409 -0.34008873 -0.34046041 0.57292362 0.66346431
1563003697.62334490 4.00827798 -60.38842689 3.31118577 -0.34009397 -0.34003021 0.57263456 0.66393163
1563003698.09024501 3.80796455 -60.37023240 3.35406669 -0.33992458 -0.34016120 0.57195191 0.66453943
1563003698.89044905 3.59825772 -60.34308587 3.40069728 -0.34201430 -0.33776067 0.56983524 0.66650713
1563003699.49084306 3.37216963 -60.30819766 3.45086088 -0.34353924 -0.33566964 0.56670228 0.66944396
1563003699.89079690 3.17386492 -60.27347618 3.49282106 -0.34590679 -0.33314809 0.56450209 0.67134063
1563003700.39097810 2.95013121 -60.23258095 3.54338212 -0.34885177 -0.33021398 0.56259791 0.67286311
1563003702.15838003 2.89158577 -60.22666704 3.55392576 -0.34838868 -0.33003921 0.56297900 0.67287004
1563003705.86003494 2.89215290 -60.22708128 3.55435996 -0.34842017 -0.32980329 0.56314409 0.67283126
1563003707.22724295 2.71283858 -60.20857630 3.58992618 -0.34760494 -0.33161885 0.56319572 0.67231714
1563003707.76078200 2.53144391 -60.19106397 3.62946136 -0.34701917 -0.33308637 0.56426430 0.67099699
1563003708.29424095 2.27971989 -60.15556923 3.67832253 -0.34834947 -0.33271378 0.56477551 0.67006180
1563003708.66101193 2.06952161 -60.13475562 3.71894330 -0.34735461 -0.33497722 0.56496377 0.66929140
1563003709.02776003 1.83002396 -60.11219610 3.76718065 -0.34626223 -0.33378113 0.56618458 0.66942337
1563003709.32772589 1.61313575 -60.09604846 3.80671599 -0.34492971 -0.33571324 0.56705733 0.66840564
1563003709.56151295 1.42890895 -60.07806970 3.84038444 -0.34425052 -0.33781581 0.56917547 0.66589139
1563003709.76149106 1.25992603 -60.06747903 3.87250371 -0.34237143 -0.34011335 0.56888966 0.66593488
1563003709.99503899 1.06097633 -60.05645318 3.91674759 -0.34155901 -0.34156855 0.57182077 0.66309077
1563003710.22814107 0.84544909 -60.04520649 3.96096094 -0.33961757 -0.34337600 0.57350788 0.66169596
1563003710.36177611 0.71685915 -60.03616589 3.98796501 -0.33901027 -0.34455594 0.57454931 0.66048946
1563003710.56216502 0.51797392 -60.02692785 4.03052696 -0.33943641 -0.34535910 0.57662962 0.65803366
1563003710.76222301 0.31509263 -60.02633859 4.06610502 -0.33842576 -0.34736075 0.57798674 0.65630773
1563003710.92869306 0.14635433 -60.02096596 4.09810141 -0.33836770 -0.34972162 0.57879602 0.65436782
1563003711.12891197 -0.05437276 -60.01368518 4.13653933 -0.33797185 -0.35067606 0.58011166 0.65289493
1563003711.36251307 -0.28726508 -60.00050109 4.18581938 -0.33510599 -0.35303323 0.58217737 0.65126110
1563003711.59595895 -0.50631028 -59.99538091 4.23086450 -0.33494844 -0.35437381 0.58321115 0.64968723
1563003711.79592395 -0.68769602 -59.99822422 4.26539798 -0.33443524 -0.35639798 0.58266759 0.64933199
1563003712.06286693 -0.91446407 -59.99628658 4.31582048 -0.33559990 -0.35578204 0.58499729 0.64696987
1563003712.26283312 -1.08332836 -59.99865862 4.34547468 -0.33662887 -0.35616422 0.58559411 0.64568382
1563003712.46310902 -1.24542891 -60.00772430 4.37742598 -0.33681513 -0.35808700 0.58569895 0.64442688
1563003712.66301703 -1.41973115 -60.01080001 4.41079381 -0.33628748 -0.35896897 0.58644833 0.64352962
1563003712.96319699 -1.66915489 -60.01918648 4.45948972 -0.33632510 -0.36146530 0.58601218 0.64250914
1563003713.32945800 -1.98042059 -60.03633856 4.51827929 -0.33526775 -0.36226248 0.58661864 0.64205919
1563003713.66353893 -2.25425876 -60.04803567 4.54809948 -0.33421760 -0.35949687 0.58665519 0.64412443
1563003714.16377091 -2.57122907 -60.05607893 4.60788244 -0.33679057 -0.35769096 0.58380243 0.64637761
1563003714.73026395 -2.86431578 -60.06087276 4.66811793 -0.33833913 -0.35850512 0.57995353 0.64857892
1563003715.19736004 -3.09432156 -60.04952169 4.71301019 -0.34202991 -0.35733314 0.57745410 0.64951930
1563003715.76421404 -3.32664988 -60.03041668 4.75825987 -0.34409370 -0.35575072 0.57495431 0.65151246
1563003716.46454501 -3.58700743 -60.00729139 4.81294204 -0.35202542 -0.35212521 0.56838898 0.65499612
1563003716.96463990 -3.70490734 -59.93777110 4.84231207 -0.36716794 -0.33662382 0.54871159 0.67140726
1563003717.26453590 -3.76164111 -59.88089623 4.85676396 -0.37775234 -0.32398960 0.53371830 0.68372413
1563003717.56473804 -3.81836764 -59.81152025 4.87122957 -0.38835883 -0.31113037 0.51695746 0.69651296
1563003717.83096504 -3.85884295 -59.74258233 4.88449671 -0.39915199 -0.29646695 0.50120337 0.70822328
1563003718.03114510 -3.87788255 -59.68671634 4.89130192 -0.40781366 -0.28393013 0.48552074 0.71926442
1563003718.23109889 -3.88414496 -59.62822544 4.89468110 -0.41632853 -0.26902608 0.46914897 0.73088629
1563003718.43104100 -3.88200319 -59.56346764 4.89950386 -0.42623034 -0.25296291 0.44918882 0.74334841
1563003718.59825802 -3.87724389 -59.50485649 4.90302238 -0.43572865 -0.23670947 0.43039250 0.75423568
1563003718.73109293 -3.86892791 -59.45180495 4.90658318 -0.44343345 -0.22297056 0.41365351 0.76324418
1563003718.86468196 -3.85770366 -59.39389252 4.90995773 -0.45149320 -0.20796630 0.39530958 0.77242103
1563003718.96461201 -3.84665631 -59.34755447 4.91203886 -0.45781088 -0.19607119 0.37995316 0.77948757
1563003719.06477904 -3.83321688 -59.29833944 4.91327566 -0.46425137 -0.18294385 0.36359556 0.78663872
1563003719.16472101 -3.81479289 -59.24643945 4.91585564 -0.47117500 -0.16909534 0.34602467 0.79351611
1563003719.26469898 -3.79727522 -59.19209642 4.91609254 -0.47839509 -0.15488827 0.32707663 0.80010539
1563003719.36468697 -3.77971236 -59.14045672 4.91786549 -0.48422132 -0.14103940 0.31009680 0.80590172
1563003719.59840107 -3.76143216 -59.08678688 4.91852188 -0.48990142 -0.12743250 0.29265374 0.81124062
1563003720.36516309 -3.75089419 -59.03913614 4.91903564 -0.49367360 -0.11739445 0.27962585 0.81505478
1563003720.76533890 -3.73275298 -58.96589661 4.92026715 -0.49936943 -0.10206828 0.26057429 0.81994712
1563003721.03215194 -3.70712653 -58.90370166 4.92160110 -0.50339818 -0.08760331 0.24232909 0.82473787
1563003721.23212910 -3.68050930 -58.84221091 4.92169946 -0.50729589 -0.07345710 0.22488832 0.82866168
1563003721.43209410 -3.65428043 -58.76266779 4.92232595 -0.51184069 -0.05706250 0.20209417 0.83301917
1563003721.63227701 -3.62357073 -58.68105967 4.92324117 -0.51614056 -0.04032977 0.17787696 0.83685854
1563003721.83225393 -3.58784267 -58.58466849 4.92244158 -0.51997505 -0.02227793 0.15206964 0.84024072
1563003721.99953389 -3.54597884 -58.49953321 4.92657044 -0.52351642 -0.00627817 0.13056437 0.84192879
1563003722.16567898 -3.50708104 -58.41087378 4.92948872 -0.52675998 0.01026802 0.10849320 0.84299924
1563003722.43225288 -3.43443690 -58.25478655 4.93210739 -0.53155044 0.03804999 0.07349365 0.84297391
1563003722.63243604 -3.38581992 -58.12909471 4.93499491 -0.53369494 0.05393848 0.05079184 0.84242539
1563003722.89926505 -3.34609016 -57.95156924 4.94134062 -0.53618864 0.06502743 0.03736054 0.84075999
1563003724.19984794 -3.36644157 -57.77251162 4.95383414 -0.53660030 0.05717126 0.05208583 0.84028485
1563003724.90022993 -3.43348591 -57.68453890 4.97222309 -0.53422029 0.03585356 0.07931074 0.84085255
1563003725.86683202 -3.50524951 -57.35166842 5.00661524 -0.53357344 0.02443211 0.09795051 0.83970718
1563003726.36688304 -3.46416239 -57.07904929 5.01850679 -0.53540576 0.04315171 0.07056150 0.84053535
1563003726.80035710 -3.35943431 -56.79628226 4.93198236 -0.53743723 0.04310092 0.01339791 0.84209503
1563003727.30022502 -3.22461574 -56.42529649 4.94273931 -0.53891466 0.07267506 -0.02937737 0.83870513
1563003727.80035090 -3.11209532 -56.00716193 5.03355914 -0.54208134 0.11606615 -0.03646009 0.83147287
1563003728.10021806 -3.08528517 -55.72993932 5.04676626 -0.54296180 0.10545852 -0.02580507 0.83270948
1563003728.29994011 -3.09277612 -55.53956203 5.05712851 -0.54343588 0.09168337 -0.01271136 0.83433209
1563003728.53343511 -3.10004481 -55.33095510 5.07869917 -0.54358289 0.07761112 0.00510348 0.83574405
1563003728.83322597 -3.04807546 -55.11495724 5.08643016 -0.54423014 0.05472912 0.00729739 0.83711709
1563003729.43292189 -3.06360431 -54.70013587 5.11743428 -0.54394610 0.06932287 0.01146635 0.83617313
1563003729.99884510 -2.97486318 -54.34258612 5.12596422 -0.54702544 0.08132673 -0.00585219 0.83313558
1563003737.80240297 -2.95817067 -54.24848160 5.13024707 -0.54885550 0.08419460 -0.01285699 0.83156696
1563003738.06931496 -2.95769154 -54.24868253 5.13388373 -0.54894971 0.08420373 -0.01324673 0.83149773
1563003738.70288801 -2.95859765 -54.24568560 5.12457730 -0.54906766 0.08330656 -0.01492075 0.83148186
1563003739.13851309 -2.95415932 -54.24964699 5.13292369 -0.54901502 0.08376437 -0.01232505 0.83151316
1563003743.64034200 -2.95316976 -54.25078121 5.13275678 -0.54887316 0.08372462 -0.01218904 0.83161281
1563003746.94256902 -2.89270861 -54.07033501 5.13816675 -0.54914176 0.09644256 -0.03033067 0.82959159
1563003747.81035399 -2.77159260 -53.74912399 5.14581401 -0.55060964 0.11367314 -0.06898760 0.82410446
1563003748.64429593 -2.62129054 -53.24053338 5.15323577 -0.54728073 0.11608885 -0.06105515 0.82660719
1563003749.07790709 -2.57127718 -52.92723713 5.16036376 -0.54899160 0.10855878 -0.05258302 0.82707813
1563003749.31150794 -2.57508766 -52.73953813 5.17246440 -0.54921401 0.10035111 -0.03785877 0.82877038
1563003749.51156592 -2.57782869 -52.56826168 5.17773114 -0.55039178 0.09065065 -0.02390115 0.82962648
1563003749.74508190 -2.58947264 -52.36321618 5.18945771 -0.55011307 0.07891305 -0.00907802 0.83130375
1563003750.01174998 -2.60083060 -52.15992854 5.19807576 -0.54919477 0.06934864 0.00641568 0.83278732
1563003750.41175508 -2.63141174 -51.92598272 5.21645086 -0.54916286 0.05679218 0.01874220 0.83357275
1563003750.84508610 -2.64371253 -51.65303111 5.25491034 -0.54740375 0.04652005 0.03147769 0.83498154
1563003751.31206608 -2.68705753 -51.36314823 5.27510815 -0.54835718 0.03217299 0.05202318 0.83400413
1563003751.71253896 -2.74662088 -51.07472866 5.30447571 -0.54872863 0.02085772 0.06985533 0.83281575
1563003752.07958293 -2.82387646 -50.75918221 5.32746906 -0.54727750 0.00772602 0.08523603 0.83256379
1563003752.47982788 -2.91248880 -50.40785840 5.35387900 -0.54525007 -0.00720896 0.10368068 0.83180569
1563003752.88020802 -3.01622714 -50.08066258 5.37543560 -0.54392279 -0.02160258 0.12092939 0.83009482
1563003753.31385398 -3.14632598 -49.73519819 5.41054645 -0.53994090 -0.03573198 0.13660522 0.82977471
1563003753.58075905 -3.25039523 -49.52743978 5.42753680 -0.54038866 -0.04553270 0.14402473 0.82774618
1563003753.91408110 -3.29672410 -49.28247027 5.50711024 -0.54487320 -0.07291805 0.14135332 0.82329545
1563003754.44805789 -3.45203100 -48.88939103 5.53930285 -0.54388759 -0.08622532 0.15762103 0.81969939
1563003754.98149800 -3.62312250 -48.46715478 5.56670387 -0.54239087 -0.09670993 0.16615517 0.81783360
1563003755.44870496 -3.77280578 -48.06375352 5.59936998 -0.54184418 -0.09931989 0.16802443 0.81750122
1563003755.91517401 -3.98195750 -47.62241133 5.58359361 -0.53272569 -0.07786524 0.18447862 0.82225786
1563003756.31548405 -4.10508739 -47.25473897 5.60361642 -0.53526395 -0.07695006 0.18218507 0.82120630
1563003756.61577296 -4.18626821 -46.96972387 5.61909290 -0.53727890 -0.07497046 0.17558446 0.82151136
1563003756.91573906 -4.20385928 -46.69377347 5.64555118 -0.54609608 -0.09268849 0.14341493 0.82013418
1563003757.31592607 -4.33120934 -46.27355515 5.65679720 -0.54201096 -0.05795190 0.14062305 0.82649311
1563003757.64982295 -4.37147399 -45.93093920 5.66848817 -0.54634844 -0.04941841 0.12074575 0.82733407
1563003758.01622391 -4.40745762 -45.55580881 5.67879448 -0.55111485 -0.03856168 0.09675101 0.82790378
1563003758.34981799 -4.40400318 -45.23299978 5.69113690 -0.55410427 -0.02451445 0.08080092 0.82815380
1563003758.71652508 -4.40385206 -44.90158869 5.69863962 -0.55559416 -0.01434434 0.06347328 0.82890320
1563003758.98350501 -4.39638002 -44.65703520 5.70309372 -0.55604618 -0.00713231 0.05240081 0.82946726
1563003759.38359308 -4.38249194 -44.32903783 5.71444097 -0.55582130 0.00056317 0.03504546 0.83056257
1563003759.68362594 -4.36895960 -44.11178219 5.72412649 -0.55407647 0.00601113 0.02604862 0.83203642
1563003759.98360300 -4.35870145 -43.89229483 5.72927163 -0.55486071 0.00564224 0.01611051 0.83176812
1563003760.24998403 -4.34867954 -43.68046101 5.73585189 -0.55676927 0.00773172 0.01238026 0.83053894
1563003760.48387504 -4.34509024 -43.50464934 5.73769182 -0.55812509 0.00875698 0.00956971 0.82965542
1563003760.88405800 -4.33621900 -43.23668388 5.74249331 -0.56074343 0.01177162 0.00507354 0.82789039
1563003761.25051498 -4.31950590 -42.99225168 5.74841635 -0.56121851 0.01477149 0.00141700 0.82753464
1563003761.48437095 -4.30741371 -42.82604928 5.75545483 -0.56081113 0.01721911 -0.00069901 0.82776439
1563003761.85084701 -4.28464659 -42.56340876 5.75999017 -0.55995195 0.02180181 -0.00335747 0.82823138
1563003762.08492088 -4.26850286 -42.38875409 5.76243529 -0.55996807 0.02364547 -0.00687783 0.82814814
1563003762.38501501 -4.24161744 -42.16409389 5.76590000 -0.56073871 0.02631856 -0.01106427 0.82750046
1563003762.68520999 -4.22372399 -41.93200948 5.76935350 -0.56156674 0.02824464 -0.01397409 0.82683115
1563003762.95161009 -4.20751789 -41.72240738 5.77376700 -0.56142617 0.02965388 -0.01555112 0.82684912
1563003763.25206089 -4.17997074 -41.49343755 5.77493568 -0.56150214 0.03205979 -0.01711817 0.82667677
1563003763.58596897 -4.15194495 -41.24409219 5.77603702 -0.56217346 0.03510778 -0.01911402 0.82605272
1563003763.98584199 -4.11609366 -40.91383078 5.78045239 -0.56303838 0.03738310 -0.02184445 0.82529577
1563003764.38584399 -4.05038768 -40.58575935 5.78029722 -0.56435898 0.03197507 -0.03062317 0.82434141
1563003764.85246205 -4.01206919 -40.13365137 5.78691203 -0.56266691 0.04123733 -0.03317550 0.82498776
1563003765.25269198 -3.91210643 -39.77367644 5.78998223 -0.56444579 0.03735284 -0.04795840 0.82322883
1563003765.68629193 -3.82020696 -39.34806147 5.79083035 -0.56350123 0.04454890 -0.05929433 0.82277940
1563003766.12024212 -3.71291528 -38.92778887 5.78845683 -0.56354037 0.05108910 -0.06834708 0.82166954
1563003766.62062597 -3.56998357 -38.45972596 5.78192759 -0.56463386 0.05636551 -0.07816282 0.81969635
1563003767.22108698 -3.43509828 -37.85832585 5.77876634 -0.56680718 0.05709331 -0.08125155 0.81784361
1563003767.78790498 -3.33988242 -37.29961243 5.78744881 -0.56488439 0.04905491 -0.07280545 0.82048681
1563003768.42145300 -3.22482463 -36.66104013 5.78402378 -0.56653281 0.04239353 -0.07212980 0.81978086
1563003768.92150998 -3.13528963 -36.15608802 5.78262342 -0.56725062 0.03710502 -0.07076077 0.81966022
1563003769.38811707 -3.03031071 -35.72202399 5.77410296 -0.56959763 0.01998477 -0.08061131 0.81771693
1563003769.95457602 -2.95591402 -35.16932519 5.76927539 -0.57020194 0.01519510 -0.07879264 0.81757604
1563003770.45420790 -2.89273883 -34.69278788 5.77202333 -0.57047524 0.01102524 -0.07711973 0.81761176
1563003770.88668489 -2.89463209 -34.24560690 5.79370121 -0.56759513 0.03054875 -0.05645448 0.82080170
1563003771.28529596 -2.84724421 -33.87063014 5.79122991 -0.57069820 0.02981813 -0.05432201 0.81881839
1563003771.68549705 -2.80061816 -33.49459937 5.79088665 -0.57164455 0.02926430 -0.05526791 0.81811464
1563003772.05216408 -2.70416405 -33.20313242 5.84312934 -0.58252703 0.00656305 -0.07632979 0.80919278
1563003772.45240402 -2.63071110 -32.80139124 5.83702010 -0.58307708 0.00795887 -0.08269778 0.80815769
1563003772.91935897 -2.47610584 -32.39474117 5.88027146 -0.59232427 -0.00250505 -0.10506534 0.79881597
1563003773.35295796 -2.46629866 -31.87175719 5.79382459 -0.57140328 0.04295715 -0.08714516 0.81489797
1563003773.65317988 -2.37515578 -31.59126220 5.79357224 -0.57097592 0.05222832 -0.10056362 0.81310864
1563003773.85318089 -2.29530852 -31.41594202 5.79849737 -0.56911203 0.06039253 -0.11512930 0.81191716
1563003773.98651409 -2.22949702 -31.30315326 5.80253855 -0.56814098 0.06835540 -0.12694040 0.81020337
1563003774.12010598 -2.15640654 -31.19007133 5.80337477 -0.56724317 0.07527591 -0.13812304 0.80838774
1563003774.25343990 -2.08573982 -31.07728628 5.80437166 -0.56599369 0.08265485 -0.15027021 0.80637348
1563003774.38677406 -2.00585278 -30.97046339 5.80489784 -0.56437049 0.09098645 -0.16341461 0.80405415
1563003774.52010703 -1.92420159 -30.86905622 5.80477408 -0.56257713 0.09920455 -0.17678892 0.80150552
1563003774.65368795 -1.83931143 -30.77079356 5.80918623 -0.56064535 0.10915146 -0.19019301 0.79849193
1563003774.82035494 -1.73107119 -30.65395958 5.80955502 -0.55806507 0.12015230 -0.20699328 0.79453167
1563003775.02035594 -1.60728175 -30.53380189 5.80839692 -0.55514652 0.13209920 -0.22552510 0.78962052
1563003775.25392795 -1.46237513 -30.40696245 5.80936003 -0.55121128 0.14449941 -0.24529198 0.78429452
1563003775.58749795 -1.27650260 -30.23431898 5.81299927 -0.54590020 0.15917840 -0.27042379 0.77686948
1563003775.98749900 -1.05973834 -30.02671748 5.81821217 -0.54058946 0.17188955 -0.29063515 0.77055060
1563003776.45438290 -0.86662903 -29.73333173 5.81494436 -0.54252729 0.16624065 -0.28129021 0.77388888
1563003776.78798509 -0.77566942 -29.48302660 5.81216035 -0.54866140 0.14962820 -0.25841201 0.78090031
1563003777.15488195 -0.67911158 -29.18801425 5.80510644 -0.55582341 0.13030252 -0.23045364 0.78801822
1563003777.45488191 -0.61800882 -28.93960131 5.80214243 -0.55996945 0.11314424 -0.20648482 0.79435295
1563003777.75513792 -0.56459580 -28.68720828 5.79616899 -0.56372978 0.09606934 -0.18149435 0.80002451
1563003778.05513906 -0.52808265 -28.42700201 5.78834071 -0.56752175 0.07834982 -0.15558637 0.80471936
1563003778.35535192 -0.51313719 -28.15350254 5.78075300 -0.57187657 0.06087580 -0.13008082 0.80766967
1563003778.75552011 -0.43137032 -27.87297800 5.83331166 -0.58882059 0.00522131 -0.12858861 0.79795240
1563003779.18915701 -0.41015434 -27.47368083 5.80486998 -0.59132780 -0.00991646 -0.10466226 0.79954919
1563003779.62272692 -0.33442561 -27.05047634 5.78208259 -0.58933494 -0.00750400 -0.10904166 0.80046108
1563003780.05606198 -0.23210494 -26.62003653 5.76436307 -0.58770441 -0.00063417 -0.12003398 0.80012184
1563003780.48959494 -0.11660903 -26.19221562 5.74887583 -0.58543077 0.00584992 -0.13062417 0.80010869
1563003780.95655608 -0.04999290 -25.66049277 5.72133528 -0.57549898 0.03694932 -0.11773936 0.80843869
1563003781.29012609 0.05283309 -25.33102315 5.71276120 -0.57759605 0.04084813 -0.12485794 0.80568277
1563003781.62371111 0.15829507 -25.00086361 5.70698536 -0.57919532 0.04251757 -0.13108049 0.80345687
1563003781.92371202 0.25249514 -24.69963997 5.70446084 -0.58075677 0.04347532 -0.13406653 0.80178404
1563003782.19062710 0.33508850 -24.43516975 5.69365745 -0.58161289 0.04421123 -0.13435201 0.80107512
1563003782.49062705 0.42264301 -24.11626445 5.67624444 -0.58175537 0.04506264 -0.13508288 0.80080126
1563003782.75755906 0.49092213 -23.84154072 5.66417340 -0.58332835 0.04296885 -0.13650112 0.79953058
1563003782.99089289 0.55114870 -23.59970849 5.65448535 -0.58315705 0.04369053 -0.13806430 0.79934801
1563003783.29103208 0.63243509 -23.29505021 5.64483603 -0.58332499 0.04276850 -0.13690727 0.79947433
1563003783.52436590 0.68096406 -23.05171542 5.63805108 -0.58373880 0.04345292 -0.13816881 0.79891817
1563003783.72467399 0.72397526 -22.84312056 5.63000817 -0.58347694 0.04414402 -0.13930986 0.79887341
1563003783.92467403 0.76750450 -22.64532154 5.62461397 -0.58288313 0.04425352 -0.14056602 0.79908077
1563003784.12489700 0.81472157 -22.45345287 5.61899755 -0.58272334 0.04377302 -0.14052774 0.79923049
1563003784.35823107 0.87045371 -22.23522130 5.61144014 -0.58114081 0.04298154 -0.13968811 0.80057178
1563003784.65849710 0.95135027 -21.94762356 5.60484217 -0.58020845 0.04343285 -0.13853934 0.80142285
1563003784.95849800 1.04970455 -21.65714910 5.59639420 -0.57922335 0.04736176 -0.14518818 0.80073564
1563003785.22536898 1.14517009 -21.41145593 5.58721425 -0.57903661 0.05127159 -0.15150679 0.79945827
1563003785.52536988 1.23918873 -21.13208624 5.57496115 -0.57914652 0.05356160 -0.15317784 0.79890989
1563003785.79232693 1.29048658 -20.88427876 5.56237362 -0.58090278 0.04605914 -0.14239921 0.80009561
1563003786.05899405 1.30723725 -20.63636742 5.54814558 -0.58436788 0.02837905 -0.11857951 0.80227658
1563003786.25921202 1.28742886 -20.45003573 5.53511783 -0.58721480 0.01171458 -0.09310775 0.80397294
1563003786.45921302 1.26336797 -20.26462180 5.51934978 -0.58840538 -0.00395106 -0.07019543 0.80550363
1563003786.69277501 1.23660035 -20.04530288 5.50534482 -0.58996677 -0.01675491 -0.05059601 0.80566651
1563003786.99277592 1.22959210 -19.76546117 5.48758087 -0.59069331 -0.02499707 -0.04103013 0.80546452
1563003787.32638001 1.24481825 -19.44091668 5.46766369 -0.59055889 -0.02755619 -0.03914591 0.80557337
1563003787.62662196 1.25545344 -19.15691122 5.44854510 -0.59084289 -0.02915925 -0.03825312 0.80535155
1563003787.89328909 1.24902354 -18.92231219 5.43760961 -0.59122757 -0.02911512 -0.04000776 0.80498550
1563003788.22686601 1.25679838 -18.66050082 5.42235133 -0.59136375 -0.02913621 -0.03875972 0.80494576
1563003788.62709808 1.25922631 -18.40871085 5.40819684 -0.59102592 -0.03207572 -0.03517990 0.80524647
1563003789.12729907 1.23828521 -18.13428264 5.39212952 -0.59156284 -0.03904669 -0.02555153 0.80490738
1563003789.59396601 1.22123496 -17.88323280 5.37441034 -0.59116534 -0.04242640 -0.01957997 0.80519573
1563003790.09421206 1.27714113 -17.58411809 5.36145862 -0.59106057 -0.02909595 -0.04078370 0.80506988
1563003790.42786098 1.34130367 -17.35328605 5.35231523 -0.59076001 -0.01545042 -0.06211579 0.80430437
1563003790.76142693 1.41315728 -17.08825156 5.34267892 -0.58957038 -0.00204131 -0.08128773 0.80361366
1563003791.06142807 1.49751881 -16.84562273 5.33443251 -0.58857708 0.00836259 -0.09757018 0.80248810
1563003791.46168995 1.62067140 -16.50202531 5.32617137 -0.58707399 0.02043997 -0.11680461 0.80080149
1563003791.86189103 1.75935338 -16.15326451 5.31225014 -0.58324805 0.03070072 -0.13345842 0.80066724
1563003792.22874999 1.87953203 -15.83809106 5.30324254 -0.58022841 0.03961351 -0.14663896 0.80016422
1563003792.52874994 1.98010763 -15.57250969 5.29525916 -0.57943299 0.04593692 -0.15624833 0.79858229
1563003792.82898998 2.09204582 -15.31178953 5.29013883 -0.57872585 0.05003947 -0.16279210 0.79754071
1563003793.09565711 2.17578392 -15.07519082 5.28427395 -0.57856292 0.05466248 -0.16905110 0.79605193
1563003793.36262393 2.26343799 -14.83668301 5.27811651 -0.57869578 0.05485367 -0.17128673 0.79546409
1563003793.59595799 2.32436086 -14.62365728 5.27023178 -0.57957592 0.05588143 -0.17203169 0.79459053
1563003793.79609799 2.37499815 -14.43754301 5.26579799 -0.58104393 0.05696153 -0.17199544 0.79344874
1563003793.96276402 2.41504696 -14.27655843 5.26069237 -0.58196976 0.05655148 -0.17190862 0.79281811
1563003794.22969794 2.49775128 -14.03182416 5.25299820 -0.58265293 0.05375148 -0.16827212 0.79329114
1563003794.46303201 2.56154215 -13.81778084 5.24572409 -0.58238908 0.05148782 -0.16404739 0.79451898
1563003794.69660997 2.61396729 -13.59523513 5.23645791 -0.58237616 0.04866900 -0.16017715 0.79549520
1563003795.02994394 2.70676990 -13.26702416 5.22054274 -0.58366088 0.04307399 -0.15070814 0.79672559
1563003795.39690709 2.74275409 -12.89441169 5.21473242 -0.58705477 0.03746950 -0.13978241 0.79650713
1563003795.76375699 2.76713564 -12.52154036 5.20001013 -0.59138888 0.03059067 -0.12908843 0.79539900
1563003796.09709096 2.82590451 -12.19743147 5.17579406 -0.59367715 0.02193655 -0.11532919 0.79609385
1563003796.46409202 2.87721030 -11.83484377 5.14397064 -0.59488905 0.01147170 -0.10052125 0.79741513
1563003796.79765105 2.91486366 -11.50416290 5.11562093 -0.59611207 0.00349055 -0.08836689 0.79801598
1563003797.13113499 2.95159424 -11.16566566 5.08504522 -0.59732642 -0.00264602 -0.08122206 0.79787036
1563003797.49780297 2.98016045 -10.78577019 5.05924468 -0.59879936 -0.00741245 -0.07705109 0.79714961
1563003797.86478901 3.01057237 -10.40645556 5.03386904 -0.59883513 -0.00651891 -0.07613508 0.79721857
1563003798.23168492 3.05200336 -10.03088071 5.00791995 -0.59970163 -0.00614720 -0.07590364 0.79659200
1563003798.56501889 3.10056923 -9.69314664 4.97910024 -0.60063230 -0.00501055 -0.07775407 0.79571983
1563003798.93193102 3.16668368 -9.32062216 4.95344522 -0.60012218 -0.00248110 -0.08177746 0.79571330
1563003799.23217797 3.21465793 -9.01236840 4.93245085 -0.59952308 0.00062834 -0.08647783 0.79567159
1563003799.49884510 3.27226625 -8.74326052 4.91120438 -0.59917037 0.00314813 -0.08942733 0.79560525
1563003799.73345709 3.31507342 -8.50450628 4.89526367 -0.59926640 0.00437019 -0.09194772 0.79523977
1563003799.93501091 3.36038138 -8.30353505 4.88045786 -0.59901369 0.00492450 -0.09386901 0.79520247
1563003800.13594508 3.40049861 -8.09433980 4.86889473 -0.59902020 0.00759479 -0.09697444 0.79480380
1563003800.33645606 3.44489146 -7.89114001 4.85558674 -0.59861561 0.00941275 -0.09993872 0.79472196
1563003800.53693199 3.49471826 -7.68594970 4.83614373 -0.59717063 0.01041029 -0.10304542 0.79539959
1563003800.73740101 3.55292355 -7.46975773 4.82173360 -0.59686074 0.01179836 -0.10544717 0.79529803
1563003800.93764496 3.60748698 -7.26428496 4.80842988 -0.59721465 0.01353281 -0.10766381 0.79470751
1563003801.13805890 3.66147749 -7.05533277 4.79228512 -0.59572471 0.01558227 -0.11015282 0.79544680
1563003801.37167192 3.73221021 -6.81312238 4.77607287 -0.59529154 0.01669186 -0.11195561 0.79549689
1563003801.60522604 3.79710689 -6.57466844 4.76747358 -0.59521316 0.01867112 -0.11422610 0.79518871
1563003801.80563688 3.85612166 -6.37420081 4.75324599 -0.59481404 0.01987625 -0.11587602 0.79521943
1563003802.07247806 3.93102674 -6.09941313 4.72828296 -0.59535936 0.01858577 -0.12047782 0.79415798
1563003802.33945298 4.00389438 -5.83787680 4.71258115 -0.59505983 0.02029312 -0.12235767 0.79405326
1563003802.57300711 4.07018790 -5.60807202 4.69670924 -0.59513126 0.02100616 -0.12395933 0.79373271
1563003802.87346506 4.15473052 -5.32275727 4.67570911 -0.59484577 0.02377422 -0.12785432 0.79325063
1563003803.17374992 4.24573086 -5.04261129 4.65995456 -0.59514759 0.02465422 -0.13226850 0.79227303
1563003803.47380900 4.33298242 -4.75939250 4.63213879 -0.59540949 0.02701813 -0.13648991 0.79128254
1563003803.70744705 4.40383468 -4.53664782 4.61189041 -0.59588219 0.03017511 -0.13917130 0.79034500
1563003804.00747108 4.49453950 -4.25648669 4.59240765 -0.59498544 0.03142458 -0.14455618 0.79000527
1563003804.30763412 4.58893154 -3.97995050 4.57051777 -0.59507700 0.03351102 -0.14773578 0.78926201
1563003804.64086294 4.71427766 -3.67611933 4.55942901 -0.59306329 0.03628242 -0.15188352 0.78986766
1563003804.87461710 4.80853128 -3.46566056 4.54956214 -0.59251556 0.03793116 -0.15904477 0.78879104
1563003805.17491889 4.95709295 -3.19954005 4.54433660 -0.59025838 0.04810188 -0.17377022 0.78681965
1563003805.50842690 5.14198922 -2.92179924 4.53082690 -0.58407988 0.06759189 -0.20066938 0.78359034
1563003805.77548289 5.31653711 -2.72501470 4.53378983 -0.57960069 0.08286111 -0.22208539 0.77966349
1563003806.04211593 5.48638079 -2.52500664 4.53050263 -0.57437631 0.09782936 -0.24602274 0.77459285
1563003806.34241295 5.70051528 -2.31759842 4.53523469 -0.56789132 0.11530355 -0.27103574 0.76859884
1563003806.60922003 5.90247157 -2.15469952 4.54241511 -0.56200085 0.13146526 -0.29347581 0.76206554
1563003806.84264803 6.10312545 -2.01675999 4.55483568 -0.55688256 0.14656716 -0.31368844 0.75498308
1563003807.10934997 6.31958355 -1.87829554 4.56662065 -0.55113835 0.16113220 -0.33939860 0.74504465
1563003807.34282494 6.53262033 -1.76928306 4.58631368 -0.54565452 0.17501046 -0.36360554 0.73445456
1563003807.57611299 6.74464333 -1.67703359 4.60179854 -0.53690386 0.19046220 -0.38711546 0.72498277
1563003807.77625299 6.93660375 -1.60998642 4.62210137 -0.52881082 0.20355078 -0.40793282 0.71590293
1563003807.97616100 7.14575735 -1.55727689 4.63564083 -0.51896575 0.21783407 -0.42748798 0.70744391
1563003808.17634797 7.34129663 -1.51176560 4.65153933 -0.51068575 0.23072274 -0.44883552 0.69607022
1563003808.40965891 7.59240580 -1.47209699 4.67205182 -0.50022532 0.24492881 -0.47411764 0.68190686
1563003808.60961294 7.80374441 -1.45368752 4.68796305 -0.48974056 0.25866257 -0.49416663 0.67010984
