1563003603.74419498 0.87299992 0.02599999 0.67999995 -0.39498343 0.40598227 -0.59997466 0.56497513
1563003604.81118011 1.47067043 -0.04538633 0.67764348 -0.39159000 0.41006375 -0.60534041 0.55863045
1563003606.27845693 2.58713759 -0.20311186 0.68404257 -0.38697301 0.41495302 -0.61425412 0.54841386
1563003607.71245694 3.74135124 -0.32298053 0.68771170 -0.38787441 0.41505457 -0.61171717 0.55053179
1563003608.71307397 4.56682283 -0.39211251 0.70048380 -0.38911252 0.41445148 -0.60791094 0.55431553
1563003609.24674201 5.00393054 -0.43524317 0.70386675 -0.38810541 0.41472741 -0.60953984 0.55302491
1563003610.28040290 5.94406861 -0.60255334 0.68497060 -0.38628629 0.41850763 -0.61395929 0.54652379
1563003611.31424499 6.92777817 -0.72701877 0.67562189 -0.38660228 0.41709577 -0.61394401 0.54739615
1563003612.28134799 7.85726417 -0.81178654 0.66190708 -0.39081201 0.41426355 -0.61050266 0.55039821
1563003613.41514111 8.96896724 -0.90348114 0.64312511 -0.39397094 0.41615020 -0.60715572 0.55042514
1563003614.31552005 9.83931924 -1.02895216 0.63176981 -0.39413364 0.41463475 -0.60666275 0.55199366
1563003615.31604099 10.79346128 -1.11985793 0.63076169 -0.38898549 0.41871247 -0.60924818 0.54971521
1563003616.21626306 11.66148372 -1.21475848 0.61579594 -0.39122617 0.41933201 -0.60911136 0.54780115
1563003617.11653900 12.52106622 -1.32302563 0.60421579 -0.39150911 0.41743227 -0.60833453 0.54990910
1563003617.98405409 13.32515377 -1.42787842 0.59999146 -0.39059232 0.41773468 -0.60647429 0.55238059
1563003618.58414412 13.90229876 -1.49453839 0.59525590 -0.39050950 0.41835537 -0.60973410 0.54836616
1563003619.21747398 14.53548143 -1.63460869 0.58381276 -0.38447556 0.42386397 -0.61802939 0.53903390
1563003619.71771193 15.08286148 -1.82636044 0.57947289 -0.36950376 0.43641085 -0.63575988 0.51848039
1563003620.01790500 15.36760942 -1.95679101 0.57933879 0.35566731 -0.44724599 0.65147203 -0.49905509
1563003620.28480792 15.60999886 -2.09333517 0.58076819 0.34346055 -0.45660800 0.66685057 -0.47838719
1563003620.51802611 15.81333470 -2.23589948 0.58231315 0.32857568 -0.46689917 0.68090133 -0.45871185
1563003620.75132489 16.00476430 -2.39243418 0.58279745 0.31415701 -0.47718477 0.69394246 -0.43822817
1563003620.98483992 16.19557590 -2.56203044 0.58406584 0.29968708 -0.48523460 0.70858035 -0.41551043
1563003621.21809292 16.35888707 -2.74901954 0.58635245 0.28331117 -0.49316684 0.72255343 -0.39298574
1563003621.48490500 16.54345251 -3.00941094 0.58871524 0.26584820 -0.50112967 0.73890099 -0.36361947
1563003621.81836605 16.74692331 -3.34020834 0.59522780 0.24050609 -0.51210917 0.75750767 -0.32570408
1563003622.15158296 16.88949604 -3.65372977 0.60285026 0.21208567 -0.52191821 0.77483148 -0.28680520
1563003622.51843190 16.99364594 -4.07230155 0.61723259 0.17448630 -0.53423388 0.79292471 -0.23541260
1563003622.88514495 17.04040080 -4.48869980 0.62816720 0.13539141 -0.54720516 0.80640568 -0.17873320
1563003623.25173092 17.04161682 -4.89638461 0.63575941 0.09738195 -0.55629640 0.81646430 -0.12015454
1563003623.58514690 17.02998626 -5.24551605 0.64043611 0.06947301 -0.56146061 0.82032590 -0.08367142
1563003624.68444610 17.21544223 -6.42482937 0.66290692 0.05927254 -0.56233634 0.82161271 -0.07222993
1563003625.45205498 17.25859476 -7.26843070 0.66999228 0.03710562 -0.56507268 0.82314386 -0.04183572
1563003626.18576193 17.26173743 -8.08098234 0.68334446 0.02057537 -0.56382843 0.82542461 -0.01866468
1563003626.78629994 17.25144106 -8.73744815 0.68791675 0.01116543 -0.56476923 0.82515150 -0.00600411
1563003627.28660703 17.25327790 -9.28298541 0.69676967 0.00722888 -0.56620983 0.82422919 -0.00064619
1563003628.11999989 17.25292436 -10.24097487 0.70415226 0.00299913 -0.56701826 0.82369120 0.00375702
1563003628.78731108 17.26448631 -10.99021908 0.71015904 0.00827212 -0.56771978 0.82317694 -0.00235383
1563003629.58772206 17.32285676 -11.90276607 0.71167656 0.01314922 -0.56661929 0.82382308 -0.00923128
1563003630.35474610 17.38350152 -12.76670970 0.72597120 0.01376367 -0.56771451 0.82298040 -0.01463052
1563003631.25509501 17.39789364 -13.81049287 0.72496030 0.01355421 -0.56831905 0.82261811 -0.01136612
1563003632.08901095 17.39714527 -14.77363118 0.72092778 0.00972373 -0.56893682 0.82227688 -0.00877906
1563003632.95653605 17.40747806 -15.77472638 0.71419978 0.00730869 -0.57018550 0.82147278 -0.00418888
1563003633.68995690 17.42247849 -16.62429176 0.71097475 0.00509847 -0.57023897 0.82145411 -0.00383043
1563003634.39033389 17.43402837 -17.43807279 0.70994412 0.00700695 -0.56994250 0.82163980 -0.00494736
1563003634.92411590 17.45665782 -18.03644420 0.70997504 0.00768507 -0.56976983 0.82174530 -0.00616045
1563003635.49090791 17.46940737 -18.68393238 0.71130820 0.00558660 -0.57051379 0.82122737 -0.00827153
1563003636.12449694 17.47272181 -19.44361199 0.71118800 0.00703033 -0.57190841 0.82025366 -0.00743466
1563003636.75813699 17.47949187 -20.20408499 0.70970427 0.00862165 -0.57236294 0.81992164 -0.00740525
1563003637.45861292 17.47170129 -21.03172832 0.70278529 0.00686257 -0.57225866 0.82002457 -0.00571247
1563003638.12548804 17.46811962 -21.79587155 0.69656271 0.00521884 -0.57400328 0.81882944 -0.00336963
1563003638.72562289 17.45419850 -22.49603339 0.68317601 0.00451219 -0.57536102 0.81788583 0.00145158
1563003639.29245496 17.42431742 -23.14041553 0.67819715 0.00187977 -0.57600601 0.81744144 0.00174585
1563003640.12627411 17.39003161 -24.15551616 0.65625762 0.00088001 -0.57927451 0.81511590 0.00513201
1563003640.89387393 17.41837651 -25.07909111 0.64976106 -0.00399621 -0.58154034 0.81336279 0.01535688
1563003641.62768006 17.40295303 -25.93948275 0.63118662 -0.00605268 -0.58332633 0.81190284 0.02252882
1563003642.32833791 17.35899938 -26.73311859 0.60827325 -0.00505757 -0.58397036 0.81143950 0.02278112
1563003642.89512300 17.33857567 -27.36256950 0.58175358 -0.00251945 -0.58524138 0.81065991 0.01779593
1563003643.36176991 17.32119522 -27.86628931 0.56861736 0.00214050 -0.58505894 0.81092444 0.01014948
1563003643.86188006 17.31473657 -28.42124712 0.54793551 0.00711088 -0.58684092 0.80966899 0.00181583
1563003644.32893491 17.34742997 -28.94258118 0.52325526 0.01433161 -0.58542399 0.81059179 -0.00378267
1563003644.99598098 17.40931918 -29.73868207 0.49090709 0.02110602 -0.58558318 0.81024170 -0.01246019
1563003645.72976398 17.49086087 -30.55871547 0.46027026 0.02921291 -0.58651456 0.80900821 -0.02555358
1563003646.36381006 17.59913495 -31.25817316 0.42488151 0.03969177 -0.58686209 0.80776697 -0.03911486
1563003646.99759698 17.72306291 -31.95903461 0.38734600 0.04414155 -0.59226571 0.80318098 -0.04661724
1563003647.56461501 17.86536879 -32.59134500 0.37626763 0.04120740 -0.59272435 0.80317307 -0.04350654
1563003648.43170309 17.94366041 -33.61007805 0.31597112 0.04148909 -0.59365047 0.80264538 -0.04022658
1563003649.23195004 18.00523459 -34.53520837 0.25531634 0.03489784 -0.59670899 0.80103612 -0.03258301
1563003649.93231297 18.05608378 -35.32747206 0.19314615 0.03137745 -0.59696773 0.80115287 -0.02826764
1563003650.46575403 18.09401261 -35.86801533 0.14153166 0.03231467 -0.59650430 0.80156193 -0.02523605
1563003651.13245797 18.14086287 -36.53227669 0.10774637 0.03085822 -0.60062509 0.79862307 -0.02232628
1563003651.69914794 18.19626096 -37.08575418 0.06870074 0.02739956 -0.60108899 0.79854797 -0.01619987
1563003652.29929805 18.23057942 -37.55870908 0.03901606 0.02441302 -0.60206342 0.79797197 -0.01282109
1563003652.93315911 18.26628560 -38.07692168 0.00493225 0.02655856 -0.60306129 0.79709407 -0.01589860
1563003653.46676993 18.32861567 -38.56181692 -0.03384294 0.02850473 -0.60360899 0.79663613 -0.01464702
1563003653.96691704 18.35452560 -39.02837507 -0.07380584 0.02532726 -0.60697826 0.79420358 -0.01328897
1563003654.46709895 18.36661120 -39.49391391 -0.11547099 0.02290320 -0.60686737 0.79436115 -0.01333428
1563003655.00061607 18.39227839 -40.00529163 -0.15607853 0.02355484 -0.60661529 0.79457923 -0.01033960
1563003655.50086308 18.40515419 -40.46785275 -0.20177361 0.02427824 -0.60821027 0.79334794 -0.00948036
1563003656.06772494 18.41923342 -40.97918637 -0.24891285 0.02379434 -0.60832194 0.79327897 -0.00931253
1563003656.73410201 18.43352341 -41.53804275 -0.30253407 0.02543023 -0.60715580 0.79411350 -0.00994404
1563003657.46859002 18.45828116 -42.12178543 -0.35728602 0.02349340 -0.60764397 0.79382730 -0.00742218
1563003658.26900101 18.51606836 -42.78899455 -0.42057301 0.01615072 -0.60887169 0.79310192 0.00193855
1563003659.00296807 18.57034032 -43.40715752 -0.47341651 0.00780452 -0.61117003 0.79138032 0.01129097
1563003659.80292296 18.54208588 -44.06467138 -0.54392203 0.00263248 -0.61100402 0.79150609 0.01361110
1563003660.53620195 18.51320221 -44.63263209 -0.60768091 -0.00082274 -0.61417634 0.78903043 0.01475573
1563003661.26913691 18.47934620 -45.11284376 -0.65951582 -0.00054334 -0.61550388 0.78801916 0.01343440
1563003661.93643403 18.43669744 -45.55235549 -0.71473945 -0.00001828 -0.61567484 0.78788884 0.01325441
1563003663.00342488 18.42696679 -45.83742693 -0.74421579 -0.00097912 -0.61605844 0.78752952 0.01637944
1563003663.93718004 18.42653513 -45.86914419 -0.74847015 -0.00118875 -0.61628198 0.78734931 0.01661841
1563003665.30477405 18.43165846 -46.22353115 -0.79292252 -0.00314680 -0.61635661 0.78721739 0.01958068
1563003666.50576305 18.36586316 -46.93001736 -0.87152057 -0.01091215 -0.61680534 0.78642193 0.03118716
1563003667.30601311 18.30577230 -47.57706515 -0.97075877 -0.01765957 -0.61610940 0.78628917 0.04297301
1563003667.90639400 18.25343417 -48.20349998 -1.03698814 -0.01669395 -0.61857740 0.78421011 0.04580199
1563003668.50652909 18.23148960 -48.82342037 -1.10981555 -0.00909369 -0.61972044 0.78402166 0.03426260
1563003669.13995099 18.24862853 -49.41088357 -1.18583559 0.00300397 -0.61991900 0.78450213 0.01574237
1563003669.77309299 18.29088230 -49.97955246 -1.25937054 0.01418086 -0.62159076 0.78320802 -0.00300576
1563003670.13988900 18.32397626 -50.30836403 -1.30509122 0.01946260 -0.62212594 0.78258757 -0.01171377
1563003670.90678692 18.35922753 -51.02570351 -1.39957196 0.02123715 -0.62282145 0.78193629 -0.01476670
1563003671.67399502 18.33787514 -51.79270214 -1.50144042 0.01367669 -0.62299245 0.78210678 -0.00153050
1563003672.50872302 18.27576079 -52.63735961 -1.60720375 0.00073278 -0.62377027 0.78135021 0.02004882
1563003673.24258590 18.17954933 -53.35581309 -1.69509098 -0.01490570 -0.62213598 0.78125412 0.04864818
1563003673.97642207 18.10633152 -54.04804465 -1.77487381 -0.02165014 -0.62560636 0.77762847 0.05866781
1563003674.54320908 18.06881032 -54.58642186 -1.85290166 -0.01573614 -0.62786651 0.77645796 0.05146906
1563003675.11046791 18.06411932 -55.13074158 -1.93199217 -0.00607413 -0.62903042 0.77654766 0.03546224
1563003675.87788296 18.12077842 -55.84697769 -2.04040088 0.01463210 -0.63111878 0.77554743 -0.00108484
1563003676.37796688 18.19001034 -56.32271918 -2.12236024 0.02859144 -0.63217776 0.77388494 -0.02521723
1563003676.94463205 18.26814963 -56.91216687 -2.21066616 0.03248404 -0.63222418 0.77327025 -0.03592344
1563003677.84482408 18.33479994 -57.79653759 -2.35142792 0.03105849 -0.63321104 0.77285303 -0.02788109
1563003678.57875299 18.33125956 -58.46734854 -2.45872558 0.02357843 -0.63385165 0.77298712 -0.01292494
1563003679.74577498 18.27701409 -59.32231124 -2.59600941 0.01122196 -0.63456092 0.77274171 0.00876116
1563003680.97964811 18.20488366 -59.98538772 -2.70879225 0.00069394 -0.63825710 0.76928600 0.02874799
1563003681.34604907 18.17558714 -60.17099880 -2.74109255 -0.00366499 -0.63892182 0.76839052 0.03662622
1563003681.57975197 18.15426259 -60.28946595 -2.76196201 -0.00708533 -0.63983023 0.76728460 0.04291180
1563003681.87978697 18.11489056 -60.44239925 -2.78491178 -0.01641431 -0.64004193 0.76620216 0.05487388
1563003682.18028998 18.03304815 -60.59678226 -2.80806017 -0.03092736 -0.63789054 0.76516722 0.08159827
1563003682.74764395 17.78564648 -60.84496469 -2.84075834 -0.07504236 -0.62976363 0.75683887 0.15799157
1563003683.34800291 17.47952181 -61.04732714 -2.86881692 -0.12007185 -0.61587087 0.74033710 0.24121941
1563003683.84841609 17.14439224 -61.12999253 -2.87823823 -0.16990037 -0.59311510 0.71482863 0.32919352
1563003684.21533203 16.89693385 -61.13972853 -2.87669479 -0.20687062 -0.57295391 0.69013669 0.39069132
1563003684.64909196 16.61853011 -61.13158619 -2.86843079 -0.24015005 -0.54831600 0.66261843 0.45012702
1563003685.08284307 16.35440918 -61.16852209 -2.86982168 -0.25711377 -0.53423000 0.64895863 0.47680552
1563003685.48311305 16.12367059 -61.22036214 -2.87124026 -0.26437931 -0.52529704 0.64202174 0.49190923
1563003685.84984899 15.90746659 -61.26022789 -2.87300256 -0.27174655 -0.51832479 0.63244052 0.50745661
1563003686.31677508 15.62664461 -61.26967214 -2.86781993 -0.28682871 -0.50454154 0.61528111 0.53347566
1563003686.75012708 15.34967524 -61.19539581 -2.84764731 -0.31252441 -0.47897677 0.58558674 0.57445445
1563003687.35075808 14.96401750 -61.05366825 -2.80856196 -0.34501258 -0.44244988 0.54261165 0.62512160
1563003687.85129094 14.61837847 -60.91124867 -2.77277644 -0.36585225 -0.41264866 0.51019879 0.65997759
1563003688.71864700 13.93089906 -60.76484711 -2.72618291 -0.37028502 -0.40389638 0.50273100 0.66859425
1563003689.01894498 13.66953060 -60.77378951 -2.72032148 -0.36352146 -0.41448724 0.51477873 0.65654805
1563003689.31899190 13.40662428 -60.79289295 -2.71648013 -0.35616349 -0.42492227 0.52671582 0.64432839
1563003689.65267801 13.10804535 -60.82475119 -2.71719438 -0.34829505 -0.43674132 0.53941956 0.63005882
1563003690.21940207 12.57995781 -60.88936757 -2.71730324 -0.33841777 -0.45096124 0.55483568 0.61177180
1563003690.85276508 11.94453352 -60.93109998 -2.70913926 -0.33584397 -0.45464793 0.56059266 0.60517762
1563003691.52004290 11.26717766 -60.97256070 -2.69917683 -0.33535767 -0.45505803 0.56193852 0.60388949
1563003692.22047710 10.53785653 -60.99022037 -2.68712450 -0.33825764 -0.45064284 0.55746523 0.60970101
1563003692.82075500 9.91114998 -60.96927385 -2.66818110 -0.34443881 -0.44502389 0.55221523 0.61512111
1563003693.52131796 9.20977199 -60.93338853 -2.64759373 -0.34658862 -0.43730139 0.54447570 0.62625078
1563003694.18855500 8.59249312 -60.87314043 -2.62820030 -0.35439353 -0.43105409 0.53457444 0.63468714
1563003694.82216597 8.02330307 -60.81554603 -2.60245403 -0.35891021 -0.42151285 0.52626900 0.64540787
1563003695.38915896 7.49671730 -60.76144901 -2.58688980 -0.36331757 -0.41956254 0.52369783 0.64630349
1563003695.88936400 7.02195509 -60.74707893 -2.57497752 -0.36349838 -0.42392917 0.52766160 0.64009860
1563003696.45624900 6.52949519 -60.72602591 -2.56056542 -0.36170782 -0.42601887 0.53306883 0.63522673
1563003697.05648708 6.02272542 -60.69745777 -2.54833555 -0.35943374 -0.42812718 0.53321552 0.63497694
1563003697.65662003 5.54779296 -60.67108611 -2.53357939 -0.35972852 -0.42869658 0.53240984 0.63510188
1563003698.85704589 5.16060429 -60.64022116 -2.52264934 -0.36110005 -0.42666724 0.52983214 0.63783989
1563003699.82410693 4.74830195 -60.59143348 -2.50419448 -0.36439729 -0.42292607 0.52463099 0.64273671
1563003700.99141598 4.43173595 -60.55852551 -2.49669726 -0.36666791 -0.41930663 0.52220801 0.64578276
1563003706.86052608 4.33394214 -60.55223407 -2.49432544 -0.36623469 -0.41941527 0.52311242 0.64522584
1563003708.06095290 3.92499779 -60.52260672 -2.47549357 -0.36749629 -0.41948695 0.52593490 0.64216015
1563003708.79437995 3.50769411 -60.49275393 -2.46755170 -0.36746607 -0.42111496 0.52661578 0.64055187
1563003709.42771411 3.04548027 -60.47050470 -2.46682535 -0.36356759 -0.42461127 0.52939400 0.63817386
1563003709.96171689 2.58737872 -60.44874900 -2.46563574 -0.36052567 -0.43010344 0.53250017 0.63362121
1563003710.39508605 2.16447891 -60.43705622 -2.46029677 -0.35746094 -0.43323740 0.53620958 0.63008438
1563003710.72858810 1.82279235 -60.44332937 -2.45416051 -0.35863274 -0.43537911 0.53878777 0.62572784
1563003711.06255889 1.47840318 -60.44403570 -2.44645222 -0.35923811 -0.43835342 0.54148467 0.62095782
1563003711.39576507 1.13677096 -60.44966061 -2.44212581 -0.35781202 -0.43998142 0.54343050 0.61892665
1563003711.76260304 0.78536057 -60.47211392 -2.43970819 -0.35832912 -0.44123442 0.54215056 0.61885798
1563003712.09614301 0.48949489 -60.47926912 -2.43232717 -0.36020089 -0.44172491 0.54425233 0.61556789
1563003712.46310902 0.18170997 -60.49143727 -2.43586147 -0.35947353 -0.44406404 0.54484904 0.61377963
1563003712.76301694 -0.08592354 -60.50413194 -2.43800773 -0.35947699 -0.44557382 0.54572297 0.61190417
1563003713.26318598 -0.52327038 -60.54163000 -2.43958224 -0.35899166 -0.44655310 0.54614180 0.61110102
1563003713.62976503 -0.82957466 -60.56204225 -2.44923015 -0.35822673 -0.44630194 0.54557594 0.61223776
1563003714.53027511 -1.38430600 -60.58471553 -2.46109648 -0.35961594 -0.44502976 0.54114893 0.61626514
1563003715.56429505 -1.88696013 -60.58303096 -2.46475667 -0.36453056 -0.44094314 0.53626925 0.62056580
1563003716.69774008 -2.29748581 -60.54234131 -2.45196342 -0.37666818 -0.43204516 0.52094881 0.63251119
1563003717.33080912 -2.42573336 -60.42492673 -2.43425506 -0.39446479 -0.40965493 0.49032205 0.66042763
1563003717.76470399 -2.50987542 -60.32243490 -2.42375550 -0.40631153 -0.38957808 0.46636373 0.68238166
1563003718.26480389 -2.54956268 -60.18210938 -2.40280579 -0.42461055 -0.35778284 0.42636021 0.71408283
1563003718.69818902 -2.54651552 -60.03047278 -2.37774846 -0.44384430 -0.31897636 0.37822224 0.74713068
1563003718.99826288 -2.52446544 -59.89944248 -2.35703693 -0.45760468 -0.28409757 0.33519116 0.77300286
1563003719.26469898 -2.48763901 -59.76347276 -2.33731488 -0.47163343 -0.24626108 0.28805007 0.79620635
1563003719.56492805 -2.45976625 -59.66250152 -2.32127946 -0.47991530 -0.21995182 0.25505303 0.81009287
1563003720.63184190 -2.44012257 -59.57420265 -2.30712924 -0.48537640 -0.19968333 0.22882296 0.81986363
1563003721.09917808 -2.40471234 -59.46988874 -2.29021159 -0.49043492 -0.17343528 0.19871465 0.83060597
1563003721.46554399 -2.36309567 -59.34742871 -2.26837485 -0.49514764 -0.14347929 0.16113863 0.84159185
1563003721.93223095 -2.27851379 -59.11563276 -2.22182238 -0.50008425 -0.10057207 0.10374555 0.85383714
1563003722.39925599 -2.16949698 -58.85424769 -2.17490497 -0.50460827 -0.05180501 0.04337682 0.86070041
1563003722.76552606 -2.10073933 -58.62133881 -2.14248118 -0.50501279 -0.02301736 0.00711759 0.86277553
1563003724.86653805 -2.18705829 -58.27324544 -2.09755743 -0.50710833 -0.04810925 0.04358562 0.85943408
1563003726.16698694 -2.26891754 -57.78592567 -2.02745803 -0.50815322 -0.04996011 0.05100292 0.85830239
1563003726.76703501 -2.19868938 -57.40883381 -1.96877243 -0.50684314 -0.01917131 0.01254431 0.86173379
1563003727.26699591 -2.09212743 -57.04077024 -1.91402558 -0.50699292 0.01248433 -0.02693835 0.86143871
1563003728.00042605 -1.94568584 -56.42071998 -1.82152962 -0.50813919 0.03613071 -0.05581829 0.85870452
1563003728.29994011 -1.97348209 -56.14810341 -1.78246852 -0.51070213 0.01777160 -0.03507524 0.85885810
1563003728.56682611 -2.00697551 -55.91643988 -1.74706816 -0.51026095 0.00265184 -0.01449425 0.85989340
1563003728.89973092 -2.03194868 -55.68208802 -1.71396117 -0.51119208 -0.00706439 -0.00135842 0.85943639
1563003729.79959989 -1.97884746 -55.06744096 -1.63495650 -0.51363625 0.00713174 -0.02136959 0.85771224
1563003737.86907005 -1.94867373 -54.88016945 -1.61312998 -0.51386400 0.01508591 -0.03293724 0.85710638
1563003738.53622103 -1.94942268 -54.88031472 -1.61228603 -0.51393982 0.01513550 -0.03305421 0.85705554
1563003744.90803695 -1.94628983 -54.88027591 -1.61397162 -0.51388697 0.01461618 -0.03193320 0.85713874
1563003747.81035399 -1.77114809 -54.34790152 -1.51814181 -0.51227896 0.05079667 -0.07715179 0.85383697
1563003748.81125307 -1.65598642 -53.73876211 -1.43339259 -0.51081677 0.05413870 -0.07855243 0.85437974
1563003749.21148396 -1.64290792 -53.43650463 -1.39619037 -0.51392539 0.04170504 -0.06472285 0.85437248
1563003749.51156592 -1.66685036 -53.18441403 -1.36488276 -0.51595764 0.02850950 -0.04570334 0.85491879
1563003749.77824211 -1.69244138 -52.95300691 -1.33430172 -0.51668304 0.01642189 -0.03018673 0.85548683
1563003750.07824707 -1.72148789 -52.74145569 -1.30427577 -0.51791182 0.00540976 -0.01648213 0.85525810
1563003750.71179795 -1.78440294 -52.35407038 -1.24392142 -0.51685728 -0.01059422 0.00258467 0.85600213
1563003751.31206608 -1.85091430 -51.98638448 -1.19819234 -0.51878065 -0.02832903 0.02652108 0.85402619
1563003751.87914801 -1.97277767 -51.52787722 -1.14340024 -0.51957544 -0.04674402 0.04641158 0.85188164
1563003752.31326509 -2.09196530 -51.14781183 -1.09737265 -0.52050858 -0.06287720 0.06438169 0.84910086
1563003752.81364608 -2.25572635 -50.74789903 -1.04643943 -0.52014182 -0.07815500 0.08372595 0.84636531
1563003753.34738398 -2.41268723 -50.31349303 -0.99695359 -0.51769754 -0.09739845 0.10423597 0.84358619
1563003753.94776297 -2.56910355 -49.81571316 -0.94649705 -0.51737900 -0.12032020 0.12721928 0.83764985
1563003754.84832692 -2.89055133 -49.13846067 -0.87823224 -0.51658774 -0.13581222 0.14969868 0.83203512
1563003755.74895906 -3.21538525 -48.38068925 -0.79164962 -0.51304588 -0.13670880 0.15579531 0.83296005
1563003756.44922304 -3.44006820 -47.73826399 -0.74246775 -0.51455382 -0.13457307 0.15163598 0.83314523
1563003756.91573906 -3.57966992 -47.29114547 -0.70239301 -0.51656789 -0.12732908 0.13475321 0.83593450
1563003757.31592607 -3.66489319 -46.88819370 -0.66133516 -0.51773605 -0.11229325 0.11512845 0.84028867
1563003757.68335390 -3.72843348 -46.51240752 -0.62730347 -0.52142391 -0.09971214 0.09423447 0.84219621
1563003758.01622391 -3.77181899 -46.17334782 -0.59559202 -0.52452821 -0.08841730 0.07364538 0.84358099
1563003758.41635704 -3.78688816 -45.79547630 -0.55441986 -0.52644969 -0.07006736 0.05591866 0.84546697
1563003758.78354001 -3.79363784 -45.46226144 -0.52028637 -0.52755845 -0.05930461 0.04031769 0.84648658
1563003759.11669302 -3.79399156 -45.16382235 -0.48834207 -0.52748408 -0.04863532 0.02791326 0.84771222
1563003759.74981689 -3.78867864 -44.68578748 -0.43679275 -0.52367282 -0.03658026 0.00881136 0.85108814
1563003760.24998403 -3.78549000 -44.30305060 -0.40163116 -0.52538036 -0.03195551 -0.00123106 0.85026631
1563003760.58403492 -3.78837909 -44.05427883 -0.37852648 -0.52748355 -0.02896038 -0.00386187 0.84906271
1563003761.28434801 -3.77484071 -43.58058718 -0.33424345 -0.52974682 -0.02363035 -0.01097028 0.84775561
1563003761.88460994 -3.74507114 -43.15307032 -0.28737758 -0.52850413 -0.01654653 -0.01615740 0.84861566
1563003762.35127497 -3.72379241 -42.80430314 -0.25128686 -0.52925259 -0.01183880 -0.02291548 0.84807218
1563003762.75156307 -3.70281716 -42.50041544 -0.22343625 -0.53092200 -0.01072812 -0.02752909 0.84690548
1563003763.01869392 -3.68488168 -42.29514895 -0.20465956 -0.53071043 -0.00973389 -0.02862906 0.84701362
1563003763.61944199 -3.63976086 -41.83128431 -0.16486595 -0.53150809 -0.00410031 -0.03234342 0.84642557
1563003764.41938591 -3.58129962 -41.15156060 -0.10211058 -0.53195673 0.00127057 -0.03731400 0.84594804
1563003765.11962509 -3.50646544 -40.50139293 -0.03835381 -0.53196359 0.00622933 -0.05060587 0.84523073
1563003765.61986899 -3.41664042 -40.01807092 0.01014129 -0.53000765 0.01553688 -0.06278964 0.84552230
1563003766.12024212 -3.31693437 -39.54391479 0.05747692 -0.53027251 0.02355424 -0.07195192 0.84444016
1563003766.65387797 -3.20765776 -39.02464401 0.10848570 -0.53089187 0.03260039 -0.08233856 0.84279974
1563003767.52105308 -3.02615282 -38.20501239 0.18647827 -0.53352352 0.02511555 -0.07516399 0.84206427
1563003768.48804998 -2.90636032 -37.23469299 0.27478137 -0.53325513 0.01892619 -0.06991113 0.84284826
1563003769.48808193 -2.78740583 -36.22320177 0.36721631 -0.53296981 0.01590880 -0.06518364 0.84346973
1563003770.28765702 -2.70800114 -35.44526392 0.43188478 -0.53258953 0.00939478 -0.06177029 0.84406431
1563003770.91992593 -2.65415135 -34.85539160 0.47650124 -0.53501232 0.00630818 -0.05994476 0.84269132
1563003771.38529611 -2.60476795 -34.41889475 0.50826604 -0.53675201 0.00547352 -0.05701986 0.84179336
1563003771.95216393 -2.54071366 -33.88140565 0.55316724 -0.53648797 0.00379034 -0.05780817 0.84191716
1563003772.41907001 -2.48162206 -33.41569961 0.58918618 -0.53623881 0.00746770 -0.06336845 0.84165112
1563003772.88602591 -2.39999656 -32.95457433 0.62642562 -0.53517705 0.01427148 -0.07103491 0.84162693
1563003773.28629088 -2.31408258 -32.57200488 0.65668673 -0.53428674 0.02235161 -0.08013345 0.84119957
1563003773.61984706 -2.22710939 -32.26263379 0.68465337 -0.53385125 0.03407387 -0.09337235 0.83971627
1563003773.88651395 -2.13538527 -32.02553977 0.70834530 -0.53063171 0.04739014 -0.11197159 0.83883641
1563003774.12010598 -2.03804304 -31.83527808 0.72797780 -0.52854319 0.06110192 -0.13030915 0.83661710
1563003774.35344005 -1.93091850 -31.65461294 0.74689200 -0.52575568 0.07635521 -0.15045339 0.83373535
1563003774.55344105 -1.82607580 -31.50883687 0.76417861 -0.52347213 0.09055775 -0.16909690 0.83017014
1563003774.75368810 -1.71319527 -31.36360855 0.78091304 -0.52037495 0.10610410 -0.18816880 0.82616241
1563003775.02035594 -1.56498111 -31.18642485 0.80220428 -0.51649434 0.12557618 -0.21286702 0.81984868
1563003775.42059493 -1.34645438 -30.96269901 0.83039198 -0.51001427 0.14908856 -0.24496079 0.81095762
1563003775.85416508 -1.12353111 -30.73275149 0.86296406 -0.50415661 0.16803828 -0.27045326 0.80277287
1563003776.65465093 -0.81540185 -30.20353118 0.91716065 -0.50783009 0.15508191 -0.25289980 0.80876442
1563003777.02131891 -0.71981425 -29.91464139 0.94284612 -0.51482765 0.13458663 -0.22603256 0.81593395
1563003777.35488200 -0.65426933 -29.64265733 0.96405211 -0.51945718 0.11426079 -0.20104991 0.82261026
1563003777.75513792 -0.58931450 -29.30435354 0.99082788 -0.52416075 0.08969822 -0.16916355 0.82981530
1563003778.12201905 -0.55600804 -28.98285655 1.01421149 -0.52870838 0.06673725 -0.13811182 0.83482856
1563003778.45535302 -0.54515870 -28.68007552 1.03105257 -0.53312094 0.04469487 -0.11044671 0.83760728
1563003778.95551991 -0.55357642 -28.21594742 1.05942255 -0.53640010 0.01736919 -0.07426772 0.84051029
1563003779.48915696 -0.51603104 -27.71287380 1.09753788 -0.53565537 0.01106591 -0.06623443 0.84176236
1563003779.85606098 -0.45086008 -27.35152188 1.12563506 -0.53514680 0.01714429 -0.07430138 0.84131045
1563003780.32292795 -0.35611680 -26.88855288 1.16863865 -0.53346810 0.02566426 -0.08589511 0.84105598
1563003780.78988910 -0.24924772 -26.41902116 1.20534539 -0.53181002 0.03399903 -0.09553069 0.84077111
1563003781.39012694 -0.09198104 -25.82478632 1.25232302 -0.53437561 0.04240688 -0.10651507 0.83743591
1563003781.95704508 0.06221693 -25.24409009 1.29341683 -0.53665759 0.04736502 -0.11213066 0.83497419
1563003782.45729399 0.17523870 -24.71785349 1.33120468 -0.53805220 0.05002521 -0.11270099 0.83384398
1563003782.92422605 0.28267671 -24.23839925 1.36297884 -0.54060636 0.04768027 -0.11182017 0.83244676
1563003783.32436490 0.35863767 -23.82969858 1.39106050 -0.54108434 0.04976064 -0.11318959 0.83182915
1563003783.75800705 0.45582447 -23.38066310 1.42081825 -0.54006790 0.04852628 -0.11212938 0.83270575
1563003784.12489700 0.51987460 -23.01704021 1.44712588 -0.53963021 0.04885334 -0.11286351 0.83287119
1563003784.55823112 0.61882062 -22.59541763 1.47343644 -0.53700518 0.04826831 -0.11126948 0.83481417
1563003785.15870190 0.79983774 -22.00749658 1.51627249 -0.53583462 0.05533519 -0.12127957 0.83373290
1563003785.62565994 0.90300998 -21.57111780 1.55243011 -0.53883650 0.05943560 -0.12337788 0.83120427
1563003785.99232697 0.93475195 -21.22557602 1.57007598 -0.54224582 0.04137870 -0.09960999 0.83326774
1563003786.22587895 0.90416970 -21.00666296 1.58101204 -0.54510700 0.02086360 -0.07214813 0.83499564
1563003786.42587900 0.87453914 -20.82588927 1.58821079 -0.54598024 0.00360867 -0.04917352 0.83634593
1563003786.69277501 0.83625251 -20.57451734 1.59787349 -0.54709271 -0.01346518 -0.02717009 0.83652259
1563003787.32638001 0.82262934 -19.95183785 1.61987059 -0.54680273 -0.02467717 -0.01523383 0.83675907
1563003787.89328909 0.81558670 -19.43653956 1.64049925 -0.54654928 -0.02702167 -0.01377913 0.83687744
1563003788.59353399 0.80305590 -18.93167789 1.66135035 -0.54533123 -0.02937666 -0.00904419 0.83765689
1563003789.46063304 0.74494160 -18.46696252 1.68072684 -0.54496606 -0.04080968 0.00723736 0.83743309
1563003790.09421206 0.78343786 -18.09033956 1.70217827 -0.54524690 -0.02657489 -0.01276038 0.83775698
1563003790.49452806 0.84746881 -17.80570421 1.71909048 -0.54538019 -0.00877283 -0.03731353 0.83731188
1563003790.82809401 0.90791393 -17.54485429 1.73389753 -0.54501203 0.00497563 -0.05505213 0.83660408
1563003791.12835598 0.97615774 -17.29696005 1.74922070 -0.54423004 0.01672216 -0.07081881 0.83577433
1563003791.82855701 1.16321532 -16.69727919 1.79694651 -0.54119739 0.03873236 -0.10019429 0.83400617
1563003792.52874994 1.37734865 -16.07742014 1.84291009 -0.53934721 0.05492976 -0.12215590 0.83136348
1563003793.06232405 1.53788589 -15.60136264 1.87518128 -0.53834217 0.06422294 -0.13378631 0.82955672
1563003793.56262493 1.65255261 -15.14477363 1.90616567 -0.54040900 0.06818628 -0.13813191 0.82718095
1563003794.06276488 1.78339539 -14.67458518 1.93531870 -0.54266045 0.06480285 -0.13406802 0.82664744
1563003794.49636602 1.88867701 -14.27328983 1.95612180 -0.54193903 0.05928574 -0.12627912 0.82875863
1563003795.13023996 1.98277146 -13.64872597 2.00236049 -0.54417640 0.05129077 -0.11350696 0.82967311
1563003795.79709005 2.01113883 -12.95925248 2.04878254 -0.55002307 0.03752001 -0.09364432 0.82903414
1563003796.46409202 2.08614929 -12.29617775 2.06279140 -0.55203761 0.01755606 -0.06646602 0.83098046
1563003797.03098512 2.07523698 -11.72914454 2.09277939 -0.55582113 0.01049709 -0.05533896 0.82939151
1563003797.69812202 2.10586062 -11.03004572 2.11579705 -0.55810532 0.00333670 -0.04798742 0.82837463
1563003798.26501799 2.10806927 -10.42919019 2.13882962 -0.55971118 0.00817169 -0.05201846 0.82701312
1563003798.83192992 2.17995000 -9.85115273 2.14827210 -0.56036736 0.01080488 -0.05613885 0.82626879
1563003799.39884496 2.26926956 -9.28625171 2.16276046 -0.55915170 0.01601573 -0.06171030 0.82661038
1563003799.80086589 2.33616989 -8.88353457 2.16886573 -0.55914333 0.01761091 -0.06441823 0.82637696
1563003800.20290208 2.41256441 -8.46956247 2.18293721 -0.55907153 0.02085630 -0.06861064 0.82601248
1563003800.57034707 2.50170591 -8.07637793 2.17309880 -0.55729419 0.02270119 -0.07310090 0.82677936
1563003800.97108197 2.57760759 -7.63824932 2.18969652 -0.55685676 0.02765631 -0.08049318 0.82623636
1563003801.40506291 2.70516529 -7.17452691 2.22666063 -0.55694189 0.03027947 -0.08531297 0.82560316
1563003801.87232709 2.80985055 -6.67522834 2.26363347 -0.55576099 0.03595658 -0.09096317 0.82556802
1563003802.30617809 2.91638681 -6.25040811 2.27444705 -0.55637684 0.03554221 -0.09567399 0.82463814
1563003802.57300711 2.99080764 -5.98926501 2.28639775 -0.55741549 0.03627912 -0.09671771 0.82378243
1563003803.27376199 3.19539797 -5.33359444 2.30518419 -0.55879579 0.03960988 -0.10499325 0.82167801
1563003803.94071102 3.39839210 -4.69718493 2.31708160 -0.56097471 0.04405976 -0.11169589 0.81907884
1563003804.47425508 3.55594456 -4.20287016 2.32826626 -0.56067332 0.04582341 -0.11807902 0.81829273
1563003805.20827603 3.86393758 -3.51962466 2.36460452 -0.55744004 0.06387927 -0.14330393 0.81525703
1563003805.64170289 4.11604982 -3.16716684 2.38634777 -0.55202930 0.08931849 -0.17750677 0.80980072
1563003806.00888705 4.34709857 -2.89039670 2.40149284 -0.54701545 0.11063459 -0.20689423 0.80357256
1563003806.34241295 4.56796280 -2.64936706 2.41033223 -0.54110089 0.13098626 -0.23472760 0.79684087
1563003806.64243698 4.83861266 -2.51228798 2.47172131 -0.53712761 0.14938855 -0.25923159 0.78865454
1563003806.94263697 5.08052401 -2.33505550 2.49208547 -0.53221602 0.16954339 -0.28499179 0.77896138
1563003807.24283695 5.33428250 -2.16815840 2.52276801 -0.52799319 0.18841252 -0.31524827 0.76573000
1563003807.54274511 5.60607049 -2.02979122 2.54615699 -0.51965580 0.20869305 -0.34502004 0.75323717
1563003807.84284997 5.89010326 -1.91988722 2.56954873 -0.50901526 0.22988176 -0.37549450 0.73963621
1563003808.17634797 6.21656774 -1.82468720 2.58784487 -0.49641432 0.25388874 -0.40950744 0.72209209
1563003808.54287696 6.60704027 -1.76118249 2.60190723 -0.48141312 0.27842067 -0.44750952 0.70032747
