1563003603.74419498 0.87299992 0.02599999 0.67999995 -0.39498343 0.40598227 -0.59997466 0.56497513
1563003604.81118011 1.47067043 -0.04538633 0.67764348 -0.39159000 0.41006375 -0.60534041 0.55863045
1563003606.27845693 2.58713759 -0.20311186 0.68404257 -0.38697301 0.41495302 -0.61425412 0.54841386
1563003607.71245694 3.74135124 -0.32298053 0.68771170 -0.38787441 0.41505457 -0.61171717 0.55053179
1563003608.71307397 4.56682283 -0.39211251 0.70048380 -0.38911252 0.41445148 -0.60791094 0.55431553
1563003609.24674201 5.00393054 -0.43524317 0.70386675 -0.38810541 0.41472741 -0.60953984 0.55302491
1563003610.28040290 5.94406861 -0.60255334 0.68497060 -0.38628629 0.41850763 -0.61395929 0.54652379
1563003611.31424499 6.92777817 -0.72701877 0.67562189 -0.38660228 0.41709577 -0.61394401 0.54739615
1563003612.28134799 7.85726417 -0.81178654 0.66190708 -0.39081201 0.41426355 -0.61050266 0.55039821
1563003613.41514111 8.96896724 -0.90348114 0.64312511 -0.39397094 0.41615020 -0.60715572 0.55042514
1563003614.31552005 9.83931924 -1.02895216 0.63176981 -0.39413364 0.41463475 -0.60666275 0.55199366
1563003615.31604099 10.79346128 -1.11985793 0.63076169 -0.38898549 0.41871247 -0.60924818 0.54971521
1563003616.21626306 11.66148372 -1.21475848 0.61579594 -0.39122617 0.41933201 -0.60911136 0.54780115
1563003617.11653900 12.52106622 -1.32302563 0.60421579 -0.39150911 0.41743227 -0.60833453 0.54990910
1563003617.98405409 13.32515377 -1.42787842 0.59999146 -0.39059232 0.41773468 -0.60647429 0.55238059
1563003618.58414412 13.90229876 -1.49453839 0.59525590 -0.39050950 0.41835537 -0.60973410 0.54836616
1563003619.21747398 14.53548143 -1.63460869 0.58381276 -0.38447556 0.42386397 -0.61802939 0.53903390
1563003619.71771193 15.08286148 -1.82636044 0.57947289 -0.36950376 0.43641085 -0.63575988 0.51848039
1563003620.01790500 15.36760942 -1.95679101 0.57933879 0.35566731 -0.44724599 0.65147203 -0.49905509
1563003620.28480792 15.60999886 -2.09333517 0.58076819 0.34346055 -0.45660800 0.66685057 -0.47838719
1563003620.51802611 15.81333470 -2.23589948 0.58231315 0.32857568 -0.46689917 0.68090133 -0.45871185
1563003620.75132489 16.00476430 -2.39243418 0.58279745 0.31415701 -0.47718477 0.69394246 -0.43822817
1563003620.98483992 16.19557590 -2.56203044 0.58406584 0.29968708 -0.48523460 0.70858035 -0.41551043
1563003621.21809292 16.35888707 -2.74901954 0.58635245 0.28331117 -0.49316684 0.72255343 -0.39298574
1563003621.48490500 16.54345251 -3.00941094 0.58871524 0.26584820 -0.50112967 0.73890099 -0.36361947
1563003621.81836605 16.74692331 -3.34020834 0.59522780 0.24050609 -0.51210917 0.75750767 -0.32570408
1563003622.15158296 16.88949604 -3.65372977 0.60285026 0.21208567 -0.52191821 0.77483148 -0.28680520
1563003622.51843190 16.99364594 -4.07230155 0.61723259 0.17448630 -0.53423388 0.79292471 -0.23541260
1563003622.88514495 17.04040080 -4.48869980 0.62816720 0.13539141 -0.54720516 0.80640568 -0.17873320
1563003623.25173092 17.04161682 -4.89638461 0.63575941 0.09738195 -0.55629640 0.81646430 -0.12015454
1563003623.58514690 17.02998626 -5.24551605 0.64043611 0.06947301 -0.56146061 0.82032590 -0.08367142
1563003624.68444610 17.21544223 -6.42482937 0.66290692 0.05927254 -0.56233634 0.82161271 -0.07222993
1563003625.45205498 17.25859476 -7.26843070 0.66999228 0.03710562 -0.56507268 0.82314386 -0.04183572
1563003626.18576193 17.26173743 -8.08098234 0.68334446 0.02057537 -0.56382843 0.82542461 -0.01866468
1563003626.78629994 17.25144106 -8.73744815 0.68791675 0.01116543 -0.56476923 0.82515150 -0.00600411
1563003627.28660703 17.25327790 -9.28298541 0.69676967 0.00722888 -0.56620983 0.82422919 -0.00064619
1563003628.11999989 17.25292436 -10.24097487 0.70415226 0.00299913 -0.56701826 0.82369120 0.00375702
1563003628.78731108 17.26448631 -10.99021908 0.71015904 0.00827212 -0.56771978 0.82317694 -0.00235383
1563003629.58772206 17.32285676 -11.90276607 0.71167656 0.01314922 -0.56661929 0.82382308 -0.00923128
1563003630.35474610 17.38350152 -12.76670970 0.72597120 0.01376367 -0.56771451 0.82298040 -0.01463052
1563003631.25509501 17.39789364 -13.81049287 0.72496030 0.01355421 -0.56831905 0.82261811 -0.01136612
1563003632.08901095 17.39714527 -14.77363118 0.72092778 0.00972373 -0.56893682 0.82227688 -0.00877906
1563003632.95653605 17.40747806 -15.77472638 0.71419978 0.00730869 -0.57018550 0.82147278 -0.00418888
1563003633.68995690 17.42247849 -16.62429176 0.71097475 0.00509847 -0.57023897 0.82145411 -0.00383043
1563003634.39033389 17.43402837 -17.43807279 0.70994412 0.00700695 -0.56994250 0.82163980 -0.00494736
1563003634.92411590 17.45665782 -18.03644420 0.70997504 0.00768507 -0.56976983 0.82174530 -0.00616045
1563003635.49090791 17.46940737 -18.68393238 0.71130820 0.00558660 -0.57051379 0.82122737 -0.00827153
1563003636.12449694 17.47272181 -19.44361199 0.71118800 0.00703033 -0.57190841 0.82025366 -0.00743466
1563003636.75813699 17.47949187 -20.20408499 0.70970427 0.00862165 -0.57236294 0.81992164 -0.00740525
1563003637.45861292 17.47170129 -21.03172832 0.70278529 0.00686257 -0.57225866 0.82002457 -0.00571247
1563003638.12548804 17.46811895 -21.79587263 0.69656139 0.00521878 -0.57400315 0.81882953 -0.00336949
1563003638.72562289 17.45439423 -22.49558569 0.68351617 0.00448736 -0.57537846 0.81787377 0.00140568
1563003639.29245496 17.42457153 -23.13998366 0.67850509 0.00185418 -0.57602582 0.81742762 0.00170493
1563003640.12627411 17.39794151 -24.15715223 0.65719783 0.00022213 -0.57914451 0.81520657 0.00546266
1563003640.89387393 17.42144195 -25.08025699 0.64956098 -0.00451555 -0.58145674 0.81341870 0.01541742
1563003641.62768006 17.39591628 -25.94294312 0.62516229 -0.00552917 -0.58282948 0.81228198 0.02184521
1563003642.32833791 17.36012703 -26.73656344 0.60290377 -0.00549424 -0.58299749 0.81215037 0.02226028
1563003642.89512300 17.32867165 -27.36745207 0.58371802 -0.00285699 -0.58503365 0.81084777 0.01591716
1563003643.36176991 17.31140565 -27.87293978 0.57052711 0.00183896 -0.58473599 0.81118085 0.00812772
1563003643.89529490 17.30604380 -28.46311349 0.54720620 0.00770691 -0.58659023 0.80984681 -0.00079914
1563003644.39564896 17.34281068 -29.02324806 0.52051500 0.01507503 -0.58435603 0.81132292 -0.00747633
1563003645.26262498 17.42794777 -30.06622939 0.46933794 0.02494597 -0.58494655 0.81047332 -0.01866116
1563003645.99677992 17.51170804 -30.87014905 0.43883711 0.03461687 -0.58436199 0.80997636 -0.03551087
1563003646.63059306 17.62924361 -31.57157019 0.40553303 0.04359214 -0.58586876 0.80774940 -0.04897378
1563003647.23096609 17.76014170 -32.23567897 0.37923610 0.04677795 -0.58886902 0.80520022 -0.05193950
1563003648.26486802 17.89511249 -33.44598219 0.31547268 0.04857155 -0.58866710 0.80525082 -0.05179740
1563003649.09857011 17.98667984 -34.41062675 0.27090572 0.04169936 -0.59231891 0.80345147 -0.04341895
1563003649.83235908 18.05193999 -35.24912018 0.20959099 0.03837355 -0.59329069 0.80310889 -0.03936666
1563003650.43245602 18.10086728 -35.86781371 0.17082903 0.03955459 -0.59566862 0.80143885 -0.03619528
1563003651.06581497 18.15801556 -36.49639613 0.14149659 0.03767450 -0.59847026 0.79947176 -0.03548073
1563003651.69914794 18.23359886 -37.13061145 0.08434012 0.03600722 -0.59798819 0.80018833 -0.02849989
1563003652.23267794 18.27545319 -37.55069689 0.06020855 0.03357330 -0.59896323 0.79966211 -0.02562008
1563003652.79943991 18.32025502 -38.00948953 0.02805371 0.03520185 -0.59924716 0.79934214 -0.02675480
1563003653.36678100 18.37462819 -38.52229414 -0.00999858 0.03941040 -0.59993359 0.79858600 -0.02805195
1563003653.93344402 18.41690186 -39.04953036 -0.05091312 0.03858731 -0.60307626 0.79618975 -0.02986507
1563003654.40035200 18.46801834 -39.47615879 -0.07959875 0.03326576 -0.60458075 0.79544941 -0.02521374
1563003654.90062690 18.50749423 -39.94299547 -0.11651245 0.03462521 -0.60541245 0.79483762 -0.02258381
1563003655.36756492 18.54165874 -40.37208326 -0.16283739 0.03398647 -0.60612244 0.79433884 -0.02205233
1563003655.96772504 18.57645026 -40.92446889 -0.20821094 0.03313261 -0.60635800 0.79419880 -0.02191995
1563003656.60090709 18.60720150 -41.46932946 -0.26591245 0.03449856 -0.60542779 0.79485331 -0.02180041
1563003657.23489809 18.63273707 -41.96731466 -0.31163551 0.03578920 -0.60440489 0.79556895 -0.02199807
1563003657.86889601 18.65766919 -42.46030649 -0.36131756 0.03237478 -0.60480572 0.79550406 -0.01830880
1563003658.83588195 18.75299835 -43.28948695 -0.44139369 0.02205346 -0.60663822 0.79464093 -0.00703643
1563003659.53621006 18.82254706 -43.87730038 -0.49224790 0.01404660 -0.60696344 0.79460332 0.00190689
1563003660.40312409 18.80614436 -44.56430485 -0.56751330 0.01085120 -0.61011337 0.79223252 0.00339981
1563003661.20269108 18.77350414 -45.10219460 -0.62124290 0.01052380 -0.61241533 0.79046051 0.00298276
1563003661.90317011 18.75367947 -45.55771670 -0.66519661 0.01056374 -0.61328556 0.78978517 0.00293437
1563003662.80306101 18.74597020 -45.84816011 -0.70169890 0.01075403 -0.61176814 0.79095391 0.00399917
1563003663.43688202 18.74271490 -45.87286130 -0.70351478 0.01097132 -0.61169508 0.79100726 0.00403452
1563003665.10470390 18.74905522 -46.16435510 -0.73654373 0.01063028 -0.61227594 0.79054219 0.00694386
1563003666.10548997 18.74639008 -46.65408130 -0.79177798 0.00324386 -0.61378277 0.78932242 0.01517597
1563003666.93934488 18.71228780 -47.25522414 -0.86115574 -0.00383712 -0.61233297 0.79017300 0.02569513
1563003667.63950896 18.66298010 -47.91292861 -0.94203736 -0.00728838 -0.61445668 0.78818099 0.03406741
1563003668.17285299 18.64651519 -48.46236534 -1.00623350 -0.00323945 -0.61525554 0.78776921 0.02949225
1563003668.83981705 18.67558026 -49.11125648 -1.07777427 0.00697590 -0.61651187 0.78723026 0.01153090
1563003669.40670395 18.72327531 -49.61750896 -1.13415921 0.01787170 -0.61733619 0.78648348 -0.00451283
1563003669.90670490 18.77801345 -50.06356621 -1.19044340 0.02642536 -0.61893198 0.78476632 -0.01915015
1563003670.23984194 18.81561861 -50.36375355 -1.23141996 0.03096429 -0.61920484 0.78418559 -0.02606815
1563003670.90678692 18.86877323 -51.00250614 -1.31305556 0.03040548 -0.62021469 0.78343582 -0.02524992
1563003671.54067302 18.87333590 -51.59719801 -1.37391467 0.02361610 -0.62177603 0.78265334 -0.01704665
1563003672.34153509 18.84795239 -52.41054144 -1.48722347 0.01224395 -0.62162967 0.78321133 0.00257695
1563003672.97582603 18.78790619 -53.03782730 -1.56635070 0.00039658 -0.62128851 0.78319038 0.02476390
1563003673.77618599 18.72550556 -53.80523460 -1.65478183 -0.01236794 -0.62205071 0.78140242 0.04806456
1563003674.44319701 18.70367486 -54.44560429 -1.73922687 -0.00979250 -0.62520581 0.77924015 0.04250395
1563003674.94365001 18.71904746 -54.92332826 -1.79095668 -0.00399242 -0.62743359 0.77802460 0.03144642
1563003675.64422798 18.76228057 -55.58085554 -1.89104294 0.01163053 -0.62696197 0.77896151 0.00154268
1563003676.21116996 18.85070362 -56.10908425 -1.97471312 0.02845742 -0.62865804 0.77669181 -0.02700136
1563003676.64444900 18.90236106 -56.53510937 -2.03933754 0.03784623 -0.62936273 0.77503372 -0.04234334
1563003677.41152406 18.98715915 -57.31190102 -2.15233202 0.03802160 -0.62918680 0.77509183 -0.04371471
1563003678.37842011 19.03296874 -58.21292201 -2.28882264 0.02930723 -0.62981116 0.77562671 -0.02970191
1563003679.11223793 19.03238238 -58.81859292 -2.37766997 0.02239829 -0.63053221 0.77573702 -0.01263058
1563003680.17949700 18.96815323 -59.49855798 -2.47983957 0.01338194 -0.63313380 0.77392441 0.00187646
1563003681.24602604 18.91667574 -60.02936605 -2.57249412 0.00322377 -0.63590456 0.77151085 0.01964705
1563003681.51302695 18.89943188 -60.16634196 -2.59409938 -0.00030992 -0.63676519 0.77059338 0.02675498
1563003681.77974010 18.87105903 -60.30153692 -2.61628032 -0.00641098 -0.63722824 0.76983556 0.03538758
1563003682.04688692 18.82282421 -60.44020590 -2.63832745 -0.01650665 -0.63624505 0.76951452 0.05260403
1563003682.51413608 18.64394205 -60.66370371 -2.66986255 -0.04937535 -0.63122846 0.76589124 0.11190761
1563003683.11456394 18.35659755 -60.89292269 -2.70039210 -0.09635373 -0.62127396 0.75358667 0.19194205
1563003683.61490798 18.06943149 -61.03188259 -2.71686910 -0.13834464 -0.60519360 0.73566646 0.27091757
1563003684.01534295 17.78969291 -61.07609085 -2.72089439 -0.18094370 -0.58572396 0.71188743 0.34264137
1563003684.41557288 17.52532407 -61.08328639 -2.71704847 -0.21825229 -0.56403377 0.68600859 0.40450471
1563003684.84924293 17.25314289 -61.09761886 -2.71177928 -0.24519617 -0.54379065 0.66318277 0.45206103
1563003685.28289008 17.00098517 -61.16330133 -2.71855143 -0.25578841 -0.53438007 0.65488887 0.46918099
1563003685.64986110 16.79185950 -61.21800691 -2.72167248 -0.26138156 -0.52736622 0.64746311 0.48410338
1563003686.08341789 16.53778019 -61.26097948 -2.72369897 -0.27244530 -0.51781269 0.63567378 0.50354983
1563003686.55017304 16.24738124 -61.23204008 -2.71276129 -0.29661298 -0.49617296 0.60996763 0.54200795
1563003687.11726189 15.88814812 -61.12492905 -2.68409817 -0.32989949 -0.46167522 0.57020561 0.59404367
1563003687.65124393 15.53134506 -61.00051593 -2.65325775 -0.35508001 -0.43074328 0.53378600 0.63517787
1563003688.11823511 15.18466397 -60.87704930 -2.61988632 -0.37134329 -0.40669291 0.50858359 0.66185178
1563003688.75199199 14.66362424 -60.82729452 -2.59875858 -0.36696932 -0.41177988 0.51514331 0.65604742
1563003689.08568192 14.37542868 -60.85075146 -2.59760200 -0.35847058 -0.42379984 0.52802882 0.64271153
1563003689.38574100 14.11122747 -60.88254341 -2.59685852 -0.35123422 -0.43289107 0.54038072 0.63026068
1563003689.75267792 13.78367106 -60.92367342 -2.59808456 -0.34290474 -0.44599175 0.55442292 0.61328861
1563003690.45293808 13.11509988 -61.01180757 -2.59755008 -0.33284534 -0.45784670 0.56970987 0.59583642
1563003691.05304599 12.51610990 -61.06924924 -2.59219094 -0.33121907 -0.45981048 0.57348411 0.59159464
1563003691.75341201 11.79299516 -61.12562953 -2.58647731 -0.33276170 -0.45839351 0.57258337 0.59270003
1563003692.38713193 11.12724679 -61.15734542 -2.57422761 -0.33782275 -0.45308196 0.56693072 0.59931802
1563003693.02098894 10.46514724 -61.17095519 -2.55942084 -0.34292722 -0.44515161 0.56132132 0.60758485
1563003693.65468693 9.83866068 -61.14711526 -2.54111207 -0.34605526 -0.43968199 0.55252642 0.61777023
1563003694.28857899 9.25871245 -61.10216217 -2.51900605 -0.35401587 -0.43275248 0.54440702 0.62531516
1563003694.95569706 8.66101877 -61.04626409 -2.49607103 -0.35759467 -0.42496347 0.53742944 0.63458782
1563003695.48940897 8.15833407 -61.03013227 -2.48413997 -0.36062232 -0.42673831 0.53431321 0.63431487
1563003696.05614495 7.62825971 -61.02788965 -2.47312321 -0.36043432 -0.43127477 0.54112566 0.62551754
1563003696.65621400 7.11003976 -61.02980946 -2.46292469 -0.35925646 -0.43243507 0.54276825 0.62396901
1563003697.25645208 6.60340552 -61.01668153 -2.45872459 -0.35770059 -0.43409852 0.54254623 0.62390091
1563003698.02356601 6.13360176 -60.99996970 -2.44836834 -0.35718234 -0.43392378 0.54155979 0.62517511
1563003699.39072299 5.71389652 -60.96394536 -2.43580822 -0.35961829 -0.43153038 0.53767654 0.62877671
1563003700.12433410 5.34233316 -60.92874010 -2.42236042 -0.36314107 -0.42662736 0.53351645 0.63362281
1563003704.69294810 5.17490406 -60.91315870 -2.41928136 -0.36429747 -0.42568342 0.53347105 0.63363209
1563003707.59416103 4.86747781 -60.90195115 -2.41157347 -0.36401656 -0.42821017 0.53381238 0.63180087
1563003708.42736602 4.47225559 -60.88050520 -2.40496580 -0.36447829 -0.42928440 0.53524549 0.62958935
1563003709.02776003 4.09162489 -60.88079620 -2.40085780 -0.36463892 -0.42941141 0.53550551 0.62918848
1563003709.52794790 3.71384335 -60.87667748 -2.40641219 -0.36228822 -0.43341058 0.53822502 0.62547289
1563003709.96171689 3.33877192 -60.87371263 -2.41379167 -0.35867359 -0.43786364 0.53902093 0.62376689
1563003710.36177611 2.94819477 -60.87860895 -2.40866896 -0.35655262 -0.44079971 0.54241757 0.61995889
1563003710.76222301 2.53268520 -60.89503130 -2.40579805 -0.35762443 -0.44317591 0.54470585 0.61562604
1563003711.12891197 2.14324362 -60.91598545 -2.40923332 -0.35862066 -0.44539358 0.54508583 0.61310457
1563003711.46271801 1.80684767 -60.94071193 -2.40344925 -0.35908537 -0.44617840 0.54631407 0.61116566
1563003711.92900300 1.37434391 -60.96867986 -2.40103115 -0.35999990 -0.44751284 0.54685441 0.60916549
1563003712.36284399 1.00262187 -60.98045491 -2.40641377 -0.36144468 -0.44880033 0.54820098 0.60614495
1563003712.69632697 0.72660819 -60.99875469 -2.41155043 -0.36180032 -0.45077238 0.54911884 0.60363340
1563003712.99647188 0.45602551 -61.01953243 -2.41660325 -0.36115398 -0.45261958 0.54959294 0.60220505
1563003713.62976503 -0.07628775 -61.06199332 -2.42895441 -0.36051954 -0.45273079 0.55064169 0.60154320
1563003714.66400290 -0.69808298 -61.10963413 -2.45413801 -0.36292569 -0.45052469 0.54491736 0.60694111
1563003715.76421404 -1.20968627 -61.11827296 -2.45303153 -0.37151625 -0.44696819 0.53797365 0.61055669
1563003716.76448798 -1.55993302 -61.06466974 -2.45353620 -0.38105745 -0.43871201 0.52383959 0.62283149
1563003717.36451292 -1.68232901 -60.95125627 -2.44198554 -0.39732791 -0.41723541 0.49405916 0.65111495
1563003717.83096504 -1.77129917 -60.83983511 -2.42853152 -0.41231551 -0.39552929 0.46694812 0.67491626
1563003718.23109889 -1.80575486 -60.72780421 -2.41379269 -0.42643052 -0.37025532 0.43490444 0.70137446
1563003718.56492496 -1.80967235 -60.61598785 -2.39766029 -0.43960581 -0.34310198 0.40063728 0.72699212
1563003718.93100095 -1.79545892 -60.46469264 -2.37433093 -0.45664646 -0.30356634 0.35168932 0.75870687
1563003719.16472101 -1.77013373 -60.34860994 -2.35615971 -0.46847484 -0.27310782 0.31296485 0.77974127
1563003719.43106389 -1.73692473 -60.21663608 -2.33716514 -0.48035149 -0.23883438 0.26915213 0.79986106
1563003720.43162107 -1.72176162 -60.13528233 -2.32465383 -0.48575048 -0.21993999 0.24401130 0.81001936
1563003721.03215194 -1.68854270 -60.01629465 -2.30457732 -0.49204167 -0.19194626 0.20992877 0.82278888
1563003721.39920211 -1.65400579 -59.90032706 -2.28459502 -0.49682665 -0.16324394 0.17462031 0.83427959
1563003721.83225393 -1.59657890 -59.70739386 -2.26016586 -0.50091935 -0.12500646 0.12235012 0.84763414
1563003722.29929090 -1.50205290 -59.45641965 -2.21991784 -0.50534074 -0.07724252 0.06114196 0.85727825
1563003722.76552606 -1.41047102 -59.15948227 -2.17105907 -0.50679763 -0.03806420 0.01358582 0.86111713
1563003725.00046301 -1.52315210 -58.79388312 -2.12804181 -0.50913158 -0.06985088 0.05556072 0.85604842
1563003726.50054193 -1.57681176 -58.12838303 -2.03526035 -0.51055626 -0.05063204 0.03480372 0.85764643
1563003727.10034108 -1.48989882 -57.70826994 -1.96896839 -0.50969268 -0.01525547 -0.00932621 0.86017072
1563003727.56724906 -1.37268572 -57.33870138 -1.91250219 -0.50968040 0.01693486 -0.04964165 0.85876353
1563003728.03399110 -1.32056163 -56.92825441 -1.85685007 -0.51121614 0.01706923 -0.05012700 0.85781932
1563003728.33352804 -1.35770611 -56.65818280 -1.81877251 -0.51287331 -0.00249781 -0.02790441 0.85800704
1563003728.63336492 -1.39841917 -56.40472950 -1.78690823 -0.51412952 -0.01857780 -0.00675065 0.85748477
1563003729.06674099 -1.42687917 -56.11216447 -1.74920692 -0.51475374 -0.02799339 0.00357352 0.85687349
1563003729.96523499 -1.36546689 -55.50907789 -1.67852054 -0.51529982 -0.00707728 -0.02131870 0.85671554
1563003737.83573604 -1.35002306 -55.41088582 -1.66491256 -0.51595587 -0.00357729 -0.02652107 0.85619704
1563003738.80288792 -1.35195367 -55.41114798 -1.66242157 -0.51612491 -0.00338611 -0.02659271 0.85609371
1563003740.13914108 -1.34416210 -55.42079677 -1.66288753 -0.51685325 -0.00407762 -0.02576089 0.85567661
1563003747.57671905 -1.21802348 -54.98655451 -1.59294155 -0.51520087 0.02609614 -0.06426751 0.85425800
1563003748.84435511 -1.08263486 -54.25471118 -1.48386376 -0.51586223 0.03084505 -0.06614796 0.85355679
1563003749.21148396 -1.09026710 -53.97260252 -1.45138661 -0.51821315 0.02068962 -0.05404706 0.85329127
1563003749.51156592 -1.12258954 -53.72224999 -1.42438779 -0.52021533 0.00701678 -0.03472710 0.85329995
1563003749.74508190 -1.15481828 -53.52046560 -1.39959720 -0.52076642 -0.00428562 -0.02067111 0.85343815
1563003750.01174998 -1.19117240 -53.32445813 -1.37181419 -0.52169207 -0.01289903 -0.00625537 0.85301340
1563003750.54516602 -1.26447375 -53.01655686 -1.33447352 -0.52151622 -0.02831225 0.00825331 0.85273157
1563003751.17852306 -1.34303940 -52.64085897 -1.29498654 -0.52160289 -0.04538266 0.03058413 0.85143142
1563003751.61243391 -1.43194267 -52.31396366 -1.26143877 -0.52328312 -0.05734826 0.04825232 0.84885668
1563003751.94605803 -1.51429283 -52.05417407 -1.23806959 -0.52254954 -0.07127258 0.06216617 0.84734737
1563003752.47982788 -1.67335410 -51.59333264 -1.19171952 -0.52145239 -0.08919727 0.08431941 0.84440600
1563003752.94714189 -1.83066378 -51.22458368 -1.15516112 -0.52129585 -0.10499889 0.10267600 0.84064470
1563003753.44741893 -2.03507747 -50.84263580 -1.12053396 -0.51897249 -0.12126761 0.11850636 0.83780545
1563003754.01411605 -2.23335214 -50.39264675 -1.08501250 -0.51806533 -0.13835215 0.13986602 0.83240885
1563003755.04861093 -2.61746724 -49.60359298 -1.01861515 -0.51478955 -0.15784020 0.16277947 0.82678959
1563003755.94902897 -2.94696144 -48.84800574 -0.94755698 -0.51279500 -0.15741129 0.16640568 0.82738874
1563003756.61577296 -3.19984936 -48.24498382 -0.90066499 -0.51626245 -0.15075177 0.15972363 0.82778944
1563003757.01575089 -3.33029113 -47.85594926 -0.86627813 -0.51741756 -0.14133094 0.14196258 0.83195629
1563003757.38305712 -3.41860021 -47.48971793 -0.83101292 -0.51943169 -0.12848232 0.12269868 0.83583972
1563003757.74982309 -3.49481472 -47.11943315 -0.79901094 -0.52287050 -0.11510028 0.10212414 0.83840863
1563003758.11642599 -3.55033753 -46.75090674 -0.76984150 -0.52622501 -0.10172370 0.08105881 0.84033862
1563003758.51634598 -3.57790313 -46.38180874 -0.73461278 -0.52812465 -0.08527279 0.06304019 0.84251934
1563003758.91647911 -3.59895592 -46.02106969 -0.70158029 -0.52770285 -0.07284400 0.04575890 0.84506187
1563003759.44970298 -3.61467694 -45.58365212 -0.65360499 -0.52623444 -0.05957814 0.02714007 0.84781553
1563003760.04997206 -3.62890895 -45.14407726 -0.60926649 -0.52575015 -0.05313250 0.01151621 0.84889993
1563003760.44999599 -3.63859110 -44.83613309 -0.58361968 -0.52784718 -0.04785819 0.00776269 0.84795441
1563003760.98407102 -3.64989943 -44.47056750 -0.55375202 -0.53146441 -0.04342731 0.00357547 0.84595914
1563003761.68457389 -3.64823990 -43.98756770 -0.50031134 -0.53005444 -0.03559794 -0.00299797 0.84721077
1563003762.25124002 -3.64039512 -43.56572955 -0.46137802 -0.52961580 -0.02968301 -0.00864439 0.84767405
1563003762.58523202 -3.62769968 -43.31188769 -0.43866093 -0.53148124 -0.02637724 -0.01314866 0.84655717
1563003762.95161009 -3.62518536 -43.03180566 -0.41421211 -0.53168431 -0.02478868 -0.01508436 0.84644538
1563003763.41921496 -3.60313013 -42.67036748 -0.38118672 -0.53230151 -0.02123109 -0.01707732 0.84611625
1563003764.11955905 -3.58253132 -42.08902280 -0.33439590 -0.53327539 -0.01661853 -0.02151251 0.84550482
1563003764.68594599 -3.55109684 -41.58744122 -0.29216347 -0.53357085 -0.01215031 -0.02686184 0.84524136
1563003765.31961393 -3.48892744 -40.97773010 -0.23202166 -0.53241162 -0.00588425 -0.04082544 0.84548006
1563003765.78629303 -3.41861967 -40.52679331 -0.18662783 -0.53162278 0.00362789 -0.05034738 0.84547572
1563003766.22024202 -3.34338418 -40.11356118 -0.15079419 -0.53238978 0.01033364 -0.05813899 0.84443721
1563003766.82076502 -3.21437992 -39.53978805 -0.10229635 -0.53304677 0.01692616 -0.06900477 0.84309726
1563003767.88790488 -3.07927906 -38.48404736 0.00421989 -0.53527169 0.00712571 -0.05369055 0.84294173
1563003768.92150998 -2.99150500 -37.43249593 0.07990036 -0.53521569 -0.00028222 -0.05159084 0.84313847
1563003769.65486503 -2.93574662 -36.71150785 0.13860474 -0.53559576 -0.00454802 -0.04551410 0.84323482
1563003770.42089796 -2.89609465 -35.96741381 0.20280474 -0.53524352 -0.00867562 -0.04220193 0.84359831
1563003770.98640704 -2.87048215 -35.43711742 0.24115568 -0.53737877 -0.01360670 -0.03947808 0.84230659
1563003771.45196295 -2.84481022 -35.00072613 0.27117240 -0.53920734 -0.01486437 -0.03718544 0.84122039
1563003771.98549700 -2.82441126 -34.48413697 0.30929146 -0.53799362 -0.01389429 -0.03850537 0.84195437
1563003772.48573709 -2.77918030 -33.98365978 0.34814213 -0.53725059 -0.01083596 -0.04367995 0.84222114
1563003772.91935897 -2.72606207 -33.55693972 0.38126394 -0.53783315 -0.00376632 -0.05197514 0.84143919
1563003773.31962490 -2.65962612 -33.17342775 0.41400825 -0.53672281 0.00453803 -0.06138860 0.84151023
1563003773.65317988 -2.59047304 -32.86055110 0.43935813 -0.53587081 0.01606152 -0.07547927 0.84076595
1563003773.91984701 -2.50701190 -32.62234144 0.46392940 -0.53266461 0.03119716 -0.09536857 0.84035706
1563003774.15344000 -2.42028156 -32.42779027 0.48455376 -0.53099006 0.04479522 -0.11343750 0.83855523
1563003774.35344005 -2.33557432 -32.26861249 0.50172926 -0.52887880 0.05789440 -0.13074841 0.83656459
1563003774.55344105 -2.24056447 -32.11866954 0.51939103 -0.52686045 0.07219443 -0.14954030 0.83357287
1563003774.75368810 -2.14091484 -31.96898027 0.53612606 -0.52415132 0.08811397 -0.16867081 0.83009125
1563003775.02035594 -1.99613778 -31.78939460 0.55743911 -0.52100192 0.10677169 -0.19274505 0.82462486
1563003775.42059493 -1.79319501 -31.55150268 0.58690860 -0.51498719 0.13092297 -0.22549314 0.81657836
1563003775.88749790 -1.55628421 -31.29409601 0.62125966 -0.50904373 0.14983411 -0.25208479 0.80924501
1563003776.65465093 -1.30427359 -30.76690990 0.67395114 -0.51283341 0.13629213 -0.23347683 0.81480974
1563003777.02131891 -1.22167765 -30.47673109 0.69633307 -0.51951157 0.11565137 -0.20596550 0.82116424
1563003777.35488200 -1.17447855 -30.19941974 0.71839340 -0.52381485 0.09543366 -0.18094286 0.82690393
1563003777.72180510 -1.13631870 -29.88223700 0.74170545 -0.52756638 0.07350857 -0.15115285 0.83272025
1563003778.05513906 -1.11930692 -29.59118831 0.76268150 -0.53139395 0.05242331 -0.12301058 0.83650503
1563003778.42201900 -1.12506925 -29.26069818 0.78125810 -0.53567841 0.02890335 -0.09225837 0.83886926
1563003778.85552001 -1.15367346 -28.85575303 0.80446158 -0.53861234 0.00445686 -0.05927012 0.84045460
1563003779.45582390 -1.15102836 -28.29209760 0.83969980 -0.53798542 -0.00759691 -0.04440368 0.84174954
1563003779.82272792 -1.10330753 -27.93216255 0.86688963 -0.53755337 -0.00197934 -0.05226440 0.84160614
1563003780.25626206 -1.04143760 -27.49755298 0.90148421 -0.53617963 0.00549226 -0.06295877 0.84173477
1563003780.75655508 -0.95639623 -26.99153776 0.94326696 -0.53543289 0.01445125 -0.07383204 0.84122031
1563003781.39012694 -0.81235643 -26.35385292 0.99257286 -0.53878082 0.02219312 -0.08500654 0.83785236
1563003781.89037800 -0.70049133 -25.84088853 1.02639580 -0.54144079 0.02602883 -0.09010110 0.83549157
1563003782.32396007 -0.63497718 -25.38341333 1.04729479 -0.54151924 0.02958934 -0.09360729 0.83493656
1563003782.82422590 -0.55703124 -24.85883165 1.07686261 -0.54370545 0.02916113 -0.09467051 0.83340957
1563003783.22436500 -0.48785709 -24.43880460 1.09882507 -0.54297246 0.02878616 -0.09607405 0.83373979
1563003783.69133997 -0.43385010 -23.94481427 1.13867738 -0.54431524 0.03173004 -0.09863800 0.83245701
1563003784.12489700 -0.36003489 -23.51608263 1.16554236 -0.54281634 0.02964502 -0.09667707 0.83374165
1563003784.59156489 -0.28694322 -23.06972581 1.19729547 -0.54042636 0.02943334 -0.09402791 0.83560264
1563003785.09183097 -0.17917619 -22.56153568 1.23351522 -0.53942406 0.03758638 -0.10524481 0.83458521
1563003785.59203601 -0.06002281 -22.08664244 1.26251514 -0.54055265 0.04069708 -0.10756148 0.83341293
1563003785.99232697 -0.04997870 -21.70681912 1.28139721 -0.54339299 0.02232248 -0.08284667 0.83508215
1563003786.22587895 -0.08882317 -21.49156647 1.28965285 -0.54577986 0.00160222 -0.05519430 0.83610727
1563003786.42587900 -0.12850306 -21.31266503 1.29565826 -0.54640739 -0.01549119 -0.03260624 0.83674119
1563003786.69277501 -0.18333521 -21.06224164 1.30613346 -0.54724190 -0.03214045 -0.01038175 0.83629272
1563003787.29304600 -0.23151396 -20.48842976 1.32400029 -0.54629509 -0.04243685 0.00105212 0.83651640
1563003787.92662191 -0.26863398 -19.91893235 1.34891202 -0.54600711 -0.04545005 0.00280403 0.83654209
1563003788.82709908 -0.32552060 -19.30473569 1.37674263 -0.54500905 -0.05226979 0.01041801 0.83673441
1563003789.72754502 -0.39164505 -18.82210756 1.39771537 -0.54450649 -0.05785936 0.02055630 0.83650608
1563003790.19452810 -0.35644758 -18.52393341 1.41545133 -0.54504325 -0.04049961 -0.00336462 0.83742242
1563003790.56119490 -0.30543051 -18.25461917 1.43224597 -0.54533876 -0.02404466 -0.02570054 0.83747655
1563003790.89476109 -0.26276708 -17.98011954 1.45052949 -0.54489991 -0.00910257 -0.04461279 0.83726395
1563003791.19502306 -0.19908987 -17.72923342 1.46699027 -0.54432669 0.00162880 -0.05960547 0.83675145
1563003791.92855811 -0.02900218 -17.08566432 1.52227946 -0.54095121 0.02425283 -0.08978017 0.83589659
1563003792.59541702 0.15006178 -16.48418452 1.56506611 -0.53896455 0.03939635 -0.10942578 0.83426083
1563003793.16262388 0.30846938 -15.97214166 1.60038454 -0.53881316 0.04626905 -0.11942035 0.83263337
1563003793.66276407 0.41550104 -15.50966021 1.63120739 -0.54017839 0.04582083 -0.11933630 0.83178519
1563003794.02943110 0.47270365 -15.16134296 1.65462233 -0.54255117 0.04624056 -0.11916238 0.83024115
1563003794.49636602 0.56744117 -14.72231891 1.68563889 -0.54227161 0.04002503 -0.11047641 0.83194619
1563003794.99661112 0.60643070 -14.23391321 1.72265766 -0.54348580 0.03499260 -0.10228079 0.83242858
1563003795.66375709 0.59951286 -13.53580996 1.76403113 -0.54820371 0.02097555 -0.08431635 0.83181937
1563003796.29742503 0.65284632 -12.90112726 1.78155554 -0.55061594 0.00214146 -0.05773128 0.83275723
1563003796.89765096 0.61129613 -12.30447960 1.81349639 -0.55373863 -0.00651560 -0.04395605 0.83150402
1563003797.53113604 0.62696807 -11.65103664 1.82584771 -0.55568842 -0.01774981 -0.03384107 0.83051195
1563003798.09812188 0.61882413 -11.05312859 1.85380232 -0.55679913 -0.01521982 -0.03530334 0.82975705
1563003798.69859695 0.66382809 -10.44074848 1.86937372 -0.55804463 -0.01309919 -0.03654870 0.82890216
1563003799.29884410 0.71682885 -9.82692911 1.88629989 -0.55736834 -0.00776351 -0.04492161 0.82901285
1563003799.80086589 0.77428472 -9.31444315 1.90141868 -0.55728733 -0.00458396 -0.04872495 0.82887617
1563003800.16939402 0.82182523 -8.93390489 1.91801348 -0.55765121 -0.00162340 -0.05253291 0.82840979
1563003800.57034707 0.87165102 -8.49804022 1.91615596 -0.55563727 0.00201687 -0.06051151 0.82921741
1563003801.03769112 0.96489796 -8.00180772 1.92416821 -0.55523036 0.00564781 -0.06458813 0.82916568
1563003801.47175288 1.07421750 -7.51654858 1.97601343 -0.55511719 0.00810912 -0.06892151 0.82887211
1563003801.90570688 1.14667114 -7.03190354 2.01317126 -0.55486486 0.01253776 -0.07529177 0.82843161
1563003802.37287903 1.23102328 -6.55656869 2.02688427 -0.55565896 0.01385099 -0.08048842 0.82738920
1563003803.04009700 1.38363554 -5.90453954 2.04666307 -0.55701767 0.01516439 -0.08843301 0.82563973
1563003803.74072194 1.55658040 -5.22869866 2.05885013 -0.55940536 0.02043135 -0.09566787 0.82310137
1563003804.37427807 1.71330333 -4.62031865 2.08429777 -0.55964568 0.02420954 -0.10316283 0.82192946
1563003805.07468700 1.89264188 -3.89776464 2.08519686 -0.55458774 0.03751750 -0.12333687 0.82207840
1563003805.50842690 2.10905209 -3.51859432 2.11157276 -0.54968726 0.06208241 -0.15472598 0.81856555
1563003805.84204602 2.30770425 -3.25218481 2.13894832 -0.54570696 0.08285151 -0.18106229 0.81397542
1563003806.20916104 2.52967491 -2.96339669 2.15553024 -0.54008471 0.10497027 -0.21243646 0.80756455
1563003806.54240203 2.79672427 -2.80075709 2.19531276 -0.53614966 0.12466152 -0.23958201 0.79975216
1563003806.80945396 3.00665968 -2.62554805 2.21833982 -0.53155417 0.14253749 -0.26214593 0.79272488
1563003807.07599401 3.21834092 -2.46494975 2.25144704 -0.52879455 0.15929026 -0.28807060 0.78231596
1563003807.34282494 3.41559994 -2.25985482 2.27639990 -0.52355694 0.17680767 -0.31484910 0.77168467
1563003807.64272189 3.70831807 -2.18452957 2.30154814 -0.51442111 0.19838592 -0.34498582 0.75960433
1563003807.90959907 3.96069869 -2.08222183 2.32886773 -0.50435519 0.21792536 -0.37198557 0.74817185
1563003808.17634797 4.22599552 -1.92100902 2.36310899 -0.49517089 0.23736443 -0.39971583 0.73395584
1563003808.54287696 4.62676760 -1.83606083 2.38799046 -0.48065735 0.26234301 -0.43795717 0.71297838
