0 0.0129823 -0.0161255 0.00488191 -3.12349e-05 -1.76996e-05 -0.00137054 0.999999
0.625004 -0.0478212 -0.154572 8.16774 -0.00142493 -5.95813e-07 0.0004456 0.999999
1.4584 -0.138943 -0.329636 18.8999 -0.00171822 0.000300517 -0.00303497 0.999994
2.18776 -0.193927 -0.459844 28.5471 -0.00121435 0.00132618 -0.00263744 0.999995
3.02101 -0.242122 -0.666366 39.5732 0.00086022 0.00191298 -0.00727572 0.999971
3.85413 -0.320765 -0.877941 50.9621 0.000472797 9.35323e-05 -0.00984867 0.999951
4.47888 -0.37517 -1.03445 59.5847 -0.00075269 -0.00198764 -0.0066738 0.999975
5.20787 -0.471708 -1.20912 69.5535 -0.00112657 -3.10348e-05 -0.00653187 0.999978
5.83264 -0.546106 -1.34378 78.1199 -0.00154503 0.00211141 -0.015671 0.999874
6.66551 -0.576778 -1.54539 89.2901 -0.00191461 0.000214157 -0.0140143 0.9999
7.39414 -0.647332 -1.7099 98.924 -0.000807297 -0.00104662 -0.0117368 0.99993
8.22688 -0.728613 -1.89875 109.761 -0.00152766 -0.000214555 -0.0108074 0.99994
8.95576 -0.785873 -2.09409 119.289 -0.00116486 0.00368147 -0.0146295 0.999886
9.47639 -0.770266 -2.19526 126.07 6.68036e-05 0.00648474 -0.0179626 0.999818
10.1011 -0.732177 -2.34207 134.168 -0.000698127 0.00865526 -0.0162351 0.99983
10.934 -0.653036 -2.50415 145.106 -0.000901465 0.00490299 -0.0117473 0.999919
11.663 -0.580537 -2.70836 154.743 0.00255098 0.00247837 -0.00145164 0.999993
12.4963 -0.55333 -2.89297 165.673 -0.000100862 0.00495591 0.00135283 0.999987
13.1211 -0.553283 -3.04474 173.989 0.00312285 0.00516289 -0.00790314 0.999951
13.6418 -0.509075 -3.18095 180.933 -2.31623e-05 0.00417862 -0.00982449 0.999943
14.4749 -0.549445 -3.41308 192.236 0.000560131 0.00243804 -0.0151924 0.999881
15.308 -0.566439 -3.65514 203.876 0.00365993 0.00423806 -0.0186397 0.999811
16.1409 -0.549676 -3.86989 215.53 0.000568279 0.00353991 -0.022008 0.999751
17.0779 -0.599846 -4.13952 228.977 0.00199261 0.00239628 -0.0234416 0.99972
18.1189 -0.673123 -4.44908 244.087 0.00035102 0.00391563 -0.0231764 0.999724
18.9517 -0.671307 -4.68649 256.328 0.000713097 0.00464607 -0.0260453 0.99965
19.6799 -0.674196 -4.8675 267.168 -0.000240991 0.00508683 -0.0209737 0.999767
20.2002 -0.646201 -4.99309 274.984 -7.80981e-05 0.00627011 -0.0200187 0.99978
20.8245 -0.609488 -5.16671 284.248 0.000937717 0.00906946 -0.0220469 0.999715
21.5529 -0.487706 -5.38626 295.3 0.00300866 0.00809173 -0.0197701 0.999767
22.1772 -0.493587 -5.56551 305.014 0.00198474 0.00685383 -0.0207229 0.99976
22.9054 -0.35974 -5.81123 316.473 0.0045776 0.00493428 -0.0198253 0.999781
23.8417 -0.359352 -6.17331 331.031 0.00186286 0.0065968 -0.0192568 0.999791
24.5698 -0.271052 -6.41111 342.343 0.00345317 0.00599436 -0.0205449 0.999765
25.2983 -0.284107 -6.64494 353.511 0.00113094 0.00206025 -0.0200601 0.999796
25.9228 -0.292404 -6.83269 363.222 0.00265637 0.00165775 -0.0191649 0.999811
26.3392 -0.307053 -6.97651 369.648 0.00248996 0.00154801 -0.0171212 0.999849
26.8626 -0.351595 -7.1715 377.698 0.00245553 0.00238038 -0.0188036 0.999817
27.5884 -0.429182 -7.41792 388.992 0.00357993 0.003559 -0.0216866 0.999752
