0 -0.00676048 0.0375478 -0.0114098 0.00077108 0.000340319 -0.00744237 0.999972
0.413621 -0.000131567 0.0372627 3.84429 -0.00118732 0.00101453 -0.00607094 0.99998
1.24426 -0.0470034 0.0583983 11.2174 -0.00072726 -0.00241469 -0.00296224 0.999992
2.37863 -0.22675 0.0375169 21.111 0.00118331 -0.00988459 -0.00339167 0.999945
3.20657 -0.441901 0.0223882 27.8386 0.000486747 -0.0134148 -0.00413021 0.999901
3.62072 -0.55865 0.000168314 30.9682 0.00103448 -0.0164553 -0.00452994 0.999854
4.34597 -0.809515 0.00289186 36.0971 -0.00139425 -0.0229548 -0.00800656 0.999703
5.5881 -1.17442 0.00865075 43.6673 -0.00481035 -0.0046782 -0.0258254 0.999644
6.93443 -0.916909 0.00880462 48.924 -0.00273718 0.0478115 -0.0396885 0.998064
8.28392 -0.054328 -0.0697661 52.233 0.0049031 0.177248 -0.0449329 0.983128
9.63008 2.66343 -0.306984 55.2015 0.0151801 0.443034 -0.0462518 0.895182
10.563 6.64694 -0.600454 56.4395 0.0228271 0.639519 -0.0335629 0.767703
11.3859 11.2438 -0.931053 56.5574 0.0341066 0.708514 -0.0233997 0.704484
12.3145 17.3131 -1.36358 56.3895 0.0370067 0.717943 -0.0172301 0.694904
13.5549 26.171 -2.03255 56.3304 0.0417643 0.705685 -0.017106 0.707087
15.0029 36.4604 -2.84328 56.7165 0.0414046 0.690169 -0.0172574 0.722256
16.2443 45.6667 -3.61684 57.412 0.0430512 0.672444 -0.0317096 0.738214
17.0734 52.1142 -4.25385 58.3154 0.0320961 0.650557 -0.0330678 0.758058
18.624 63.1846 -5.30695 60.5892 0.0322992 0.628307 -0.0425675 0.776128
19.5577 68.8874 -5.88439 61.8555 0.03235 0.631092 -0.0430654 0.773835
20.4876 73.9353 -6.38697 62.8506 0.0352403 0.638114 -0.0396788 0.768111
21.9362 81.937 -7.15829 64.7952 0.0347338 0.59962 -0.0425808 0.798396
22.9695 88.5362 -7.76325 67.2283 0.0294598 0.55814 -0.0258201 0.828822
24.5224 98.733 -8.74488 72.0638 0.0333443 0.524166 -0.0337318 0.850294
26.1778 107.418 -9.68048 76.8292 0.0416239 0.501132 -0.0280116 0.863915
27.2106 112.331 -10.2672 80.099 0.0288082 0.470145 -0.0475432 0.880837
28.141 117.274 -10.7793 83.9022 0.0226029 0.436012 -0.0586555 0.897743
29.0736 122.791 -11.3463 88.6552 0.0238549 0.412964 -0.0456627 0.909289
30.5201 131.69 -12.1999 97.1553 0.0236591 0.375939 -0.0343645 0.925705
31.6617 138.577 -12.8785 104.685 0.0240579 0.363048 -0.0281943 0.931033
32.1766 141.767 -13.1945 108.185 0.019318 0.370519 -0.0332877 0.928027
32.9023 146.262 -13.6331 112.867 0.0191119 0.385572 -0.0394594 0.921636
33.624 150.825 -14.0653 117.249 0.0241722 0.401193 -0.0369897 0.914927
34.2447 154.876 -14.4712 120.857 0.0246994 0.422404 -0.0434773 0.905027
35.0749 160.799 -15.0145 125.472 0.0250901 0.454692 -0.042483 0.889281
35.9 167.079 -15.6101 129.767 0.0218188 0.479537 -0.0358842 0.876516
36.8307 173.514 -16.1913 133.801 0.0269499 0.492183 -0.0339833 0.869411
37.7617 179.492 -16.7236 137.373 0.0197413 0.503509 -0.0369456 0.862974
38.6927 184.925 -17.192 140.375 0.0276782 0.521464 -0.0393822 0.851914
39.728 191.239 -17.7976 143.355 0.0297136 0.553383 -0.0536754 0.830665
40.4521 196.318 -18.304 145.331 0.0253304 0.574896 -0.04524 0.816582
40.9694 200.219 -18.6812 146.64 0.0426594 0.584679 -0.0445832 0.808915
41.9002 208.013 -19.5727 149.021 0.038687 0.603257 -0.0436598 0.795411
42.5206 213.524 -20.2347 150.488 0.0427312 0.613156 -0.0402857 0.787776
44.0716 227.301 -21.8107 153.82 0.0374714 0.625711 -0.0406955 0.778091
45.0031 235.721 -22.6903 155.555 0.0346485 0.639924 -0.0420713 0.766503
46.0374 244.974 -23.6944 157.165 0.0286881 0.653349 -0.0485638 0.754952
46.5545 249.533 -24.1774 157.78 0.0301658 0.662506 -0.0448335 0.747105
46.9682 253.095 -24.5833 158.19 0.0382236 0.66956 -0.0534775 0.739844
47.5889 258.435 -25.1909 158.684 0.0242267 0.683879 -0.0526159 0.727292
48.5195 266.43 -26.0376 158.975 0.0326388 0.702314 -0.0519531 0.709219
50.1727 280.19 -27.5738 159.119 0.0341896 0.698281 -0.0425193 0.713741
51.3097 287.898 -28.3815 159.535 0.030155 0.683736 -0.0481884 0.727512
52.6546 295.099 -29.1831 160.219 0.028644 0.670026 -0.0561999 0.739653
54.5163 304.805 -30.3182 161.137 0.0407525 0.678975 -0.0546996 0.730985
55.654 312.251 -31.2338 161.683 0.0454093 0.685386 -0.0630211 0.724025
57.3076 325.027 -32.933 162.378 0.0481858 0.683505 -0.0526708 0.726446
58.1339 332.114 -33.8696 162.942 0.0484358 0.675064 -0.0537122 0.734205
58.7537 337.61 -34.5607 163.448 0.047621 0.671529 -0.0524979 0.73758
60.3036 351.249 -36.3476 164.8 0.0450989 0.668841 -0.0522073 0.740198
60.9233 356.644 -37.0305 165.376 0.0572415 0.661054 -0.0506065 0.746438
62.1629 367.3 -38.4767 167.163 0.0488865 0.631888 -0.053358 0.771674
63.1962 376.025 -39.7078 169.404 0.0451742 0.606769 -0.0555916 0.791644
64.6423 388.091 -41.2384 173.32 0.0359648 0.585138 -0.0629782 0.807684
65.9852 398.7 -42.5793 176.941 0.0375371 0.585205 -0.0636904 0.807508
67.4314 410.367 -44.0718 180.917 0.0446256 0.58334 -0.0545184 0.809166
69.3944 425.972 -46.0019 186.388 0.0441137 0.586012 -0.0553603 0.807205
71.2554 438.945 -47.7679 190.649 0.0421128 0.585581 -0.051082 0.807906
73.4251 451.235 -49.4295 195.022 0.0384921 0.57589 -0.0538599 0.814843
74.7693 456.467 -50.1889 196.962 0.0369716 0.579269 -0.0529934 0.812572
76.9389 462.375 -50.9269 199.238 0.0340113 0.544212 -0.058802 0.836193
78.801 466.924 -51.5574 201.639 0.038598 0.564989 -0.0662903 0.821525
80.6584 470.706 -52.0845 202.993 0.0416739 0.538795 -0.0597789 0.83928
