1563003603.74419498 0.87299992 0.02599999 0.67999996 -0.39498343 0.40598227 -0.59997466 0.56497512
1563003603.81071091 0.91665443 0.02630230 0.68188762 -0.39440507 0.40646957 -0.60055478 0.56441216
1563003604.74462891 1.42163613 -0.03684760 0.68108433 -0.39180538 0.40980469 -0.60485424 0.55919586
1563003605.64480090 2.06134385 -0.10571850 0.68367721 -0.38698816 0.41338421 -0.61167391 0.55245695
1563003606.41190696 2.69861750 -0.19058777 0.68631831 -0.38435736 0.41540677 -0.61733618 0.54644550
1563003607.31239891 3.42093204 -0.27472192 0.68717035 -0.38430514 0.41674120 -0.61672173 0.54615991
1563003608.01269603 3.98861076 -0.32806866 0.69040094 -0.38648856 0.41448394 -0.61208859 0.55152264
1563003608.61305094 4.48004546 -0.37191961 0.68793052 -0.38565897 0.41358049 -0.61059660 0.55442775
1563003609.11330009 4.89498183 -0.41761799 0.69006797 -0.38532185 0.41372463 -0.61231842 0.55265283
1563003609.64668489 5.36429000 -0.48132791 0.69410434 -0.38238970 0.41710295 -0.61333128 0.55102448
1563003610.21361709 5.87400862 -0.56597215 0.69466714 -0.38122724 0.41910363 -0.61618294 0.54711655
1563003610.74728203 6.37570645 -0.65109695 0.68907891 -0.38103887 0.41776999 -0.61777337 0.54647386
1563003611.28087711 6.87872743 -0.71979811 0.68624660 -0.38259772 0.41640261 -0.61624446 0.54815200
1563003611.81446695 7.38170186 -0.77216239 0.68636852 -0.38377710 0.41538580 -0.61441007 0.55015457
1563003612.31470394 7.85778041 -0.80113998 0.68801714 -0.38604153 0.41452199 -0.61272466 0.55110067
1563003612.81491709 8.33802090 -0.83972700 0.68658243 -0.38799839 0.41503335 -0.61087225 0.55139792
1563003613.38179588 8.89113445 -0.91009123 0.67617471 -0.39033274 0.41528055 -0.60942216 0.55116880
1563003613.94859600 9.44116164 -0.96594430 0.67684643 -0.38986631 0.41525698 -0.60914504 0.55182264
1563003614.54878402 10.00955881 -1.05669791 0.67331216 -0.38898225 0.41547934 -0.60909828 0.55233052
1563003615.18244910 10.60984789 -1.12165063 0.67642828 -0.38504929 0.41764449 -0.61150837 0.55078820
1563003615.68273211 11.09113998 -1.16927072 0.67354634 -0.38630546 0.41779453 -0.61186013 0.54940241
1563003616.24982905 11.64421973 -1.22033353 0.67208079 -0.38660383 0.41931976 -0.61221528 0.54763206
1563003616.84985995 12.21910822 -1.29681183 0.67162366 -0.38561199 0.41868201 -0.61186471 0.54920884
1563003617.28375411 12.62789083 -1.35066172 0.67390523 -0.38745463 0.41838574 -0.60970778 0.55053492
1563003617.78405404 13.09410536 -1.41034693 0.67318410 -0.38471048 0.41801584 -0.61085888 0.55146354
1563003618.18405509 13.46950301 -1.45878723 0.67302227 -0.38570780 0.41797666 -0.61098254 0.55065902
1563003618.55077505 13.81688523 -1.50365832 0.67522723 -0.38509445 0.41864618 -0.61329163 0.54800641
1563003618.88424397 14.13962647 -1.56889681 0.67411889 -0.38095011 0.42231041 -0.61626363 0.54474771
1563003619.21747398 14.46814339 -1.63818642 0.66700611 -0.37758108 0.42544730 -0.62238006 0.53765248
1563003619.51772308 14.77002777 -1.72770608 0.66618630 -0.37146859 0.43155002 -0.63124027 0.52660363
1563003619.88461804 15.13192044 -1.88022420 0.66650960 -0.35494309 0.44350671 -0.64776407 0.50766024
1563003620.15121603 15.37817818 -2.00929459 0.66475568 0.34338690 -0.45238510 0.66237040 -0.48856793
1563003620.38476205 15.58367802 -2.14204212 0.66557756 0.33001954 -0.46189002 0.67651691 -0.46911575
1563003620.58469296 15.75208581 -2.27239253 0.66580905 0.31682042 -0.47085259 0.68781541 -0.45258438
1563003620.78487492 15.91006697 -2.41351011 0.66820779 0.30438907 -0.47942307 0.69874734 -0.43503214
1563003621.01816201 16.09208991 -2.58254788 0.67129251 0.29003695 -0.48736056 0.71338099 -0.41163796
1563003621.21809292 16.22953584 -2.74227578 0.67539971 0.27563051 -0.49451166 0.72496382 -0.39231811
1563003621.41823792 16.36901266 -2.92621434 0.67064742 0.26186147 -0.50080229 0.73752205 -0.36971186
1563003621.61818004 16.48929807 -3.10821091 0.67233356 0.24734220 -0.50670021 0.74898771 -0.34798583
1563003621.81836605 16.59243519 -3.29420295 0.67772011 0.23237739 -0.51332489 0.75929994 -0.32551791
1563003622.01830792 16.68376990 -3.48790955 0.67948617 0.21406265 -0.51920529 0.76988544 -0.30311623
1563003622.21825099 16.76388888 -3.71136520 0.68511367 0.19728469 -0.52545846 0.78003999 -0.27660401
1563003622.41846704 16.82901200 -3.93231007 0.68379381 0.17592080 -0.53236293 0.78968330 -0.24908206
1563003622.61840892 16.87094362 -4.16392516 0.69086313 0.15475191 -0.53872056 0.79855763 -0.21940309
1563003622.81853604 16.89942031 -4.38364842 0.69223683 0.13294748 -0.54572691 0.80540085 -0.18930550
1563003623.01847911 16.90880423 -4.61356753 0.69669581 0.11297568 -0.55160417 0.81144508 -0.15660847
1563003623.18505311 16.90170866 -4.79314054 0.69967932 0.09390802 -0.55558596 0.81586516 -0.12988289
1563003623.38527393 16.88429535 -5.01087269 0.70343088 0.07374135 -0.56003824 0.81886093 -0.10191255
1563003623.61850309 16.87868052 -5.25278247 0.70495751 0.05716991 -0.56352076 0.82022355 -0.08005803
1563003624.18448806 16.96339041 -5.84551301 0.71008872 0.05358444 -0.56382062 0.82056348 -0.07688041
1563003624.78474307 17.04704157 -6.48672880 0.71886711 0.04636660 -0.56433545 0.82143947 -0.06791784
1563003625.28525996 17.07032686 -7.03733257 0.71769112 0.03274805 -0.56607297 0.82233609 -0.04745849
1563003625.85246301 17.06793061 -7.64925110 0.72185533 0.01698681 -0.56599779 0.82375996 -0.02788316
1563003626.38599610 17.06557318 -8.23738425 0.72951309 0.00831781 -0.56643451 0.82395010 -0.01374754
1563003626.85297799 17.04987717 -8.74111476 0.73862045 0.00053861 -0.56676539 0.82385618 -0.00614043
1563003627.25304794 17.04056682 -9.17430609 0.74480302 -0.00235625 -0.56797441 0.82303972 -0.00226761
1563003627.61987090 17.03581917 -9.57673621 0.74582138 -0.00484668 -0.56918355 0.82219620 -0.00007873
1563003628.01998901 17.03153225 -10.01814252 0.74397774 -0.00563073 -0.56913009 0.82222682 0.00151618
1563003628.45354390 17.03038639 -10.50393827 0.75074954 -0.00409062 -0.56883774 0.82243754 -0.00184116
1563003628.85401297 17.03700506 -10.95091490 0.75250064 0.00045452 -0.56974792 0.82179409 -0.00644765
1563003629.22087693 17.05135678 -11.37165970 0.75271771 0.00192604 -0.56901075 0.82225195 -0.01117139
1563003629.65440011 17.08366270 -11.86841909 0.75049477 0.00493261 -0.56939516 0.82193679 -0.01359176
1563003630.15458012 17.09930079 -12.44905630 0.75651730 0.00637967 -0.56984945 0.82153632 -0.01757788
1563003630.52147102 17.13222295 -12.85867128 0.75554986 0.00793132 -0.57024721 0.82122684 -0.01848514
1563003631.05509496 17.14469787 -13.48806988 0.75170946 0.00617974 -0.57016496 0.82136393 -0.01533050
1563003631.52211094 17.14749729 -14.02303541 0.75248562 0.00206955 -0.57010642 0.82145899 -0.01339818
1563003631.98894191 17.15040687 -14.56014214 0.74854857 -0.00019710 -0.57066584 0.82111727 -0.01033893
1563003632.45600700 17.14706993 -15.09286901 0.74051066 0.00028155 -0.57152929 0.82054907 -0.00730818
1563003632.92324901 17.14307945 -15.62218896 0.73766694 -0.00057067 -0.57238137 0.81997506 -0.00448736
1563003633.32346296 17.15539068 -16.07377181 0.73791207 -0.00498561 -0.57381535 0.81896001 -0.00394858
1563003633.68995690 17.18351331 -16.47828860 0.74103454 -0.00740063 -0.57513557 0.81802443 0.00057611
1563003634.12351108 17.18257793 -16.97515536 0.73328169 -0.00635758 -0.57535939 0.81787596 -0.00025203
1563003634.49034595 17.17861536 -17.40073025 0.72350571 -0.00459917 -0.57393195 0.81888994 -0.00047598
1563003634.79065490 17.18201113 -17.73690577 0.71730410 -0.00286495 -0.57454396 0.81846856 -0.00049299
1563003635.12411594 17.18595812 -18.11621733 0.71490271 -0.00399670 -0.57413979 0.81874718 -0.00076742
1563003635.42436910 17.17670146 -18.45398507 0.71210557 -0.00581085 -0.57477275 0.81828824 -0.00262191
1563003635.72432399 17.17804257 -18.79597487 0.70642016 -0.00558399 -0.57446826 0.81850487 -0.00219396
1563003636.02447295 17.17666607 -19.13725755 0.70200879 -0.00531645 -0.57536880 0.81787298 -0.00250440
1563003636.35807705 17.17148812 -19.51841098 0.69416167 -0.00470797 -0.57552240 0.81776571 -0.00332502
1563003636.72480297 17.17311069 -19.95864666 0.69439861 -0.00380445 -0.57689044 0.81680880 -0.00251443
1563003637.05846405 17.16295415 -20.34854682 0.68637357 -0.00401683 -0.57565314 0.81767918 -0.00284293
1563003637.45861292 17.15050111 -20.81072905 0.68118533 -0.00538090 -0.57619454 0.81729264 -0.00191001
1563003637.85891294 17.14263127 -21.27056527 0.67148634 -0.00707618 -0.57687961 0.81679807 -0.00086843
1563003638.19210792 17.13176883 -21.65161087 0.66191195 -0.00721454 -0.57779844 0.81614499 0.00206666
1563003638.52568102 17.11792467 -22.03478816 0.65210678 -0.00704300 -0.57901507 0.81527704 0.00391076
1563003638.82584500 17.11277201 -22.37668692 0.64381992 -0.00842315 -0.57886354 0.81535630 0.00633654
1563003639.15917897 17.09298065 -22.75729871 0.63547226 -0.01029880 -0.57867588 0.81545997 0.00729366
1563003639.59264803 17.06658168 -23.27223360 0.62385313 -0.01201671 -0.57889535 0.81525223 0.00997866
1563003640.12627411 17.04279660 -23.91154735 0.60534952 -0.01417181 -0.58194542 0.81303303 0.01076936
1563003640.59343600 17.04139233 -24.47931458 0.58616793 -0.01643597 -0.58326012 0.81195104 0.01652258
1563003640.96058798 17.03179735 -24.92402662 0.57106498 -0.01855083 -0.58236782 0.81243211 0.02139272
1563003641.46102500 16.99144622 -25.50633716 0.55392775 -0.01800832 -0.58283719 0.81200125 0.02510942
1563003641.86140203 16.95682800 -25.96643231 0.53952800 -0.01756415 -0.58301485 0.81183092 0.02675321
1563003642.26147294 16.92596566 -26.42066567 0.52159115 -0.01860433 -0.58314801 0.81172886 0.02623983
1563003642.59505105 16.91238804 -26.79560571 0.50513027 -0.01746572 -0.58370799 0.81135330 0.02618683
1563003642.96170807 16.88241900 -27.20124293 0.49216266 -0.01493861 -0.58526849 0.81045226 0.02011892
1563003643.29487991 16.85819767 -27.56287122 0.48420344 -0.01229988 -0.58476663 0.81098014 0.01441929
1563003643.59509301 16.85724331 -27.90505230 0.46927076 -0.00954036 -0.58526576 0.81070146 0.01166637
1563003643.89529490 16.85150953 -28.23556097 0.45699636 -0.00678138 -0.58559067 0.81054668 0.00718655
1563003644.19535398 16.86141384 -28.57011825 0.44413098 -0.00121129 -0.58403365 0.81172390 0.00274441
1563003644.52899408 16.87239359 -28.94002147 0.43355298 0.00217656 -0.58361916 0.81201886 -0.00305118
1563003644.92925596 16.90353189 -29.39435581 0.41870739 0.00651515 -0.58435809 0.81142408 -0.00861044
1563003645.39636111 16.93116814 -29.94994403 0.39189539 0.01187609 -0.58519464 0.81066141 -0.01530577
1563003645.83005500 16.97064635 -30.42844943 0.37647651 0.01710580 -0.58494904 0.81051232 -0.02473464
1563003646.23016000 17.03685018 -30.86705994 0.36154466 0.02477787 -0.58530852 0.80973183 -0.03368040
1563003646.56385708 17.09045176 -31.23497879 0.34506364 0.02705331 -0.58661945 0.80845665 -0.03928846
1563003646.89757395 17.14551274 -31.60415323 0.32537351 0.02948102 -0.58906893 0.80638944 -0.04318263
1563003647.23096609 17.18774373 -31.96713900 0.31028227 0.03288731 -0.58873997 0.80625679 -0.04747275
1563003647.69799495 17.24209891 -32.52138199 0.28980866 0.03180175 -0.58803951 0.80663381 -0.05039921
1563003648.23158097 17.29776189 -33.15453179 0.26384577 0.03382188 -0.58879818 0.80621653 -0.04677270
1563003648.73167992 17.32895315 -33.72379828 0.25251250 0.03115516 -0.59171250 0.80441274 -0.04272947
1563003649.13194990 17.35823359 -34.17809235 0.24099732 0.02819086 -0.59494666 0.80230010 -0.03947526
1563003649.56543398 17.38788740 -34.66814235 0.21907906 0.02642149 -0.59737719 0.80072451 -0.03581426
1563003649.96558905 17.42207057 -35.10495909 0.19074281 0.02436539 -0.59882200 0.79975184 -0.03486445
1563003650.36578894 17.44953611 -35.52215726 0.15918238 0.02433972 -0.60062755 0.79852966 -0.03169392
1563003650.73235202 17.47930848 -35.89413839 0.13315979 0.02317774 -0.60253271 0.79718741 -0.03015565
1563003651.06581497 17.50533806 -36.22606924 0.10902284 0.02231886 -0.60301924 0.79692501 -0.02793193
1563003651.36594105 17.53731232 -36.52645325 0.08144320 0.02155954 -0.60472567 0.79574776 -0.02505094
1563003651.73257399 17.56277449 -36.87394374 0.05075801 0.02045569 -0.60376528 0.79661651 -0.02124136
1563003652.09935498 17.58882588 -37.16126354 0.03094109 0.01837582 -0.60474854 0.79600235 -0.01793859
1563003652.39945102 17.60193411 -37.38642562 0.01618066 0.01774432 -0.60456249 0.79612549 -0.01932725
1563003652.69935799 17.62326621 -37.62688051 -0.00196723 0.01896128 -0.60445697 0.79615589 -0.02020011
1563003652.99977899 17.64270527 -37.88375319 -0.02347935 0.01982995 -0.60472760 0.79591440 -0.02077442
1563003653.29977894 17.68044002 -38.15556847 -0.04377873 0.02067877 -0.60543119 0.79536738 -0.02040095
1563003653.63330889 17.70787924 -38.46875753 -0.06956790 0.02135546 -0.60825082 0.79317576 -0.02114478
1563003653.93344402 17.71216225 -38.74866786 -0.09372187 0.02059116 -0.60887188 0.79271779 -0.02120269
1563003654.20011091 17.73138922 -38.99397314 -0.11421053 0.01705764 -0.60972505 0.79220862 -0.01870593
1563003654.43356895 17.74861911 -39.20676597 -0.13183475 0.01471508 -0.61006763 0.79204035 -0.01652358
1563003654.66708899 17.75675630 -39.42639516 -0.15580987 0.01560680 -0.61031833 0.79185085 -0.01549804
1563003654.96731710 17.76390549 -39.70503347 -0.18315856 0.01628686 -0.60976410 0.79227838 -0.01474616
1563003655.23382211 17.77024305 -39.95693293 -0.21130699 0.01568663 -0.61053108 0.79171064 -0.01414182
1563003655.46756506 17.79480719 -40.17454693 -0.23233986 0.01521461 -0.61075567 0.79158329 -0.01191270
1563003655.73404598 17.80023893 -40.41449162 -0.25805671 0.01528657 -0.61103317 0.79137175 -0.01164217
1563003656.00110507 17.80821065 -40.64917030 -0.28439568 0.01473127 -0.61091983 0.79147111 -0.01155146
1563003656.36746907 17.81097332 -40.96414066 -0.31603310 0.01534488 -0.61100513 0.79138590 -0.01206710
1563003656.66754007 17.82322035 -41.21363862 -0.34357032 0.01512949 -0.60969282 0.79241645 -0.01104262
1563003656.96834707 17.82750948 -41.45161798 -0.36904540 0.01510310 -0.60948280 0.79258149 -0.01082568
1563003657.26832509 17.83907397 -41.68885694 -0.39245122 0.01567409 -0.60886816 0.79306527 -0.00902053
1563003657.60201693 17.84250497 -41.95493695 -0.42427176 0.01317732 -0.60962739 0.79254599 -0.00718705
1563003657.90236902 17.85764962 -42.18831697 -0.44836169 0.01053577 -0.60932248 0.79284669 -0.00304103
1563003658.36926103 17.88367842 -42.58106915 -0.48157359 0.00535355 -0.61087665 0.79170568 0.00178284
1563003658.83588195 17.91124451 -42.97922181 -0.51941612 0.00002344 -0.61207211 0.79076862 0.00726038
1563003659.26943803 17.90193528 -43.33631554 -0.55500631 -0.00227059 -0.61257498 0.79035107 0.00958763
1563003659.66951990 17.88327578 -43.65938985 -0.58684184 -0.00520629 -0.61258877 0.79032076 0.01004929
1563003660.06954908 17.86538350 -43.97724328 -0.62444974 -0.00685220 -0.61407642 0.78914574 0.01059227
1563003660.43625998 17.84978868 -44.25892853 -0.65941872 -0.00742044 -0.61579711 0.78779916 0.01055168
1563003660.80283499 17.82891704 -44.51073573 -0.68712696 -0.00834906 -0.61741791 0.78652169 0.01044272
1563003661.13597798 17.81295193 -44.72793982 -0.71395274 -0.00855905 -0.61767543 0.78632337 0.00996785
1563003661.50293112 17.79774338 -44.96318143 -0.73491020 -0.00930443 -0.61701667 0.78683407 0.00979783
1563003661.83621907 17.78434025 -45.17273574 -0.75895066 -0.00910983 -0.61800480 0.78607003 0.00899953
1563003662.13641095 17.77967899 -45.36042387 -0.78181976 -0.00926726 -0.61785753 0.78615912 0.01095550
1563003662.76957607 17.77453405 -45.50520177 -0.80106031 -0.01044489 -0.61788435 0.78611297 0.01167209
1563003663.40358400 17.77387289 -45.53271541 -0.80096879 -0.01064356 -0.61796963 0.78604416 0.01161152
1563003664.50434995 17.77062887 -45.64616336 -0.81697045 -0.01077301 -0.61809046 0.78592775 0.01287219
1563003665.37149596 17.75672678 -45.94847840 -0.85782225 -0.01092625 -0.61816639 0.78579201 0.01678851
1563003665.83853507 17.73671152 -46.17807632 -0.88631438 -0.01387245 -0.61805715 0.78570309 0.02199026
1563003666.40575194 17.70633532 -46.53106767 -0.92894067 -0.01733927 -0.61849082 0.78512109 0.02744691
1563003666.80580997 17.67546520 -46.82293857 -0.96610148 -0.02131805 -0.61777228 0.78540604 0.03225391
1563003667.10607004 17.65189984 -47.06701577 -1.00049027 -0.02465779 -0.61773794 0.78513732 0.03675893
1563003667.40621090 17.62385979 -47.34090450 -1.03913687 -0.02668391 -0.61823713 0.78439211 0.04242451
1563003667.67275000 17.60329704 -47.60186080 -1.07293083 -0.02664425 -0.61943678 0.78329559 0.04512413
1563003668.07286406 17.57429069 -48.01653247 -1.12994852 -0.02478936 -0.62074832 0.78248699 0.04208473
1563003668.43981600 17.56524371 -48.38790280 -1.17631061 -0.01889701 -0.62045187 0.78329731 0.03358135
1563003668.80653000 17.56838259 -48.74150179 -1.21878708 -0.01262270 -0.62144039 0.78302642 0.02285010
1563003669.20660591 17.58393923 -49.10259661 -1.26421932 -0.00435034 -0.62226058 0.78271285 0.01155158
1563003669.57317400 17.60557790 -49.43044792 -1.30610627 0.00249698 -0.62249553 0.78261781 0.00156046
1563003669.93998098 17.63487130 -49.76193218 -1.35157233 0.00870305 -0.62381990 0.78147080 -0.00873904
1563003670.30656695 17.66470039 -50.10086241 -1.39578093 0.01257066 -0.62508245 0.78031640 -0.01483984
1563003670.70657897 17.68225484 -50.47309091 -1.44834131 0.01395521 -0.62581275 0.77966228 -0.01704075
1563003671.00684500 17.69218438 -50.75828293 -1.48350715 0.01172581 -0.62661053 0.77913239 -0.01320843
1563003671.34021401 17.68226070 -51.06726741 -1.52059715 0.00720924 -0.62639300 0.77941598 -0.00951710
1563003671.74075389 17.66810258 -51.47410534 -1.58556858 0.00243514 -0.62657319 0.77935869 -0.00037097
1563003672.14132595 17.63925860 -51.86378457 -1.64004931 -0.00207014 -0.62774678 0.77836441 0.00886180
1563003672.50872302 17.60492753 -52.22143808 -1.69440695 -0.00911769 -0.62836024 0.77763216 0.01919635
1563003672.87582493 17.55786484 -52.57484022 -1.74344793 -0.01709870 -0.62742698 0.77782928 0.03200980
1563003673.24258590 17.51032979 -52.92509553 -1.79284146 -0.02563541 -0.62720052 0.77694514 0.04815168
1563003673.64281702 17.46068685 -53.30017643 -1.84120518 -0.03144842 -0.62790291 0.77548618 0.05805271
1563003674.07641101 17.41855901 -53.71134744 -1.89924737 -0.03279759 -0.62917145 0.77442418 0.05774760
1563003674.47657704 17.39617174 -54.09055760 -1.95835645 -0.02812673 -0.63178196 0.77278396 0.05352931
1563003674.84331393 17.38959559 -54.43561256 -2.00896675 -0.02438408 -0.63268001 0.77268245 0.04564261
1563003675.27721596 17.38269073 -54.84362635 -2.07205690 -0.01627003 -0.63310195 0.77323610 0.03198642
1563003675.71095300 17.40931689 -55.24719087 -2.13876436 -0.00475823 -0.63374339 0.77346082 0.01024850
1563003676.07789493 17.44975240 -55.58709472 -2.19728556 0.00698329 -0.63553975 0.77198694 -0.00875360
1563003676.37796688 17.49619993 -55.87137485 -2.24745280 0.01511650 -0.63580239 0.77137362 -0.02257342
1563003676.64444900 17.52316068 -56.13404483 -2.28981222 0.01904858 -0.63624900 0.77066669 -0.02995370
1563003677.01136899 17.55848458 -56.51558704 -2.34967377 0.02031574 -0.63561810 0.77105178 -0.03249702
1563003677.51150107 17.58085150 -57.00200507 -2.43095989 0.02022975 -0.63568159 0.77111502 -0.02968678
1563003677.94509697 17.58631901 -57.40761141 -2.49792687 0.01725776 -0.63691677 0.77030603 -0.02584221
1563003678.37842011 17.59112732 -57.80260094 -2.56604664 0.01099696 -0.63691993 0.77068437 -0.01605206
1563003678.91223693 17.57054203 -58.25917942 -2.64755586 0.00649207 -0.63702267 0.77080896 -0.00367533
1563003679.51240611 17.53332067 -58.66155403 -2.71917084 0.00055038 -0.63709895 0.77074977 0.00702967
1563003680.14611793 17.48891490 -59.05768081 -2.78720440 -0.00527811 -0.63833047 0.76956343 0.01668743
1563003680.94632602 17.43850946 -59.44432648 -2.85878811 -0.01225156 -0.64045808 0.76737227 0.02833969
1563003681.27940512 17.40891318 -59.61369509 -2.89015328 -0.01638775 -0.64111102 0.76642866 0.03598915
1563003681.54636002 17.38581703 -59.74989522 -2.91325274 -0.01993497 -0.64183002 0.76539913 0.04267324
1563003681.77974010 17.35499409 -59.86706362 -2.93449741 -0.02576091 -0.64203093 0.76455957 0.05080673
1563003682.04688692 17.30181152 -60.00027996 -2.95953495 -0.03589586 -0.64096026 0.76369605 0.06818923
1563003682.24700403 17.23179991 -60.09633345 -2.97506894 -0.04845374 -0.63906916 0.76226435 0.09053123
1563003682.44746900 17.14408967 -60.18249472 -2.98953995 -0.06322216 -0.63644866 0.75969942 0.11744302
1563003682.68091893 17.03707926 -60.27761480 -3.00546306 -0.08143816 -0.63286830 0.75520107 0.15005627
1563003682.98125410 16.88880739 -60.38584205 -3.02433207 -0.10508237 -0.62732280 0.74782836 0.19020133
1563003683.24801397 16.75102615 -60.47611669 -3.04164359 -0.12412671 -0.62026230 0.74027632 0.22772397
1563003683.51487398 16.59407073 -60.53951691 -3.05273742 -0.14698398 -0.61162710 0.72912950 0.26958889
1563003683.78165698 16.41175230 -60.57434028 -3.05962960 -0.17367842 -0.59909113 0.71370526 0.31866977
1563003683.94873405 16.29434871 -60.58435953 -3.06192689 -0.19320159 -0.58973693 0.70247705 0.34843864
1563003684.11535501 16.18538991 -60.59151195 -3.06381801 -0.20976394 -0.58081669 0.69012684 0.37732745
1563003684.34867692 16.03071737 -60.58674361 -3.06372331 -0.23112202 -0.56722262 0.67416013 0.41273386
1563003684.58230901 15.88245507 -60.57876921 -3.06256265 -0.24766728 -0.55358338 0.65895247 0.44495843
1563003684.78247190 15.75764686 -60.57849386 -3.06349332 -0.25915901 -0.54409405 0.64866582 0.46479127
1563003685.01622200 15.61697287 -60.59936531 -3.06719613 -0.26706499 -0.53694577 0.64227107 0.47733993
1563003685.31629300 15.44230307 -60.63757016 -3.07441317 -0.27313795 -0.53073604 0.63672729 0.48815291
1563003685.61653900 15.26873639 -60.67299429 -3.07881035 -0.27725120 -0.52518952 0.63020472 0.50014974
1563003685.88316011 15.11013418 -60.69179978 -3.08066394 -0.28366714 -0.51852005 0.62349469 0.51178539
1563003686.11677504 14.97047128 -60.70305679 -3.08309315 -0.28956494 -0.51333575 0.61609377 0.52255814
1563003686.35008502 14.82801636 -60.68932121 -3.08014371 -0.29957642 -0.50393480 0.60412753 0.53975329
1563003686.58351803 14.67904709 -60.64792772 -3.07424437 -0.31332918 -0.49063741 0.58791570 0.56165371
1563003686.85013795 14.51341938 -60.59118563 -3.06270508 -0.32868131 -0.47412105 0.56853320 0.58647065
1563003687.18396401 14.31104665 -60.51185667 -3.04534291 -0.34674518 -0.45289149 0.54436420 0.61508105
1563003687.45107007 14.14181936 -60.44150263 -3.03196625 -0.35827465 -0.43753667 0.52567493 0.63550515
1563003687.78465891 13.91194973 -60.33897914 -3.01144489 -0.37150185 -0.41762747 0.50394004 0.65849686
1563003688.35156894 13.48195672 -60.18190025 -2.97794459 -0.38426301 -0.39689270 0.48131144 0.68055669
1563003688.71864700 13.17170245 -60.15227345 -2.97093664 -0.37857340 -0.40461258 0.49268317 0.67099489
1563003688.98565793 12.94085278 -60.15683321 -2.97032321 -0.37244805 -0.41401735 0.50435022 0.65992646
1563003689.28571701 12.67978149 -60.16627510 -2.97128262 -0.36612810 -0.42435233 0.51603801 0.64775001
1563003689.61930895 12.38220920 -60.18972107 -2.97346438 -0.35752601 -0.43576643 0.52997529 0.63356843
1563003689.95293188 12.07874562 -60.22071563 -2.98199272 -0.35002622 -0.44617780 0.54185648 0.62032134
1563003690.28607988 11.76802245 -60.24214624 -2.98183414 -0.34594854 -0.45161308 0.54914876 0.61220983
1563003690.65280008 11.40570499 -60.26555119 -2.98221246 -0.34481616 -0.45345541 0.55230344 0.60863857
1563003691.05304599 11.00452194 -60.27816004 -2.98305675 -0.34242206 -0.45525847 0.55500666 0.60618022
1563003691.42003107 10.63073388 -60.29117980 -2.98405985 -0.34211615 -0.45608257 0.55605631 0.60476989
1563003691.78671002 10.24814372 -60.29288285 -2.98106897 -0.34281234 -0.45460347 0.55475981 0.60667696
1563003692.12045288 9.90285399 -60.29103567 -2.97867574 -0.34417229 -0.45202369 0.55312465 0.60932187
1563003692.48741007 9.51378041 -60.27681075 -2.97702167 -0.34757447 -0.44897686 0.54945814 0.61294985
1563003692.85404301 9.13210479 -60.26149862 -2.97121965 -0.34951639 -0.44416798 0.54735650 0.61721468
1563003693.25423002 8.72788605 -60.24076820 -2.96290986 -0.35108774 -0.44014815 0.54215243 0.62376097
1563003693.62138796 8.37407480 -60.21181527 -2.95366869 -0.35316946 -0.43612025 0.53748880 0.62942533
1563003693.98845100 8.03604493 -60.17578127 -2.94746433 -0.35815082 -0.43119552 0.53261110 0.63413235
1563003694.35521102 7.70518297 -60.13641574 -2.93574783 -0.36095763 -0.42639685 0.52786071 0.63973307
1563003694.65546393 7.43933600 -60.10472819 -2.92514891 -0.36294570 -0.42202364 0.52433330 0.64439201
1563003694.95569706 7.17356675 -60.06569852 -2.91336752 -0.36489971 -0.41784433 0.52180361 0.64805502
1563003695.25573301 6.89744728 -60.03647018 -2.90469577 -0.36695210 -0.41722609 0.52056832 0.64828788
1563003695.62272000 6.54910242 -60.00693752 -2.89929800 -0.36759268 -0.42058532 0.52174852 0.64479616
1563003695.92289209 6.26893118 -59.99782771 -2.89404497 -0.36768395 -0.42280827 0.52582117 0.63996388
1563003696.25607610 5.97370573 -59.98781166 -2.88947951 -0.36693387 -0.42373350 0.52876821 0.63734892
1563003696.58961701 5.68868311 -59.96976020 -2.88252923 -0.36549233 -0.42383678 0.53082306 0.63639973
1563003696.88962889 5.43819873 -59.95674369 -2.87778765 -0.36457489 -0.42480190 0.53037170 0.63665874
1563003697.22316599 5.16067861 -59.93712918 -2.87232633 -0.36401237 -0.42576861 0.52993281 0.63670032
1563003697.49004602 4.94883648 -59.92161510 -2.86557151 -0.36437639 -0.42580461 0.52949115 0.63683546
1563003697.92329907 4.69671260 -59.90302934 -2.85972714 -0.36385300 -0.42533833 0.52876726 0.63804661
1563003698.62374592 4.51568291 -59.88740337 -2.85279181 -0.36510853 -0.42420746 0.52765540 0.63900201
1563003699.15734291 4.34206959 -59.86748217 -2.84815021 -0.36653777 -0.42214418 0.52517033 0.64159214
1563003699.59084296 4.15518588 -59.84377478 -2.83950405 -0.36836576 -0.41988289 0.52204519 0.64457261
1563003699.99107003 3.94724826 -59.81386467 -2.83211551 -0.37011469 -0.41616623 0.52028801 0.64739568
1563003700.49116611 3.75350104 -59.78913815 -2.82457438 -0.37192769 -0.41399537 0.51859227 0.64910684
1563003702.79200792 3.71051234 -59.78730694 -2.82422350 -0.37174212 -0.41390731 0.51903940 0.64891188
1563003706.26033401 3.70086760 -59.78722096 -2.82533962 -0.37114370 -0.41337194 0.51954878 0.64918800
1563003707.36065793 3.48689840 -59.76883903 -2.81956977 -0.37091660 -0.41567209 0.51949539 0.64789053
1563003707.92727494 3.27269294 -59.75373410 -2.81106171 -0.37043919 -0.41572613 0.52076399 0.64711008
1563003708.26089597 3.10855353 -59.73111374 -2.80672829 -0.37143054 -0.41643874 0.52140570 0.64556504
1563003708.62752700 2.89944723 -59.71877899 -2.80155664 -0.37136286 -0.41718561 0.52123897 0.64525633
1563003708.99463511 2.65726945 -59.70045410 -2.79729052 -0.37090603 -0.41773096 0.52229540 0.64431132
1563003709.29462409 2.43639792 -59.68792059 -2.79701858 -0.36996579 -0.41906863 0.52308373 0.64334299
1563003709.56151295 2.22428526 -59.67424188 -2.79468117 -0.36906216 -0.42092342 0.52532932 0.64081643
1563003709.76149106 2.05639851 -59.66989875 -2.79326113 -0.36757278 -0.42292114 0.52513216 0.64051868
1563003709.96171689 1.88066941 -59.66009015 -2.79001466 -0.36686643 -0.42447509 0.52740095 0.63802677
1563003710.16169405 1.69593800 -59.65195959 -2.78880618 -0.36491797 -0.42636097 0.52937149 0.63625233
1563003710.36177611 1.49952713 -59.64986000 -2.78605523 -0.36389842 -0.42755908 0.53088743 0.63476744
1563003710.56216502 1.29875384 -59.64658742 -2.78864455 -0.36369433 -0.42803339 0.53302556 0.63276979
1563003710.72858810 1.12218335 -59.64538371 -2.79019180 -0.36287479 -0.42978675 0.53419212 0.63106578
1563003710.89560294 0.95453532 -59.64378343 -2.78441261 -0.36312502 -0.43181476 0.53608139 0.62792752
1563003711.09585690 0.74763341 -59.64018789 -2.78191226 -0.36309004 -0.43230150 0.53717538 0.62667667
1563003711.32887793 0.50968140 -59.63842934 -2.77761460 -0.36200550 -0.43434448 0.53908840 0.62424402
1563003711.52905989 0.31674505 -59.64293812 -2.77661898 -0.36174709 -0.43435937 0.54035226 0.62328999
1563003711.76260304 0.09989363 -59.64959632 -2.77951578 -0.36018310 -0.43615105 0.53983128 0.62339601
1563003711.96285510 -0.07732243 -59.65356571 -2.77360086 -0.36152453 -0.43564015 0.54144617 0.62157358
1563003712.19614196 -0.27485574 -59.66152259 -2.77047990 -0.36334445 -0.43571377 0.54212789 0.61986424
1563003712.39612007 -0.43997730 -59.66814295 -2.77260727 -0.36285223 -0.43716538 0.54200526 0.61923742
1563003712.59633899 -0.60565402 -59.67976288 -2.77579809 -0.36374737 -0.43711334 0.54216101 0.61861233
1563003712.79630399 -0.77214208 -59.68778877 -2.78283585 -0.36331212 -0.43854494 0.54260172 0.61746743
1563003713.16316199 -1.10797820 -59.70003996 -2.79210840 -0.36112763 -0.43839406 0.54467353 0.61703179
1563003713.46349192 -1.36142657 -59.71775264 -2.79283244 -0.36052201 -0.43929069 0.54419774 0.61716804
1563003713.76355100 -1.60124676 -59.72745126 -2.79293001 -0.36108959 -0.43794261 0.54289781 0.61893662
1563003714.29701209 -1.92583456 -59.73867145 -2.80046915 -0.36123621 -0.43701305 0.54067537 0.62144842
1563003714.76397991 -2.16943969 -59.74042677 -2.78936621 -0.36405949 -0.43717373 0.53812281 0.62190326
1563003715.29733706 -2.43173996 -59.73169455 -2.78083565 -0.36783046 -0.43755921 0.53431563 0.62269535
1563003715.89743209 -2.67584971 -59.71266980 -2.77968465 -0.36970565 -0.43531669 0.53318217 0.62412650
1563003716.39760494 -2.86667431 -59.69900129 -2.77477273 -0.37445446 -0.43327740 0.52820971 0.62693624
1563003716.86441898 -2.98974922 -59.64060891 -2.76486144 -0.38361336 -0.42335124 0.51281559 0.64080784
1563003717.16454697 -3.04922112 -59.58429070 -2.75819935 -0.39190783 -0.41211070 0.49753043 0.65500878
1563003717.46474910 -3.10991016 -59.52153975 -2.75046743 -0.40016727 -0.40021740 0.48102780 0.66955541
1563003717.73098707 -3.16034203 -59.45919324 -2.74260467 -0.40834490 -0.38725104 0.46587389 0.68282691
1563003717.93095303 -3.18660337 -59.40473596 -2.73531176 -0.41562766 -0.37543350 0.45178717 0.69440024
1563003718.09819508 -3.19833475 -59.35732117 -2.72857560 -0.42150852 -0.36464142 0.43836085 0.70512905
1563003718.29814911 -3.20474016 -59.29927782 -2.71983747 -0.42867461 -0.35051728 0.42047322 0.71873360
1563003718.46499395 -3.20602726 -59.24392493 -2.71212068 -0.43528860 -0.33611999 0.40372014 0.73113421
1563003718.66484404 -3.20182030 -59.17007932 -2.70080321 -0.44447548 -0.31745050 0.38023080 0.74638547
1563003718.83108091 -3.19226423 -59.10127772 -2.68961661 -0.45146031 -0.29937018 0.35857365 0.76025392
1563003718.96461201 -3.18088727 -59.04271333 -2.68076325 -0.45805205 -0.28298178 0.33828603 0.77179803
1563003719.09820604 -3.16551824 -58.97754247 -2.67111187 -0.46474918 -0.26491719 0.31630980 0.78343806
1563003719.23111010 -3.14459897 -58.90788182 -2.66200118 -0.47183810 -0.24564789 0.29210951 0.79479429
1563003719.33107495 -3.12814954 -58.85510685 -2.65411231 -0.47648050 -0.23124158 0.27454635 0.80256960
1563003719.49841189 -3.11282388 -58.79768861 -2.64650007 -0.48085884 -0.21642437 0.25627093 0.81009905
1563003720.53184199 -3.09394428 -58.71749013 -2.63482325 -0.48588631 -0.19702821 0.23220568 0.81925265
1563003720.86531591 -3.07610992 -58.65407682 -2.62399114 -0.48937827 -0.18202068 0.21403081 0.82557143
1563003721.09917808 -3.05764098 -58.59570748 -2.61423056 -0.49204239 -0.16719547 0.19713824 0.83131010
1563003721.29921293 -3.03288550 -58.53516210 -2.60503635 -0.49438679 -0.15158997 0.17863241 0.83707386
1563003721.49932599 -3.01130081 -58.46389006 -2.59289305 -0.49726752 -0.13442711 0.15553752 0.84288934
1563003721.69929194 -2.97819786 -58.37241648 -2.57983582 -0.49943040 -0.11644633 0.13144861 0.84836949
1563003721.93223095 -2.93305025 -58.25388570 -2.56100680 -0.50116580 -0.09439558 0.10208773 0.85410796
1563003722.13242698 -2.88858090 -58.14631535 -2.54322837 -0.50255749 -0.07395858 0.07593662 0.85802082
1563003722.33232188 -2.84039807 -58.02706758 -2.52597910 -0.50483815 -0.05282364 0.04938190 0.86017994
1563003722.53250504 -2.79071077 -57.90851279 -2.50599695 -0.50500176 -0.03252463 0.02515298 0.86213844
1563003722.73240089 -2.74913239 -57.77913299 -2.48539976 -0.50605422 -0.01838444 0.00794958 0.86226906
1563003723.86594701 -2.75270806 -57.50640174 -2.44993581 -0.50856265 -0.01915380 0.01310012 0.86071223
1563003724.90022993 -2.83108872 -57.40937435 -2.43448717 -0.50853278 -0.04470981 0.04275051 0.85881770
1563003725.80048990 -2.91373442 -57.11708127 -2.39466455 -0.50952355 -0.05883981 0.06332026 0.85610407
1563003726.36688304 -2.88285946 -56.81367089 -2.35251882 -0.50900657 -0.03709944 0.03520808 0.85924172
1563003726.83398008 -2.81357353 -56.50536026 -2.30538125 -0.50813067 -0.01152622 0.00388612 0.86119409
1563003727.33385992 -2.69742666 -56.13229218 -2.24731376 -0.50817088 0.02180646 -0.03620936 0.86021841
1563003727.86715698 -2.56726691 -55.68403649 -2.18088799 -0.50858853 0.04317697 -0.06473510 0.85748634
1563003728.13381791 -2.56618207 -55.44632637 -2.14873287 -0.51102071 0.03210447 -0.05022057 0.85749929
1563003728.36682701 -2.59297719 -55.23251631 -2.11666860 -0.51236651 0.01656676 -0.03265153 0.85798600
1563003728.63336492 -2.62198893 -55.00511954 -2.08598529 -0.51256505 0.00268750 -0.01440365 0.85852338
1563003729.06674099 -2.64190445 -54.71105914 -2.04710935 -0.51353606 -0.00657568 -0.00468098 0.85803005
1563003729.59970403 -2.59505852 -54.34093500 -1.99934085 -0.51406711 0.00484844 -0.01736362 0.85756050
1563003730.29884505 -2.55091117 -54.02993291 -1.96031862 -0.51561737 0.01722121 -0.03611053 0.85588445
1563003737.93573594 -2.54877994 -54.01515662 -1.95568609 -0.51623574 0.01804104 -0.03644324 0.85548061
1563003738.00264812 -2.57502126 -53.98596654 -1.97296542 -0.51335995 0.02056607 -0.03976829 0.85700472
1563003738.03598094 -2.60603624 -53.98878309 -1.97204019 -0.51386123 0.02265985 -0.04062004 0.85661145
1563003738.86955500 -2.60614676 -53.98840293 -1.97124616 -0.51384885 0.02261833 -0.04068639 0.85661683
1563003738.97107506 -2.65113754 -53.98560904 -1.96587189 -0.51369551 0.02815915 -0.04002127 0.85657591
1563003739.27185798 -2.78471462 -53.97763706 -1.94882042 -0.51454327 0.04485336 -0.04446848 0.85513505
1563003741.73966694 -2.78498702 -53.97629341 -1.94891858 -0.51423215 0.04495837 -0.04448494 0.85531581
1563003746.54248691 -2.75446002 -53.90201221 -1.93183855 -0.51407938 0.04989907 -0.05104770 0.85476699
1563003747.57671905 -2.61308980 -53.56970179 -1.87566914 -0.51400202 0.07482954 -0.08154681 0.85061894
1563003748.34391308 -2.50244504 -53.16827740 -1.82103648 -0.51236615 0.08361794 -0.09401035 0.84950045
1563003748.81125307 -2.43389426 -52.86534284 -1.78192020 -0.51205583 0.08406702 -0.08938840 0.85014192
1563003749.17786098 -2.40499410 -52.58859821 -1.74887082 -0.51444759 0.07370242 -0.07748241 0.85082790
1563003749.41154289 -2.40821971 -52.39530222 -1.72554028 -0.51596612 0.06387897 -0.06313122 0.85188784
1563003749.64505911 -2.41996484 -52.18761694 -1.69426710 -0.51737274 0.05182912 -0.04884251 0.85279165
1563003749.91180706 -2.43309208 -51.97025719 -1.66583660 -0.51703762 0.04228759 -0.03331412 0.85426813
1563003750.27818990 -2.45577372 -51.74157655 -1.63710261 -0.51837266 0.02997193 -0.01994493 0.85439667
1563003750.81176400 -2.48610252 -51.43741624 -1.58637302 -0.51719929 0.01763773 -0.00473575 0.85567013
1563003751.31206608 -2.54246416 -51.09010965 -1.54222794 -0.51903605 0.00412632 0.01324961 0.85463969
1563003751.71253896 -2.58862568 -50.80913931 -1.50141208 -0.52076902 -0.00924304 0.03067222 0.85309637
1563003752.04651690 -2.64587940 -50.52068857 -1.46492137 -0.52051800 -0.02165488 0.04428125 0.85242668
1563003752.51331210 -2.74787674 -50.11957993 -1.41714863 -0.51922778 -0.03855009 0.06517293 0.85127486
1563003752.91362190 -2.85247113 -49.79439705 -1.37828738 -0.51923826 -0.05298694 0.08068700 0.84916054
1563003753.28046203 -2.95026490 -49.49874201 -1.33739607 -0.51693714 -0.06591942 0.09453237 0.84823007
1563003753.64768100 -3.04311560 -49.19088798 -1.30464558 -0.51652789 -0.08146022 0.10840553 0.84546520
1563003754.04804611 -3.15080615 -48.86696878 -1.26750724 -0.51579671 -0.09293220 0.12233578 0.84282342
1563003754.51436591 -3.29443866 -48.51587191 -1.22315054 -0.51447598 -0.10211903 0.13724480 0.84026784
1563003755.04861093 -3.46311667 -48.08503428 -1.17439097 -0.51307170 -0.11152144 0.14455044 0.83870470
1563003755.48192191 -3.59869035 -47.71055324 -1.13004670 -0.51217193 -0.11122951 0.14842008 0.83861755
1563003755.84897089 -3.71164357 -47.39034977 -1.08632726 -0.51001972 -0.10957648 0.14832000 0.84016312
1563003756.24926901 -3.83148620 -47.02511513 -1.04762810 -0.51364645 -0.10665510 0.14771153 0.83843504
1563003756.68285799 -3.94913798 -46.61536447 -0.99928543 -0.51437227 -0.10269246 0.13755624 0.84021051
1563003757.11587906 -4.04051841 -46.18173668 -0.95291534 -0.51671466 -0.09075853 0.11848757 0.84304777
1563003757.44952703 -4.09429188 -45.84959139 -0.91602270 -0.51801192 -0.07791750 0.10060127 0.84585572
1563003757.81621194 -4.12939235 -45.47183622 -0.88235359 -0.52200980 -0.06582209 0.07884152 0.84673327
1563003758.18352199 -4.14727826 -45.10346343 -0.84886675 -0.52540927 -0.05050799 0.05968718 0.84724936
1563003758.54992795 -4.14242280 -44.77164746 -0.81166341 -0.52632653 -0.03624441 0.04335668 0.84840257
1563003758.94979000 -4.12808400 -44.40706374 -0.77414861 -0.52629379 -0.02414735 0.02729668 0.84952142
1563003759.31665897 -4.10964383 -44.10010439 -0.73951734 -0.52538764 -0.01414325 0.01420432 0.85062685
1563003759.68362594 -4.08706710 -43.83557942 -0.70510151 -0.52328039 -0.00760712 0.00335570 0.85212001
1563003760.01670504 -4.08026145 -43.58912504 -0.67907217 -0.52373239 -0.00552453 -0.00540008 0.85184782
1563003760.31703401 -4.06831429 -43.35465798 -0.65726947 -0.52628148 -0.00226814 -0.00881304 0.85026172
1563003760.55000806 -4.06247569 -43.18711507 -0.64555768 -0.52699942 0.00034421 -0.01019262 0.84980445
1563003760.81727600 -4.04817100 -43.00973663 -0.63025554 -0.52900898 0.00264711 -0.01342960 0.84850583
1563003761.18435907 -4.03367568 -42.76988425 -0.60666569 -0.52927752 0.00591526 -0.01641192 0.84826939
1563003761.48437095 -4.01480874 -42.56403421 -0.58340239 -0.52892232 0.00884601 -0.02020177 0.84838365
1563003761.78459811 -3.99340909 -42.34827825 -0.55984516 -0.52828860 0.01224641 -0.02258286 0.84867614
1563003762.08492088 -3.97010905 -42.12273225 -0.54044626 -0.52789755 0.01576826 -0.02598339 0.84876404
1563003762.38501501 -3.94245045 -41.89811283 -0.51791420 -0.52849400 0.01917439 -0.02954649 0.84820601
1563003762.68520999 -3.91724062 -41.66741445 -0.49724913 -0.52923555 0.02111254 -0.03232672 0.84759600
1563003762.98522210 -3.88851650 -41.43274451 -0.47504182 -0.52882812 0.02225410 -0.03408886 0.84775204
1563003763.05164504 -3.83227120 -41.37351559 -0.48876040 -0.52727954 0.01640123 -0.03553944 0.84878987
1563003763.31920409 -3.80025729 -41.16996818 -0.47040397 -0.52758036 0.01897965 -0.03719055 0.84847840
1563003763.85231090 -3.74721387 -40.73921038 -0.42720192 -0.52789061 0.02366543 -0.03875638 0.84809751
1563003764.28587794 -3.70117357 -40.36622349 -0.39152931 -0.52833589 0.02577066 -0.04181119 0.84761364
1563003764.75252008 -3.63862606 -39.94367230 -0.35138267 -0.52837131 0.02951325 -0.04698687 0.84719830
1563003765.21963692 -3.55560168 -39.50298615 -0.30654465 -0.52798344 0.03390071 -0.05734381 0.84663801
1563003765.65301704 -3.46512720 -39.09148252 -0.26585759 -0.52672831 0.04264603 -0.06850105 0.84619514
1563003766.12024212 -3.35520890 -38.64543847 -0.22092589 -0.52690433 0.05086342 -0.07723331 0.84487854
1563003766.55352998 -3.23755218 -38.24615780 -0.18197642 -0.52782982 0.05697359 -0.08539811 0.84312327
1563003767.05407596 -3.11140226 -37.77669992 -0.13487265 -0.52883778 0.06052267 -0.09070827 0.84168855
1563003767.55433989 -3.02606616 -37.28943922 -0.08581467 -0.52991301 0.05354196 -0.08083117 0.84249142
1563003768.15480900 -2.91888314 -36.71275451 -0.02998108 -0.52827664 0.04953144 -0.07508227 0.84429443
1563003768.72163701 -2.80921871 -36.15319603 0.01529955 -0.53118922 0.04241829 -0.07363840 0.84298048
1563003769.25493407 -2.72233272 -35.62270385 0.06481900 -0.53072623 0.04192500 -0.06939497 0.84365651
1563003769.78803611 -2.64729218 -35.10687015 0.11095175 -0.53072845 0.03900334 -0.06565232 0.84409468
1563003770.28765702 -2.58261825 -34.62607263 0.15640301 -0.53008704 0.03501351 -0.06378384 0.84481560
1563003770.68710303 -2.53089571 -34.25856342 0.18640977 -0.53089337 0.03305332 -0.06157467 0.84455211
1563003771.08647895 -2.48360631 -33.88940088 0.21812011 -0.53404383 0.03159510 -0.05941364 0.84277456
1563003771.45196295 -2.43213789 -33.55257918 0.24630965 -0.53600453 0.02915030 -0.05863374 0.84167184
1563003771.81883001 -2.37952994 -33.20792356 0.27473051 -0.53605341 0.02890034 -0.05813450 0.84168396
1563003772.18573594 -2.32946816 -32.85975213 0.30438088 -0.53526758 0.02953665 -0.06282869 0.84182466
1563003772.58602500 -2.25348294 -32.46340894 0.33578037 -0.53472143 0.03466389 -0.06675323 0.84167417
1563003773.01935911 -2.16161177 -32.04364421 0.36595482 -0.53403731 0.04183907 -0.07568278 0.84102661
1563003773.38629198 -2.07054602 -31.69771555 0.39423684 -0.53346575 0.05050285 -0.08671319 0.83984795
1563003773.65317988 -1.98998091 -31.45269597 0.41442753 -0.53240964 0.06049166 -0.09736004 0.83869050
1563003773.85318089 -1.91834120 -31.27742805 0.43214825 -0.53020476 0.07029601 -0.11145017 0.83756806
1563003774.01984811 -1.84426157 -31.14151044 0.44537705 -0.52879926 0.08080469 -0.12497352 0.83559773
1563003774.15344000 -1.78449410 -31.03321937 0.45536609 -0.52741902 0.08950990 -0.13595521 0.83386650
1563003774.28677392 -1.71967264 -30.93347905 0.46352743 -0.52618115 0.09743381 -0.14699676 0.83188461
1563003774.42010689 -1.65042705 -30.83502200 0.47322896 -0.52439017 0.10715774 -0.15988221 0.82943948
1563003774.55344105 -1.57797501 -30.73932590 0.48259453 -0.52267124 0.11701925 -0.17221863 0.82671761
1563003774.72035503 -1.48215736 -30.62254947 0.49495692 -0.52033582 0.13010640 -0.18781901 0.82282864
1563003774.88702202 -1.37741366 -30.50962359 0.50359545 -0.51788266 0.14235910 -0.20361557 0.81857934
1563003775.08726096 -1.26291717 -30.38973904 0.51475543 -0.51500005 0.15599455 -0.22109466 0.81336203
1563003775.32059407 -1.12809041 -30.26742671 0.52634262 -0.51118230 0.16978229 -0.24010433 0.80759924
1563003775.68749809 -0.92949092 -30.07881298 0.54352372 -0.50598048 0.18631006 -0.26460031 0.79953673
1563003776.15438199 -0.68363350 -29.83635733 0.56715798 -0.50206654 0.19687451 -0.27926884 0.79446745
1563003776.65465093 -0.51148232 -29.49237493 0.59641981 -0.50760935 0.17940261 -0.25510109 0.80316305
1563003777.05465198 -0.39960884 -29.17454501 0.62267566 -0.51492310 0.15752039 -0.22575235 0.81183582
1563003777.38821602 -0.32398188 -28.89899513 0.64439350 -0.51922806 0.13699947 -0.20055369 0.81939708
1563003777.68847203 -0.27203036 -28.64913036 0.66517777 -0.52247137 0.11915701 -0.17651876 0.82563091
1563003778.02180600 -0.22661785 -28.36166694 0.68465434 -0.52580373 0.09822777 -0.14913346 0.83164954
1563003778.35535192 -0.19819670 -28.06439754 0.70408474 -0.52987835 0.07651356 -0.12080184 0.83593153
1563003778.78885293 -0.18652487 -27.66349325 0.73094944 -0.53372938 0.05092273 -0.08708168 0.83961694
1563003779.25582409 -0.16494991 -27.23419906 0.76502329 -0.53474558 0.03520820 -0.06631495 0.84167088
1563003779.62272692 -0.09430145 -26.89572491 0.79467842 -0.53437563 0.03602062 -0.07256314 0.84135592
1563003780.05606198 0.00582245 -26.46555669 0.82995740 -0.53388353 0.04307884 -0.08334286 0.84033717
1563003780.45626211 0.10146010 -26.06898772 0.86373546 -0.53228345 0.05049370 -0.09325625 0.83989761
1563003780.88988900 0.22291895 -25.63863641 0.89602066 -0.53209007 0.05721978 -0.10155441 0.83862551
1563003781.32346010 0.34602335 -25.20619697 0.92437953 -0.53334900 0.06534495 -0.10723308 0.83652254
1563003781.69037795 0.45215958 -24.83603084 0.95028126 -0.53478447 0.06986961 -0.11289670 0.83449274
1563003782.02371192 0.55487354 -24.49529919 0.97362178 -0.53635568 0.07115659 -0.11496206 0.83309246
1563003782.29062700 0.62036963 -24.21814410 0.99303059 -0.53687279 0.07378565 -0.11566761 0.83243275
1563003782.52396107 0.67786105 -23.97755878 1.00985522 -0.53806661 0.07542821 -0.11584750 0.83148918
1563003782.79089308 0.75078382 -23.70281541 1.02496859 -0.53906359 0.07327647 -0.11559898 0.83107032
1563003782.99089289 0.79448124 -23.49707757 1.03740591 -0.53896778 0.07415562 -0.11759679 0.83077414
1563003783.22436500 0.85718858 -23.26486829 1.05250294 -0.53900850 0.07334750 -0.11622468 0.83101252
1563003783.42436600 0.90861948 -23.06456857 1.06619860 -0.53901863 0.07283814 -0.11556795 0.83114233
1563003783.65800691 0.96018473 -22.82304718 1.08261944 -0.53920107 0.07375732 -0.11698440 0.83074468
1563003783.89134002 1.01859908 -22.59165149 1.09930126 -0.53796668 0.07244794 -0.11590617 0.83181062
1563003784.12489700 1.06821499 -22.36649404 1.11664301 -0.53798943 0.07256629 -0.11629808 0.83173089
1563003784.35823107 1.12360177 -22.14806647 1.13444474 -0.53657340 0.07200177 -0.11482414 0.83289864
1563003784.65849710 1.19348866 -21.86344218 1.15755366 -0.53553000 0.07287157 -0.11427827 0.83356933
1563003784.99183106 1.29920290 -21.54379086 1.17984001 -0.53438166 0.07787441 -0.12090724 0.83291852
1563003785.22536898 1.38551611 -21.32329571 1.19502303 -0.53477270 0.08149268 -0.12633342 0.83151486
1563003785.49203610 1.46314725 -21.07190495 1.21088539 -0.53499482 0.08495335 -0.12880960 0.83064527
1563003785.79232693 1.52219954 -20.79147496 1.22925014 -0.53694510 0.07642889 -0.11751933 0.83188809
1563003786.05899405 1.53344364 -20.54306293 1.24316860 -0.53928666 0.05800719 -0.09385057 0.83486355
1563003786.25921202 1.51164856 -20.35640033 1.25471564 -0.54134745 0.03975983 -0.06954114 0.83697439
1563003786.49254608 1.48158337 -20.13961923 1.26599559 -0.54201102 0.02016584 -0.04418130 0.83896687
1563003786.79277611 1.45393187 -19.85800814 1.28257006 -0.54291069 0.00466109 -0.02331856 0.83945369
1563003787.15971303 1.44865930 -19.50265921 1.29900161 -0.54245008 -0.00108371 -0.01688643 0.83991760
1563003787.52638006 1.45575431 -19.15952486 1.31979989 -0.54235098 -0.00317267 -0.01571573 0.83999903
1563003787.85995603 1.46117058 -18.86076304 1.33983635 -0.54251110 -0.00433600 -0.01519541 0.83990000
1563003788.26020002 1.46221041 -18.54117738 1.36100603 -0.54278691 -0.00441591 -0.01402893 0.83974166
1563003788.66043210 1.45705566 -18.29280853 1.37536228 -0.54191235 -0.00788681 -0.01019440 0.84033617
1563003789.19396591 1.43009579 -18.00571047 1.39183662 -0.54186498 -0.01579511 -0.00013419 0.84031710
1563003789.62754393 1.41846376 -17.77563202 1.40517296 -0.54115541 -0.01912161 0.00464350 0.84069235
1563003790.09421206 1.46022023 -17.49251073 1.42190251 -0.54142428 -0.00356410 -0.01586088 0.84059234
1563003790.42786098 1.52075338 -17.26114131 1.43263970 -0.54139817 0.01145370 -0.03624514 0.83990662
1563003790.79475999 1.59345699 -16.97922106 1.45005148 -0.54092126 0.02693225 -0.05640166 0.83874770
1563003791.09476089 1.66693483 -16.73255988 1.46557731 -0.54040099 0.03886770 -0.07254878 0.83737252
1563003791.46168995 1.76765693 -16.41745006 1.48864720 -0.53987607 0.05140523 -0.09003934 0.83533481
1563003791.86189103 1.89558668 -16.07321117 1.51333239 -0.53690918 0.06307087 -0.10536132 0.83465537
1563003792.19541597 2.00515465 -15.78489671 1.53456688 -0.53503480 0.07100978 -0.11630102 0.83376822
1563003792.52874994 2.11738294 -15.48937297 1.55318264 -0.53431344 0.07835220 -0.12587462 0.83218127
1563003792.86232400 2.22832893 -15.19154343 1.57587298 -0.53405937 0.08489718 -0.13441504 0.83036477
1563003793.16262388 2.31606600 -14.92234052 1.59823287 -0.53438838 0.08992737 -0.14059023 0.82859913
1563003793.39595795 2.37781496 -14.71009384 1.61485773 -0.53535421 0.09165510 -0.14319913 0.82733864
1563003793.66276407 2.44371785 -14.46683373 1.63257714 -0.53694548 0.09311909 -0.14336997 0.82611346
1563003793.86276388 2.49171140 -14.28019291 1.64743703 -0.53844583 0.09390350 -0.14344865 0.82503376
1563003794.06276488 2.53986045 -14.09411322 1.65915012 -0.53952211 0.09375580 -0.14322460 0.82438611
1563003794.29636502 2.60852803 -13.87899865 1.67293950 -0.53952258 0.09078563 -0.13983728 0.82529927
1563003794.52969909 2.67165084 -13.66346212 1.68471433 -0.53909937 0.08808707 -0.13603236 0.82650332
1563003794.76327705 2.73401631 -13.44948595 1.69675042 -0.53862563 0.08403461 -0.13041613 0.82813782
1563003795.09661102 2.81693281 -13.13888275 1.71000273 -0.53962689 0.07715187 -0.11928352 0.82983243
1563003795.46357393 2.86099807 -12.77254528 1.74050397 -0.54204204 0.06814769 -0.10931642 0.83041931
1563003795.86375690 2.87246788 -12.34356497 1.76672811 -0.54532425 0.06123639 -0.09687216 0.83035375
1563003796.19742393 2.92299067 -12.01734004 1.77813985 -0.54648191 0.05212623 -0.08268286 0.83174751
1563003796.49742508 2.94120647 -11.72889732 1.79573777 -0.54810891 0.04425534 -0.07473952 0.83188466
1563003796.89765096 2.98944924 -11.32477519 1.80518563 -0.54829163 0.03470100 -0.06017248 0.83339751
1563003797.19780207 2.99693332 -11.02246474 1.82391835 -0.55031799 0.03177930 -0.05715939 0.83238993
1563003797.53113604 3.03039692 -10.68453598 1.83539518 -0.55095218 0.02682608 -0.05247053 0.83245354
1563003797.86478901 3.05018911 -10.33679596 1.86228710 -0.55201611 0.02876194 -0.05237281 0.83168988
1563003798.23168492 3.09307365 -9.95900679 1.87916963 -0.55305030 0.02911300 -0.05202971 0.83101186
1563003798.56501889 3.14025046 -9.61694266 1.88725432 -0.55371674 0.03040305 -0.05400831 0.83039540
1563003798.93193102 3.19884860 -9.24342535 1.90426448 -0.55367105 0.03327194 -0.05801246 0.83004572
1563003799.26551104 3.25432304 -8.90251100 1.91645356 -0.55298627 0.03678725 -0.06268642 0.83001404
1563003799.56551194 3.31339811 -8.60186939 1.92509251 -0.55304917 0.03930435 -0.06523075 0.82966061
1563003799.76706910 3.35219483 -8.39594067 1.93019461 -0.55311287 0.03997871 -0.06739028 0.82941329
1563003799.93501091 3.38445508 -8.22857682 1.93591040 -0.55279373 0.04086019 -0.06892390 0.82945707
1563003800.13594508 3.42562459 -8.02562226 1.94432525 -0.55281216 0.04280580 -0.07108442 0.82916427
1563003800.36991692 3.47367537 -7.78752761 1.95366637 -0.55248242 0.04513642 -0.07489012 0.82892542
1563003800.60378408 3.52692845 -7.55243169 1.96524379 -0.55152457 0.04676874 -0.07783520 0.82920143
1563003800.83751702 3.57814235 -7.31243128 1.97002899 -0.55158908 0.04892974 -0.08171967 0.82865992
1563003801.07114100 3.64996126 -7.05467689 1.98731838 -0.55097188 0.05153378 -0.08456757 0.82862693
1563003801.30497003 3.71814189 -6.81943017 2.00876379 -0.55104663 0.05231498 -0.08685296 0.82829181
1563003801.57183409 3.81868916 -6.54074944 2.04088637 -0.55176211 0.05383532 -0.08875514 0.82751608
1563003801.77225709 3.87452245 -6.33581820 2.04217875 -0.55138651 0.05522545 -0.09076286 0.82745705
1563003802.03902888 3.95267272 -6.07034897 2.05366166 -0.55262163 0.05410791 -0.09495768 0.82623526
1563003802.27282095 4.00620766 -5.83782995 2.06449153 -0.55273536 0.05637265 -0.09731222 0.82573366
1563003802.53954601 4.08147434 -5.58076259 2.07539900 -0.55283137 0.05768832 -0.09871239 0.82541226
1563003802.87346506 4.18036745 -5.26559044 2.07876238 -0.55322850 0.05943963 -0.10253394 0.82455560
1563003803.20707202 4.28787419 -4.96153339 2.09261621 -0.55404875 0.06018640 -0.10649278 0.82344816
1563003803.54039502 4.38059006 -4.64282312 2.09410857 -0.55446793 0.06330793 -0.11167191 0.82224498
1563003803.84068799 4.47247029 -4.35947461 2.09603241 -0.55526839 0.06579257 -0.11427455 0.82115144
1563003804.14066505 4.56182366 -4.07570604 2.09715516 -0.55470953 0.06799175 -0.11953976 0.82060021
1563003804.47425508 4.67063638 -3.77431594 2.10878124 -0.55442752 0.06994215 -0.12298717 0.82011730
1563003804.80792689 4.79868996 -3.46683511 2.12228001 -0.55378294 0.07378631 -0.13032601 0.81908191
1563003805.17491889 4.97951908 -3.14416777 2.14256550 -0.55204101 0.08515408 -0.14681550 0.81636065
1563003805.54167891 5.18924006 -2.84458658 2.14851569 -0.54689706 0.10712868 -0.17517142 0.81162924
1563003805.87549496 5.39917044 -2.59459737 2.15753591 -0.54256179 0.12820144 -0.20148492 0.80535391
1563003806.20916104 5.62896140 -2.35536907 2.17108409 -0.53760171 0.14772395 -0.22885001 0.79799105
1563003806.50918508 5.84678114 -2.15724050 2.17751564 -0.53133106 0.16615670 -0.25379634 0.79099095
1563003806.77607393 6.06541950 -1.99617129 2.19640277 -0.52759761 0.18344906 -0.27605357 0.78216471
1563003807.00937295 6.26353779 -1.86887917 2.21350764 -0.52434252 0.19884287 -0.29826309 0.77237657
1563003807.24283695 6.47643596 -1.75292755 2.22120465 -0.52028190 0.21344527 -0.32018687 0.76238325
1563003807.47617102 6.69247020 -1.65204284 2.23806155 -0.51423741 0.22953758 -0.34286597 0.75187454
1563003807.70967889 6.91568729 -1.56884023 2.24981515 -0.50675259 0.24584626 -0.36628737 0.74067199
1563003807.90959907 7.11039463 -1.51206872 2.26334747 -0.49943567 0.26018964 -0.38604411 0.73064034
1563003808.14277005 7.33803328 -1.45796827 2.27152673 -0.49103285 0.27594058 -0.41004251 0.71736230
1563003808.37626791 7.57746550 -1.41872228 2.27801165 -0.48262323 0.29165201 -0.43425526 0.70245020
1563003808.57621002 7.78322250 -1.40455880 2.28605908 -0.47508932 0.30547420 -0.45436658 0.68885896
